time;total distance traveled;distance to prev position;ray position;hmd position;distance to prev target;distance to current target
(-0.000000155, 3.535534000, 3.535534000);(-0.184890200, 1.873232000, 4.632150000);0,3777778;0,3111111

0;-0,09385093;0,09385093;(0.014546120, 3.477710000, 3.463058000);(-0.019250220, 1.642961000, -0.018710550);0,09385093;1,99522;;;0,01454612;3,47771;3,463058
0,01111111;-0,11751100;0,02366007;(0.010634980, 3.468223000, 3.484376000);(-0.019168630, 1.642899000, -0.018635810);0,08521114;1,974743;;;0,01063498;3,468223;3,484376
0,02222222;-0,11751100;0;(0.010634980, 3.468223000, 3.484376000);(-0.019145020, 1.642924000, -0.018674910);0,08521114;1,974743;;;0,01063498;3,468223;3,484376
0,03333334;-0,14868162;0,03117062;(0.005232349, 3.481887000, 3.511867000);(-0.019136390, 1.642894000, -0.018655120);0,05886829;1,969506;;;0,005232349;3,481887;3,511867
0,04444445;-0,16929339;0,02061177;(0.003014363, 3.499542000, 3.522271000);(-0.019155950, 1.642869000, -0.018627110);0,03847648;1,977883;;;0,003014363;3,499542;3,522271
0,05555556;-0,18591335;0,01661996;(0.001209706, 3.513721000, 3.530750000);(-0.019167590, 1.642888000, -0.018599750);0,02236357;1,984671;;;0,001209706;3,513721;3,53075
0,06666667;-0,19926666;0,01335331;(-0.000517823, 3.523991000, 3.539108000);(-0.019284850, 1.642987000, -0.018452340);0,01209441;1,988401;;;-0,0005178228;3,523991;3,539108
0,07777778;-0,205876788;0,006610128;(0.000494391, 3.527379000, 3.533523000);(-0.019204500, 1.642967000, -0.018289500);0,008413902;1,99438;;;0,0004943907;3,527379;3,533523
0,08888889;-0,192378628;0,01349816;(0.003011756, 3.527167000, 3.520263000);(-0.019136060, 1.643058000, -0.018197420);0,01767107;2,001774;;;0,003011756;3,527167;3,520263
0,1;-0,186375287;0,006003341;(0.004124656, 3.526005000, 3.514480000);(-0.019097560, 1.643026000, -0.018129880);0,02347533;2,004139;;;0,004124656;3,526005;3,51448
0,1111111;-0,202724397;0,01634911;(0.001245253, 3.532542000, 3.529186000);(-0.019080490, 1.643007000, -0.018043460);0,007127409;2,001121;;;0,001245253;3,532542;3,529186
0,1222222;-0,186638707;0,01608569;(-0.001485273, 3.540286000, 3.543018000);(-0.019047230, 1.642959000, -0.017915010);0,008988784;1,999729;;;-0,001485273;3,540286;3,543018
0,1333333;-0,170689237;0,01594947;(-0.004388653, 3.544968000, 3.557986000);(-0.019031840, 1.642942000, -0.017830430);0,02474553;1,995272;;;-0,004388653;3,544968;3,557986
0,1444445;-0,162284825;0,008404412;(-0.005825505, 3.548896000, 3.565275000);(-0.019081700, 1.642893000, -0.017773980);0,03312151;1,994526;;;-0,005825505;3,548896;3,565275
0,1555556;-0,150733655;0,01155117;(-0.007449880, 3.557102000, 3.573241000);(-0.019085320, 1.642835000, -0.017686480);0,04407376;1,997046;;;-0,00744988;3,557102;3,573241
0,1666667;-0,133025565;0,01770809;(-0.010134470, 3.568450000, 3.586567000);(-0.019127450, 1.642776000, -0.017602620);0,06156762;1,999387;;;-0,01013447;3,56845;3,586567
0,1777778;-0,120850075;0,01217549;(-0.011953320, 3.576438000, 3.595574000);(-0.019159190, 1.642743000, -0.017484780);0,07362661;2,001326;;;-0,01195332;3,576438;3,595574
0,1888889;-0,132875935;0,01202586;(-0.009943396, 3.570310000, 3.585424000);(-0.019217720, 1.642703000, -0.017389060);0,06162199;2,001578;;;-0,009943396;3,57031;3,585424
0,2;-0,143942915;0,01106698;(-0.008014657, 3.565598000, 3.575598000);(-0.019068510, 1.642632000, -0.017319380);0,05072677;2,002921;;;-0,008014657;3,565598;3,575598
0,2111111;-0,169311135;0,02536822;(-0.003608115, 3.554603000, 3.553165000);(-0.019092270, 1.642599000, -0.017224370);0,02622017;2,006011;;;-0,003608115;3,554603;3,553165
0,2222222;-0,188452755;0,01914162;(-0.000209332, 3.547371000, 3.535771000);(-0.019234880, 1.642634000, -0.017030420);0,01184123;2,0097;;;-0,0002093315;3,547371;3,535771
0,2333333;-0,162233865;0,02621889;(0.004436679, 3.537316000, 3.512007000);(-0.019248740, 1.642571000, -0.016960680);0,02400832;2,01488;;;0,004436679;3,537316;3,512007
0,2444444;-0,151016805;0,01121706;(0.005703442, 3.527919000, 3.506014000);(-0.019288390, 1.642453000, -0.016844870);0,03101514;2,010596;;;0,005703442;3,527919;3,506014
0,2555556;-0,142111664;0,008905141;(0.006838404, 3.520990000, 3.500536000);(-0.019352140, 1.642398000, -0.016800100);0,03851151;2,008088;;;0,006838404;3,52099;3,500536
0,2666667;-0,143740763;0,001629099;(0.006712221, 3.519560000, 3.501306000);(-0.019394910, 1.642314000, -0.016693650);0,03836348;2,006469;;;0,006712221;3,51956;3,501306
0,2777778;-0,164780763;0,02104;(0.002959162, 3.527228000, 3.520536000);(-0.019379290, 1.642250000, -0.016588750);0,01739745;2,001668;;;0,002959162;3,527228;3,520536
0,2888889;-0,192830113;0,02804935;(-0.001988634, 3.538330000, 3.545815000);(-0.019384450, 1.642082000, -0.016467750);0,0108389;1,996529;;;-0,001988634;3,53833;3,545815
0,3;-0,182066593;0,01076352;(-0.003896989, 3.542441000, 3.555578000);(-0.019383540, 1.641872000, -0.016333280);0,02155606;1,994499;;;-0,003896989;3,542441;3,555578
0,3111111;-0,175989408;0,006077185;(-0.004977070, 3.540991000, 3.561380000);(-0.019303250, 1.641585000, -0.016156730);0,02688059;1,99006;;;-0,00497707;3,540991;3,56138
0,3222222;-0,165888188;0,01010122;(-0.006855212, 3.540745000, 3.571302000);(-0.019126730, 1.641344000, -0.016085090);0,03678991;1,984362;;;-0,006855212;3,540745;3,571302
0,3333333;-0,146271248;0,01961694;(-0.009797789, 3.530215000, 3.587590000);(-0.019024910, 1.641094000, -0.015879570);0,053236;1,966559;;;-0,009797789;3,530215;3,58759
0,3444445;-0,136965911;0,009305337;(-0.010143010, 3.521252000, 3.590066000);(-0.019003320, 1.640814000, -0.015595020);0,05727656;1,957663;;;-0,01014301;3,521252;3,590066
0,3555556;-0,159127741;0,02216183;(-0.007988624, 3.501551000, 3.580147000);(-0.018855040, 1.640504000, -0.015426040);0,05664743;1,946645;;;-0,007988624;3,501551;3,580147
0,3666667;-0,144226281;0,01490146;(-0.008450553, 3.487073000, 3.583642000);(-0.018701500, 1.640177000, -0.015156570);0,06880581;1,93261;;;-0,008450553;3,487073;3,583642
0,3777778;-0,119369721;0,02485656;(-0.011460610, 3.469353000, 3.600811000);(-0.018628880, 1.639601000, -0.014954980);0,09366104;1,908229;;;-0,01146061;3,469353;3,600811
0,3888889;-0,088459721;0,03091;(-0.014256740, 3.443455000, 3.617451000);(-0.018473290, 1.639222000, -0.014692010);0,1240656;1,877319;;;-0,01425674;3,443455;3,617451
0,4;-0,052978271;0,03548145;(-0.013817450, 3.407977000, 3.617730000);(-0.018096200, 1.638838000, -0.014422360);0,1523741;1,847635;;;-0,01381745;3,407977;3,61773
0,4111111;-0,016159021;0,03681925;(-0.014170450, 3.371440000, 3.622265000);(-0.017887660, 1.638386000, -0.014158550);0,186145;1,814839;;;-0,01417045;3,37144;3,622265
0,4222222;0,019321949;0,03548097;(-0.017698270, 3.342837000, 3.642962000);(-0.017679890, 1.637972000, -0.013826850);0,2213278;1,779378;;;-0,01769827;3,342837;3,642962
0,4333333;0,064559119;0,04523717;(-0.024933430, 3.322307000, 3.682617000);(-0.017386170, 1.637537000, -0.013577940);0,2602325;1,739832;;;-0,02493343;3,322307;3,682617
0,4444444;0,126586159;0,06202704;(-0.036028290, 3.308742000, 3.742117000);(-0.017106430, 1.637146000, -0.013302680);0,308884;1,695584;;;-0,03602829;3,308742;3,742117
0,4555556;0,177605339;0,05101918;(-0.044352540, 3.287163000, 3.787592000);(-0.016724960, 1.636638000, -0.012939210);0,3566355;1,652945;;;-0,04435254;3,287163;3,787592
0,4666667;0,222517159;0,04491182;(-0.048670170, 3.250415000, 3.813049000);(-0.016449750, 1.636147000, -0.012647810);0,4008443;1,60814;;;-0,04867017;3,250415;3,813049
0,4777778;0,271615739;0,04909858;(-0.052416470, 3.207157000, 3.835970000);(-0.016284560, 1.635736000, -0.012400210);0,4481526;1,559105;;;-0,05241647;3,207157;3,83597
0,4888889;0,340078319;0,06846258;(-0.051846900, 3.138726000, 3.837973000);(-0.016082680, 1.635195000, -0.012024520);0,5016114;1,499964;;;-0,0518469;3,138726;3,837973
0,5;0,423113769;0,08303545;(-0.045031630, 3.061719000, 3.807668000);(-0.016082680, 1.635195000, -0.012024520);0,5482565;1,453215;;;-0,04503163;3,061719;3,807668
0,5111111;0,423113769;0;(-0.045031630, 3.061719000, 3.807668000);(-0.015894340, 1.634779000, -0.011683880);0,5482565;1,453215;;;-0,04503163;3,061719;3,807668
0,5222223;0,487954089;0,06484032;(-0.041901040, 2.998048000, 3.795818000);(-0.015748100, 1.634298000, -0.011456790);0,5986608;1,408938;;;-0,04190104;2,998048;3,795818
0,5333334;0,540816319;0,05286223;(-0.043581910, 2.946741000, 3.808436000);(-0.015637880, 1.633769000, -0.011280060);0,6504242;1,360476;;;-0,04358191;2,946741;3,808436
0,5444446;0,605207789;0,06439147;(-0.052666910, 2.908142000, 3.859169000);(-0.015440780, 1.633338000, -0.011036750);0,7079082;1,298469;;;-0,05266691;2,908142;3,859169
0,5555557;0,692155229;0,08694744;(-0.068209800, 2.888952000, 3.942536000);(-0.015270440, 1.632873000, -0.010776580);0,7670532;1,233235;;;-0,0682098;2,888952;3,942536
0,5666668;0,764760909;0,07260568;(-0.080353060, 2.861366000, 4.008590000);(-0.014903590, 1.632456000, -0.010581550);0,8274906;1,1731;;;-0,08035306;2,861366;4,00859
0,577778;0,838780089;0,07401918;(-0.092288400, 2.828682000, 4.073921000);(-0.014764300, 1.631994000, -0.010334490);0,8933181;1,110441;;;-0,0922884;2,828682;4,073921
0,5888891;0,905908429;0,06712834;(-0.095819720, 2.765798000, 4.097144000);(-0.014622620, 1.631586000, -0.010072590);0,9576434;1,044432;;;-0,09581972;2,765798;4,097144
0,6000003;0,974006859;0,06809843;(-0.098115960, 2.699878000, 4.114076000);(-0.014708180, 1.631335000, -0.009682476);1,021106;0,9794252;;;-0,09811596;2,699878;4,114076
0,6111114;1,037065889;0,06305903;(-0.098117470, 2.636987000, 4.118686000);(-0.014605670, 1.631081000, -0.009431898);1,075676;0,9243902;;;-0,09811747;2,636987;4,118686
0,6222225;1,101035219;0,06396933;(-0.095128390, 2.574070000, 4.107526000);(-0.014435000, 1.630660000, -0.009146868);1,122781;0,8800346;;;-0,09512839;2,57407;4,107526
0,6333337;1,153361369;0,05232615;(-0.100905000, 2.534190000, 4.140907000);(-0.014476720, 1.630297000, -0.009099065);1,174456;0,8277916;;;-0,100905;2,53419;4,140907
0,6444448;1,215872339;0,06251097;(-0.110363400, 2.501262000, 4.193193000);(-0.014370610, 1.629883000, -0.008838831);1,230615;0,7698432;;;-0,1103634;2,501262;4,193193
0,655556;1,268817949;0,05294561;(-0.116698500, 2.463145000, 4.229390000);(-0.014210990, 1.629458000, -0.008622109);1,282604;0,7175393;;;-0,1166985;2,463145;4,22939
0,6666671;1,321073029;0,05225508;(-0.120662000, 2.417040000, 4.253664000);(-0.014063520, 1.628999000, -0.008360802);1,334653;0,6656604;;;-0,120662;2,41704;4,253664
0,6777782;1,380907199;0,05983417;(-0.118799200, 2.357485000, 4.248198000);(-0.014055250, 1.628657000, -0.008145749);1,381956;0,6215211;;;-0,1187992;2,357485;4,248198
0,6888894;1,444510259;0,06360306;(-0.115667900, 2.295093000, 4.236251000);(-0.013896410, 1.628334000, -0.007902204);1,429363;0,5826612;;;-0,1156679;2,295093;4,236251
0,7000005;1,496364639;0,05185438;(-0.115322800, 2.243277000, 4.238222000);(-0.013856220, 1.628030000, -0.007637083);1,475466;0,544933;;;-0,1153228;2,243277;4,238222
0,7111117;1,542760319;0,04639568;(-0.120802500, 2.209532000, 4.269588000);(-0.013764960, 1.627703000, -0.007396995);1,520431;0,4986543;;;-0,1208025;2,209532;4,269588
0,7222228;1,587751279;0,04499096;(-0.123583000, 2.168255000, 4.287271000);(-0.013636310, 1.627322000, -0.007128655);1,565194;0,4579726;;;-0,123583;2,168255;4,287271
0,7333339;1,624890489;0,03713921;(-0.125189400, 2.132838000, 4.298333000);(-0.013664070, 1.627051000, -0.006818353);1,60159;0,4270753;;;-0,1251894;2,132838;4,298333
0,7444451;1,663094679;0,03820419;(-0.128412900, 2.100081000, 4.317728000);(-0.013498840, 1.626722000, -0.006324171);1,639769;0,3918056;;;-0,1284129;2,100081;4,317728
0,7555562;1,708715789;0,04562111;(-0.134358400, 2.069767000, 4.351299000);(-0.013350760, 1.626537000, -0.005948185);1,682853;0,3464925;;;-0,1343584;2,069767;4,351299
0,7666674;1,760799789;0,052084;(-0.141835900, 2.039406000, 4.392952000);(-0.013129970, 1.626380000, -0.005609750);1,730226;0,2944198;;;-0,1418359;2,039406;4,392952
0,7777785;1,812338659;0,05153887;(-0.149520700, 2.011393000, 4.435525000);(-0.012976320, 1.626138000, -0.005190550);1,77633;0,2429006;;;-0,1495207;2,011393;4,435525
0,7888896;1,862390929;0,05005227;(-0.156787300, 1.982772000, 4.475939000);(-0.012733250, 1.625988000, -0.004855393);1,82209;0,1928488;;;-0,1567873;1,982772;4,475939
0,8000008;1,907909489;0,04551856;(-0.163027100, 1.954330000, 4.510925000);(-0.012602300, 1.625809000, -0.004465877);1,864986;0,1474797;;;-0,1630271;1,95433;4,510925
0,8111119;1,938896339;0,03098685;(-0.166914000, 1.932922000, 4.532988000);(-0.012444420, 1.625642000, -0.004104673);1,895031;0,1171285;;;-0,166914;1,932922;4,532988
0,8222231;1,966214279;0,02731794;(-0.170127100, 1.912989000, 4.551391000);(-0.012294710, 1.625465000, -0.003719150);1,921863;0,09121775;;;-0,1701271;1,912989;4,551391
0,8333342;1,981049009;0,01483473;(-0.168391300, 1.900790000, 4.543130000);(-0.012075560, 1.625124000, -0.003445386);1,927691;0,09463755;;;-0,1683913;1,90079;4,54313
0,8444453;1,985996353;0,004947344;(-0.169227200, 1.899007000, 4.547668000);(-0.012071600, 1.624947000, -0.002969622);1,93165;0,08970419;;;-0,1692272;1,899007;4,547668
0,8555565;2,005102303;0,01910595;(-0.172753800, 1.897433000, 4.566380000);(-0.011854750, 1.624745000, -0.002602039);1,943158;0,07112443;;;-0,1727538;1,897433;4,56638
0,8666676;2,044593613;0,03949131;(-0.179824400, 1.888920000, 4.604289000);(-0.011659070, 1.624564000, -0.002236842);1,971272;0,03237289;;;-0,1798244;1,88892;4,604289
0,8777788;2,087092923;0,04249931;(-0.187652000, 1.884860000, 4.645864000);(-0.011489230, 1.624447000, -0.001867532);1,998192;0,01819029;;;-0,187652;1,88486;4,645864
0,8888899;2,109449403;0,02235648;(-0.191522600, 1.877976000, 4.666779000);(-0.011200700, 1.624123000, -0.001371144);2,01591;0,03557548;;;-0,1915226;1,877976;4,666779
0,900001;2,091784563;0,01766484;(-0.188607500, 1.868603000, 4.652092000);(-0.011013630, 1.623920000, -0.001060068);2,015175;0,02080626;;;-0,1886075;1,868603;4,652092
0,9111122;2,052506573;0,03927799;(-0.181369600, 1.859412000, 4.614596000);(-0.010914620, 1.623766000, -0.000575542);2,001663;0,0226172;;;-0,1813696;1,859412;4,614596
0,9222233;2,067041383;0,01453481;(-0.179074100, 1.850790000, 4.603122000);(-0.010745630, 1.623551000, -0.000298499);2,002542;0,03714979;;;-0,1790741;1,85079;4,603122
0,9333345;2,083864923;0,01682354;(-0.176905400, 1.837815000, 4.592636000);(-0.010541160, 1.623282000, -0.000031530);2,007738;0,0536616;;;-0,1769054;1,837815;4,592636
0,9444456;2,059220753;0,02464417;(-0.172407200, 1.830866000, 4.569423000);(-0.010432480, 1.623119000, 0.000358404);2,001136;0,07671641;;;-0,1724072;1,830866;4,569423
0,9555568;2,034086593;0,02513416;(-0.167720100, 1.830507000, 4.544733000);(-0.010077830, 1.622978000, 0.000494243);1,988399;0,09880351;;;-0,1677201;1,830507;4,544733
0,9666679;2,022124313;0,01196228;(-0.165527600, 1.831966000, 4.533064000);(-0.009857297, 1.622793000, 0.000727297);1,981062;0,1090682;;;-0,1655276;1,831966;4,533064
0,977779;2,010525613;0,0115987;(-0.167105900, 1.840497000, 4.540762000);(-0.009715870, 1.622683000, 0.001106859);1,977766;0,0986894;;;-0,1671059;1,840497;4,540762
0,9888902;2,025545643;0,01502003;(-0.169865300, 1.844265000, 4.555038000);(-0.009447336, 1.622616000, 0.001336456);1,982078;0,08373264;;;-0,1698653;1,844265;4,555038
1,000001;2,073827663;0,04828202;(-0.178878700, 1.849369000, 4.602196000);(-0.009251148, 1.622507000, 0.001421870);2,003227;0,03876656;;;-0,1788787;1,849369;4,602196
1,011112;2,115838463;0,0420108;(-0.186725900, 1.852712000, 4.643332000);(-0.009146318, 1.622116000, 0.001622141);2,023356;0,0234405;;;-0,1867259;1,852712;4,643332
1,022224;2,130869533;0,01503107;(-0.189514700, 1.855513000, 4.657834000);(-0.008963943, 1.621970000, 0.001860560);2,029271;0,03154329;;;-0,1895147;1,855513;4,657834
1,033335;2,166762833;0,0358933;(-0.196215900, 1.856924000, 4.693068000);(-0.008822978, 1.621823000, 0.002028705);2,048442;0,06407149;;;-0,1962159;1,856924;4,693068
