time;total distance traveled;distance to prev position;ray position;hmd position;distance to prev target;distance to current target
(3.195173000, 2.293489000, 3.751501000);(2.090207000, 0.779917100, 4.450176000);0,3;0,2888889
True

0;-0,006158783;0,006158783;(3.181062000, 2.295094000, 3.760328000);(0.015732090, 1.610540000, -0.016899230);0,01672262;1,990381;;;3,181062;2,295094;3,760328
0,01111111;-0,029647883;0,0234891;(3.197055000, 2.281060000, 3.750379000);(0.015732090, 1.610540000, -0.016899230);0,01262059;1,992049;;;3,197055;2,28106;3,750379
0,02222222;-0,029647883;0;(3.197055000, 2.281060000, 3.750379000);(0.015732090, 1.610540000, -0.016899230);0,01262059;1,992049;;;3,197055;2,28106;3,750379
0,03333334;-0,029647883;0;(3.197055000, 2.281060000, 3.750379000);(0.015785140, 1.610546000, -0.016696040);0,01262059;1,992049;;;3,197055;2,28106;3,750379
0,04444445;-0,013648833;0,01599905;(3.210584000, 2.279938000, 3.741913000);(0.015758110, 1.610448000, -0.016610210);0,02265048;2,001736;;;3,210584;2,279938;3,741913
0,05555556;-0,008873993;0,00477484;(3.214391000, 2.281549000, 3.739522000);(0.015758110, 1.610448000, -0.016610210);0,02559933;2,005921;;;3,214391;2,281549;3,739522
0,06666667;-0,008873993;0;(3.214391000, 2.281549000, 3.739522000);(0.015792830, 1.610467000, -0.016532130);0,02559933;2,005921;;;3,214391;2,281549;3,739522
0,07777778;-0,014121570;0,005247577;(3.211944000, 2.285939000, 3.741035000);(0.015821650, 1.610467000, -0.016274580);0,02116135;2,007306;;;3,211944;2,285939;3,741035
0,08888889;-0,032387990;0,01826642;(3.203304000, 2.301120000, 3.746375000);(0.015755000, 1.610374000, -0.016154170);0,01227236;2,012058;;;3,203304;2,30112;3,746375
0,1;-0,026969147;0,005418843;(3.201191000, 2.305938000, 3.747676000);(0.015791370, 1.610369000, -0.015961710);0,0143463;2,014083;;;3,201191;2,305938;3,747676
0,1111111;-0,031341548;0,004372401;(3.197540000, 2.306698000, 3.749959000);(0.015749310, 1.610343000, -0.015801430);0,01350821;2,011853;;;3,19754;2,306698;3,749959
0,1222222;-0,038783407;0,007441859;(3.196242000, 2.299419000, 3.750804000);(0.015788820, 1.610352000, -0.015700520);0,006066355;2,005324;;;3,196242;2,299419;3,750804
0,1333333;-0,027496027;0,01128738;(3.199052000, 2.288622000, 3.749094000);(0.015812720, 1.610333000, -0.015602470);0,006672516;1,999311;;;3,199052;2,288622;3,749094
0,1444445;-0,015412857;0,01208317;(3.205655000, 2.279367000, 3.745001000);(0.015821740, 1.610314000, -0.015511930);0,01874918;1,997461;;;3,205655;2,279367;3,745001
0,1555556;-0,005095417;0,01031744;(3.211364000, 2.271535000, 3.741463000);(0.015821740, 1.610314000, -0.015511930);0,02906634;1,996044;;;3,211364;2,271535;3,741463
0,1666667;-0,005095417;0;(3.211364000, 2.271535000, 3.741463000);(0.015853290, 1.610221000, -0.015548950);0,02906634;1,996044;;;3,211364;2,271535;3,741463
0,1777778;-0,001289343;0,003806074;(3.212313000, 2.267895000, 3.740885000);(0.015954780, 1.610151000, -0.015361070);0,03258086;1,994065;;;3,212313;2,267895;3,740885
0,1888889;-0,014548243;0,0132589;(3.205406000, 2.278373000, 3.745162000);(0.016128970, 1.610124000, -0.015366020);0,01932263;1,996518;;;3,205406;2,278373;3,745162
0,2;-0,028140243;0,013592;(3.201624000, 2.291223000, 3.747472000);(0.016182410, 1.610068000, -0.015320360);0,00793604;2,003269;;;3,201624;2,291223;3,747472
0,2111111;-0,030384495;0,002244252;(3.199795000, 2.291846000, 3.748614000);(0.016192910, 1.609989000, -0.015228930);0,005691892;2,002325;;;3,199795;2,291846;3,748614
0,2222222;-0,025553698;0,004830797;(3.197177000, 2.288139000, 3.750269000);(0.016133980, 1.609870000, -0.015045770);0,005844108;1,997495;;;3,197177;2,288139;3,750269
0,2333333;-0,021914477;0,003639221;(3.195307000, 2.285251000, 3.751454000);(0.016116590, 1.609767000, -0.014854550);0,008239292;1,993863;;;3,195307;2,285251;3,751454
0,2444444;-0,014067383;0,007847094;(3.196124000, 2.277461000, 3.750977000);(0.016095590, 1.609656000, -0.014729680);0,01606463;1,98861;;;3,196124;2,277461;3,750977
0,2555556;-0,006068924;0,007998459;(3.193960000, 2.269887000, 3.752367000);(0.016258750, 1.609564000, -0.014648800);0,02364859;1,981217;;;3,19396;2,269887;3,752367
0,2666667;0,003326211;0,009395135;(3.190046000, 2.261716000, 3.754854000);(0.016218140, 1.609518000, -0.014527740);0,03235789;1,972016;;;3,190046;2,261716;3,754854
0,2777778;0,017615501;0,01428929;(3.182545000, 2.250519000, 3.759601000);(0.016239610, 1.609348000, -0.014330690);0,04551387;1,957745;;;3,182545;2,250519;3,759601
0,2888889;0,035697381;0,01808188;(3.172799000, 2.236592000, 3.765766000);(0.016161750, 1.609154000, -0.014077250);0,06278045;1,939671;;;3,172799;2,236592;3,765766
0,3;0,048487241;0,01278986;(3.164904000, 2.227849000, 3.770749000);(0.016210030, 1.608989000, -0.013964900);0,07480126;1,926942;;;3,164904;2,227849;3,770749
0,3111111;0,064490831;0,01600359;(3.152865000, 2.220510000, 3.778320000);(0.016304220, 1.608816000, -0.013839730);0,0885159;1,912052;;;3,152865;2,22051;3,77832
0,3222222;0,083339061;0,01884823;(3.137892000, 2.213982000, 3.787724000);(0.016401310, 1.608641000, -0.013709130);0,1044731;1,895529;;;3,137892;2,213982;3,787724
0,3333333;0,102339411;0,01900035;(3.123224000, 2.206181000, 3.796943000);(0.016551720, 1.608389000, -0.013572760);0,1219199;1,878314;;;3,123224;2,206181;3,796943
0,3444445;0,123511271;0,02117186;(3.108030000, 2.194958000, 3.806507000);(0.016782660, 1.608115000, -0.013374150);0,1425758;1,858122;;;3,10803;2,194958;3,806507
0,3555556;0,164216811;0,04070554;(3.088032000, 2.161846000, 3.819178000);(0.016982080, 1.607932000, -0.013274610);0,1827279;1,817564;;;3,088032;2,161846;3,819178
0,3666667;0,208361891;0,04414508;(3.069858000, 2.123310000, 3.830731000);(0.017276960, 1.607723000, -0.013239090);0,2257042;1,774298;;;3,069858;2,12331;3,830731
0,3777778;0,249358221;0,04099633;(3.049447000, 2.090189000, 3.843660000);(0.017430680, 1.607452000, -0.013134360);0,266571;1,733441;;;3,049447;2,090189;3,84366
0,3888889;0,299582511;0,05022429;(3.021262000, 2.052631000, 3.861477000);(0.017555010, 1.607059000, -0.012967950);0,3167845;1,683221;;;3,021262;2,052631;3,861477
0,4;0,345762621;0,04618011;(2.992662000, 2.021185000, 3.879526000);(0.017744600, 1.606675000, -0.012960020);0,3626994;1,637319;;;2,992662;2,021185;3,879526
0,4111111;0,400165491;0,05440287;(2.955112000, 1.989717000, 3.903179000);(0.017952760, 1.606229000, -0.013026540);0,415828;1,584577;;;2,955112;1,989717;3,903179
0,4222222;0,448664851;0,04849936;(2.922317000, 1.960569000, 3.923844000);(0.018310220, 1.605879000, -0.013194920);0,4636686;1,537326;;;2,922317;1,960569;3,923844
0,4333333;0,496290161;0,04762531;(2.888235000, 1.935146000, 3.945298000);(0.018605100, 1.605580000, -0.013239330);0,5100766;1,492081;;;2,888235;1,935146;3,945298
0,4444444;0,546505521;0,05021536;(2.851419000, 1.910053000, 3.968462000);(0.018882530, 1.605389000, -0.013250650);0,5588039;1,445234;;;2,851419;1,910053;3,968462
0,4555556;0,619427571;0,07292205;(2.804172000, 1.863174000, 3.998256000);(0.019284980, 1.605301000, -0.013020460);0,6316175;1,373836;;;2,804172;1,863174;3,998256
0,4666667;0,683655871;0,0642283;(2.767098000, 1.816248000, 4.021680000);(0.019483010, 1.605189000, -0.012919550);0,6957042;1,309875;;;2,767098;1,816248;4,02168
0,4777778;0,751724761;0,06806889;(2.731681000, 1.762615000, 4.044097000);(0.019714210, 1.605096000, -0.012831160);0,7630628;1,241807;;;2,731681;1,762615;4,044097
0,4888889;0,828301481;0,07657672;(2.709218000, 1.690835000, 4.058487000);(0.020016860, 1.604858000, -0.012806780);0,8328172;1,168917;;;2,709218;1,690835;4,058487
0,5;0,899194041;0,07089256;(2.686433000, 1.625303000, 4.073050000);(0.020222230, 1.604619000, -0.012727860);0,8992682;1,101084;;;2,686433;1,625303;4,07305
0,5111111;0,964920951;0,06572691;(2.664552000, 1.564920000, 4.087022000);(0.020458920, 1.604403000, -0.012656870);0,9617409;1,03826;;;2,664552;1,56492;4,087022
0,5222223;1,019117081;0,05419613;(2.629803000, 1.529573000, 4.108939000);(0.020699590, 1.604174000, -0.012594760);1,015368;0,9846786;;;2,629803;1,529573;4,108939
0,5333334;1,074777551;0,05566047;(2.586728000, 1.506996000, 4.136010000);(0.020980190, 1.604009000, -0.012413030);1,066126;0,934814;;;2,586728;1,506996;4,13601
0,5444446;1,131814151;0,0570366;(2.543176000, 1.482363000, 4.163390000);(0.020980190, 1.604009000, -0.012413030);1,119231;0,8836617;;;2,543176;1,482363;4,16339
0,5555557;1,131814151;0;(2.543176000, 1.482363000, 4.163390000);(0.021080060, 1.603925000, -0.012249240);1,119231;0,8836617;;;2,543176;1,482363;4,16339
0,5666668;1,193929151;0,062115;(2.492453000, 1.465865000, 4.195222000);(0.021281750, 1.603794000, -0.012093130);1,172887;0,8350621;;;2,492453;1,465865;4,195222
0,577778;1,256084671;0,06215552;(2.449638000, 1.429771000, 4.222192000);(0.021482910, 1.603680000, -0.011811260);1,234253;0,7768385;;;2,449638;1,429771;4,222192
0,5888891;1,314581551;0,05849688;(2.414779000, 1.388272000, 4.244205000);(0.021881910, 1.603206000, -0.011169910);1,292745;0,71963;;;2,414779;1,388272;4,244205
0,6000003;1,458675651;0,1440941;(2.380125000, 1.250200000, 4.266528000);(0.022043820, 1.603013000, -0.010876000);1,420566;0,5821902;;;2,380125;1,2502;4,266528
0,6111114;1,529121471;0,07044582;(2.351624000, 1.188380000, 4.284653000);(0.022201060, 1.602710000, -0.010652250);1,488991;0,5124242;;;2,351624;1,18838;4,284653
0,6222225;1,593050631;0,06392916;(2.318507000, 1.137874000, 4.305616000);(0.022315860, 1.602514000, -0.010367520);1,55275;0,4484999;;;2,318507;1,137874;4,305616
0,6333337;1,644244691;0,05119406;(2.285232000, 1.105111000, 4.326597000);(0.022483990, 1.602181000, -0.010124450);1,603424;0,398821;;;2,285232;1,105111;4,326597
0,6444448;1,692581931;0,04833724;(2.245501000, 1.093431000, 4.351526000);(0.022557120, 1.601882000, -0.009832087);1,643791;0,3635091;;;2,245501;1,093431;4,351526
0,655556;1,745852181;0,05327025;(2.201473000, 1.081752000, 4.379146000);(0.022557120, 1.601882000, -0.009832087);1,688101;0,3294383;;;2,201473;1,081752;4,379146
0,6666671;1,745852181;0;(2.201473000, 1.081752000, 4.379146000);(0.022533430, 1.601709000, -0.009459677);1,688101;0,3294383;;;2,201473;1,081752;4,379146
0,6777782;1,791843461;0,04599128;(2.163557000, 1.071179000, 4.402932000);(0.022559630, 1.601518000, -0.009006861);1,727031;0,304049;;;2,163557;1,071179;4,402932
0,6888894;1,832710651;0,04086719;(2.131151000, 1.056836000, 4.423286000);(0.022632480, 1.601393000, -0.008544686);1,764298;0,2812182;;;2,131151;1,056836;4,423286
0,7000005;1,858622741;0,02591209;(2.110415000, 1.048359000, 4.436308000);(0.022782610, 1.601231000, -0.008123579);1,787739;0,2695581;;;2,110415;1,048359;4,436308
0,7111117;1,888945531;0,03032279;(2.091296000, 1.028149000, 4.448370000);(0.022820140, 1.601062000, -0.007645908);1,818037;0,2482404;;;2,091296;1,028149;4,44837
0,7222228;1,925720861;0,03677533;(2.094209000, 0.991526300, 4.446712000);(0.022896450, 1.600887000, -0.007172527);1,841344;0,2116754;;;2,094209;0,9915263;4,446712
0,7333339;1,961538591;0,03581773;(2.089855000, 0.956091500, 4.449598000);(0.022913750, 1.600661000, -0.006717028);1,870214;0,1761757;;;2,089855;0,9560915;4,449598
0,7444451;1,996425651;0,03488706;(2.080644000, 0.922967000, 4.455515000);(0.022894010, 1.600374000, -0.006202640);1,901616;0,1434685;;;2,080644;0,922967;4,455515
0,7555562;2,028467081;0,03204143;(2.075314000, 0.891564000, 4.458994000);(0.022771210, 1.600131000, -0.005794765);1,928737;0,1129804;;;2,075314;0,891564;4,458994
0,7666674;2,042012771;0,01354569;(2.070514000, 0.879272700, 4.462055000);(0.022707210, 1.599911000, -0.005264940);1,941585;0,1019826;;;2,070514;0,8792727;4,462055
0,7777785;2,032386435;0,009626336;(2.066104000, 0.887383900, 4.464780000);(0.022655460, 1.599767000, -0.004733028);1,939251;0,1111006;;;2,066104;0,8873839;4,46478
0,7888896;2,044251725;0,01186529;(2.056443000, 0.884113000, 4.470843000);(0.022572950, 1.599625000, -0.004212083);1,949487;0,1114623;;;2,056443;0,884113;4,470843
0,8000008;2,061113975;0,01686225;(2.046294000, 0.872269600, 4.477251000);(0.022280290, 1.599479000, -0.003506543);1,966342;0,1057845;;;2,046294;0,8722696;4,477251
0,8111119;2,076953625;0,01583965;(2.041453000, 0.857509400, 4.480349000);(0.022168520, 1.599193000, -0.003039481);1,980991;0,09647714;;;2,041453;0,8575094;4,480349
0,8222231;2,087374665;0,01042104;(2.037725000, 0.848073000, 4.482726000);(0.022073580, 1.598966000, -0.002509417);1,99088;0,09197319;;;2,037725;0,848073;4,482726
0,8333342;2,098427995;0,01105333;(2.036381000, 0.837137800, 4.483617000);(0.021945660, 1.598678000, -0.002059342);1,999938;0,08537931;;;2,036381;0,8371378;4,483617
0,8444453;2,115648275;0,01722028;(2.040802000, 0.820713900, 4.480924000);(0.021771700, 1.598519000, -0.001621546);2,008407;0,07106771;;;2,040802;0,8207139;4,480924
0,8555565;2,097109495;0,01853878;(2.053018000, 0.809019700, 4.473328000);(0.021725480, 1.598345000, -0.001204731);2,007287;0,05259231;;;2,053018;0,8090197;4,473328
0,8666676;2,086504215;0,01060528;(2.061985000, 0.808252200, 4.467717000);(0.021533360, 1.598122000, -0.000744583);2,000752;0,0436696;;;2,061985;0,8082522;4,467717
0,8777788;2,081305918;0,005198297;(2.063446000, 0.813152000, 4.466780000);(0.021352530, 1.597926000, -0.000292482);1,995953;0,04578586;;;2,063446;0,813152;4,46678
0,8888899;2,076358816;0,004947102;(2.065549000, 0.817426300, 4.465445000);(0.021105660, 1.597718000, 0.000100432);1,991112;0,04741377;;;2,065549;0,8174263;4,465445
0,900001;2,063154186;0,01320463;(2.071545000, 0.828558900, 4.461640000);(0.020919380, 1.597481000, 0.000534592);1,978094;0,05334511;;;2,071545;0,8285589;4,46164
0,9111122;2,059260467;0,003893719;(2.074106000, 0.831008000, 4.460026000);(0.020743610, 1.597252000, 0.000930248);1,974247;0,05446582;;;2,074106;0,831008;4,460026
0,9222233;2,056636259;0,002624208;(2.076183000, 0.831940600, 4.458721000);(0.020524500, 1.597020000, 0.001315890);1,971908;0,05455385;;;2,076183;0,8319406;4,458721
0,9333345;2,051882582;0,004753677;(2.076539000, 0.836674600, 4.458476000);(0.020315830, 1.596829000, 0.001625894);1,968112;0,05896692;;;2,076539;0,8366746;4,458476
0,9444456;2,044917621;0,006964961;(2.078566000, 0.843210500, 4.457178000);(0.020130800, 1.596606000, 0.001953660);1,961657;0,06473469;;;2,078566;0,8432105;4,457178
0,9555568;2,037832240;0,007085381;(2.083545000, 0.847157500, 4.454042000);(0.019850960, 1.596451000, 0.002274035);1,954778;0,06768006;;;2,083545;0,8471575;4,454042
0,9666679;2,027848215;0,009984025;(2.091719000, 0.844552200, 4.448936000);(0.019662720, 1.596333000, 0.002627132);1,950242;0,06466462;;;2,091719;0,8445522;4,448936
0,977779;2,035798080;0,007949865;(2.094859000, 0.837509300, 4.447002000);(0.019586670, 1.596103000, 0.002957163);1,953021;0,05786688;;;2,094859;0,8375093;4,447002
0,9888902;2,041806796;0,006008716;(2.096672000, 0.831888900, 4.445893000);(0.019392400, 1.595963000, 0.003191886);1,955802;0,05254722;;;2,096672;0,8318889;4,445893
1,000001;2,054142556;0,01233576;(2.101921000, 0.821205600, 4.442655000);(0.019305380, 1.595664000, 0.003489433);1,959723;0,04357215;;;2,101921;0,8212056;4,442655
1,011112;2,079580536;0,02543798;(2.103248000, 0.795812400, 4.441939000);(0.019305380, 1.595664000, 0.003489433);1,977888;0,02214921;;;2,103248;0,7958124;4,441939
1,022224;2,079580536;0;(2.103248000, 0.795812400, 4.441939000);(0.019192040, 1.595546000, 0.003622292);1,977888;0,02214921;;;2,103248;0,7958124;4,441939
1,033335;2,083375497;0,003794961;(2.100041000, 0.796111300, 4.443945000);(0.018924300, 1.595462000, 0.003856240);1,980135;0,01994454;;;2,100041;0,7961113;4,443945
1,044446;2,075030059;0,008345438;(2.096605000, 0.803415500, 4.446064000);(0.018861680, 1.595248000, 0.003829477);1,977268;0,02469858;;;2,096605;0,8034155;4,446064
1,055557;2,068767392;0,006262667;(2.094867000, 0.809338300, 4.447124000);(0.018759580, 1.595075000, 0.003880261);1,97415;0,02994396;;;2,094867;0,8093383;4,447124
1,066668;2,064485257;0,004282135;(2.098301000, 0.810715000, 4.444968000);(0.018638200, 1.594885000, 0.003888724);1,970442;0,03226695;;;2,098301;0,810715;4,444968
1,077779;2,062718405;0,001766852;(2.099791000, 0.810889100, 4.444035000);(0.018552200, 1.594809000, 0.003899155);1,969154;0,03299774;;;2,099791;0,8108891;4,444035
1,08889;2,061491477;0,001226928;(2.100831000, 0.810893200, 4.443383000);(0.018431490, 1.594733000, 0.003905354);1,968343;0,03344457;;;2,100831;0,8108932;4,443383
1,100002;2,051551825;0,009939652;(2.109116000, 0.809065000, 4.438205000);(0.018358520, 1.594709000, 0.003913162);1,963313;0,03674878;;;2,109116;0,809065;4,438205
1,111113;2,057388864;0,005837039;(2.110455000, 0.803442100, 4.437392000);(0.018295540, 1.594662000, 0.003922282);1,966545;0,03356884;;;2,110455;0,8034421;4,437392
1,122224;2,068989524;0,01160066;(2.106174000, 0.793011400, 4.440120000);(0.018303720, 1.594591000, 0.003950773);1,977764;0,02296793;;;2,106174;0,7930114;4,44012
1,133335;2,075619164;0,00662964;(2.104752000, 0.786601500, 4.441039000);(0.018389470, 1.594425000, 0.003912685);1,983732;0,01843182;;;2,104752;0,7866015;4,441039
1,144446;2,081008886;0,005389722;(2.104199000, 0.781253000, 4.441409000);(0.018391980, 1.594567000, 0.004049717);1,988229;0,01656599;;;2,104199;0,781253;4,441409
1,155557;2,087176937;0,006168051;(2.099065000, 0.780102000, 4.444629000);(0.018375710, 1.594455000, 0.003993927);1,993043;0,01045397;;;2,099065;0,780102;4,444629
1,166668;2,090371691;0,003194754;(2.097179000, 0.777814900, 4.445820000);(0.018403170, 1.594393000, 0.004081486);1,996231;0,008486304;;;2,097179;0,7778149;4,44582
1,17778;2,096628339;0,006256648;(2.099107000, 0.771981000, 4.444639000);(0.018395570, 1.594254000, 0.003992317);1,999197;0,01314791;;;2,099107;0,771981;4,444639
1,188891;2,099905129;0,00327679;(2.098466000, 0.768794800, 4.445055000);(0.018390970, 1.594149000, 0.003915308);2,002118;0,01476959;;;2,098466;0,7687948;4,445055
1,200002;2,101539035;0,001633906;(2.097115000, 0.769159800, 4.445899000);(0.018215360, 1.594156000, 0.003884433);2,002873;0,01348101;;;2,097115;0,7691598;4,445899
