time;total distance traveled;distance to prev position;ray position;hmd position;distance to prev target;distance to current target
(4.399680000, 2.230182000, 2.172045000);(3.970208000, 0.328624400, 2.618845000);0,4555556;0

0,4333333;-0,933257;0,933257;(4.181821000, 1.317597000, 2.395755000);(-0.022653470, 1.744016000, -0.080812040);0,964531;1,035672;;;4,181821;1,317597;2,395755
0,4444444;-0,86724828;0,06600872;(4.168192000, 1.254620000, 2.410083000);(-0.022377680, 1.743865000, -0.080323760);1,030519;0,9696636;;;4,168192;1,25462;2,410083
0,4555556;-0,79592506;0,07132322;(4.143423000, 1.191858000, 2.433202000);(-0.022223690, 1.743759000, -0.079817300);1,100903;0,8998;;;4,143423;1,191858;2,433202
0,4666667;-0,72134964;0,07457542;(4.116080000, 1.127237000, 2.458460000);(-0.022070660, 1.743708000, -0.079244200);1,174287;0,8275173;;;4,11608;1,127237;2,45846
0,4777778;-0,64792667;0,07342297;(4.091476000, 1.062039000, 2.481586000);(-0.021885880, 1.743664000, -0.078711100);1,247142;0,755939;;;4,091476;1,062039;2,481586
0,4888889;-0,58317584;0,06475083;(4.075775000, 1.001252000, 2.497428000);(-0.021679950, 1.743598000, -0.078137230);1,311891;0,6916024;;;4,075775;1,001252;2,497428
0,5;-0,51836789;0,06480795;(4.062458000, 0.939395200, 2.511446000);(-0.021432800, 1.743537000, -0.077522820);1,376606;0,6269654;;;4,062458;0,9393952;2,511446
0,5111111;-0,45392748;0,06444041;(4.052279000, 0.876825700, 2.523023000);(-0.021064110, 1.743507000, -0.076960150);1,440641;0,5625321;;;4,052279;0,8768257;2,523023
0,5222223;-0,39455305;0,05937443;(4.045339000, 0.818515400, 2.531802000);(-0.020807960, 1.743557000, -0.076266420);1,499262;0,5032042;;;4,045339;0,8185154;2,531802
0,5333334;-0,34145839;0,05309466;(4.038262000, 0.766589600, 2.540327000);(-0.020526300, 1.743599000, -0.075629780);1,551888;0,4501224;;;4,038262;0,7665896;2,540327
0,5444446;-0,29042016;0,05103823;(4.034842000, 0.715970900, 2.545889000);(-0.020129810, 1.743626000, -0.075111100);1,601781;0,3994213;;;4,034842;0,7159709;2,545889
0,5555557;-0,25193511;0,03848505;(4.039851000, 0.677856000, 2.544084000);(-0.019818080, 1.743638000, -0.074489000);1,636339;0,3638712;;;4,039851;0,677856;2,544084
0,5666668;-0,21995074;0,03198437;(4.042782000, 0.646010500, 2.543566000);(-0.019517190, 1.743616000, -0.073710750);1,665834;0,3341676;;;4,042782;0,6460105;2,543566
0,577778;-0,18544383;0,03450691;(4.040970000, 0.611716300, 2.546935000);(-0.019120850, 1.743656000, -0.073075240);1,699602;0,3005319;;;4,04097;0,6117163;2,546935
0,5888891;-0,14508826;0,04035557;(4.034807000, 0.572468800, 2.554022000);(-0.018738640, 1.743684000, -0.072268310);1,739843;0,260452;;;4,034807;0,5724688;2,554022
0,6000003;-0,10447750;0,04061076;(4.017214000, 0.539437100, 2.569790000);(-0.018279080, 1.743763000, -0.071549010);1,778511;0,2214904;;;4,017214;0,5394371;2,56979
0,6111114;-0,06741684;0,03706066;(4.004109000, 0.506984600, 2.581980000);(-0.017804480, 1.743866000, -0.070845020);1,814919;0,1852586;;;4,004109;0,5069846;2,58198
0,6222225;-0,04201253;0,02540431;(3.997131000, 0.483534600, 2.588820000);(-0.017318320, 1.743932000, -0.070156100);1,840251;0,1600737;;;3,997131;0,4835346;2,58882
0,6333337;-0,05449042;0,01247789;(4.006916000, 0.482506800, 2.581145000);(-0.016915960, 1.743934000, -0.069475480);1,837388;0,1626302;;;4,006916;0,4825068;2,581145
0,6444448;-0,04313102;0,0113594;(4.012000000, 0.472963200, 2.577666000);(-0.016497860, 1.743864000, -0.068837110);1,844625;0,1558077;;;4,012;0,4729632;2,577666
0,655556;-0,02892280;0,01420822;(4.013531000, 0.458843700, 2.577253000);(-0.016112070, 1.743790000, -0.068205900);1,857672;0,143401;;;4,013531;0,4588437;2,577253
0,6666671;-0,01547165;0,01345115;(4.013319000, 0.445426100, 2.578179000);(-0.015603640, 1.743766000, -0.067826280);1,870715;0,130977;;;4,013319;0,4454261;2,578179
0,6777782;-0,00083725;0,0146344;(4.010490000, 0.431390800, 2.581207000);(-0.015158300, 1.743651000, -0.067380500);1,885347;0,1166199;;;4,01049;0,4313908;2,581207
0,6888894;0,01260329;0,01344054;(4.003936000, 0.421165600, 2.586964000);(-0.014749390, 1.743602000, -0.066825280);1,897712;0,1035273;;;4,003936;0,4211656;2,586964
0,7000005;0,02284155;0,01023826;(3.998699000, 0.413644700, 2.591528000);(-0.014349560, 1.743555000, -0.066320070);1,906977;0,09373598;;;3,998699;0,4136447;2,591528
0,7111117;0,029650187;0,006808637;(3.994221000, 0.410132100, 2.595265000);(-0.013930660, 1.743508000, -0.065826480);1,912092;0,08818252;;;3,994221;0,4101321;2,595265
0,7222228;0,034792784;0,005142597;(3.995385000, 0.405164100, 2.594625000);(-0.013425270, 1.743448000, -0.065370030);1,916434;0,08413588;;;3,995385;0,4051641;2,594625
0,7333339;0,043671605;0,008878821;(3.998667000, 0.397197500, 2.592482000);(-0.012994480, 1.743328000, -0.064916620);1,922865;0,0787862;;;3,998667;0,3971975;2,592482
0,7444451;0,054149665;0,01047806;(3.998761000, 0.386732600, 2.592998000);(-0.012588810, 1.743211000, -0.064535680);1,932937;0,06971343;;;3,998761;0,3867326;2,592998
0,7555562;0,064869085;0,01071942;(3.995861000, 0.376814900, 2.595850000);(-0.012188060, 1.743083000, -0.064162980);1,943618;0,05923862;;;3,995861;0,3768149;2,59585
0,7666674;0,076430805;0,01156172;(3.988720000, 0.370007600, 2.601878000);(-0.011722840, 1.743042000, -0.063874070);1,952919;0,04840627;;;3,98872;0,3700076;2,601878
0,7777785;0,081867396;0,005436591;(3.987483000, 0.364868000, 2.603147000);(-0.011305160, 1.742919000, -0.063528720);1,958354;0,04310995;;;3,987483;0,364868;2,603147
0,7888896;0,096340996;0,0144736;(3.998109000, 0.359277400, 2.595065000);(-0.010981000, 1.742785000, -0.063183730);1,959717;0,04778688;;;3,998109;0,3592774;2,595065
0,8000008;0,110903326;0,01456233;(4.008872000, 0.353898900, 2.586862000);(-0.010634610, 1.742661000, -0.062858050);1,960929;0,05618408;;;4,008872;0,3538989;2,586862
0,8111119;0,117078743;0,006175417;(4.011870000, 0.348920200, 2.584774000);(-0.010274180, 1.742513000, -0.062563960);1,96466;0,05751965;;;4,01187;0,3489202;2,584774
0,8222231;0,130724513;0,01364577;(4.001753000, 0.344891800, 2.592997000);(-0.009930797, 1.742389000, -0.062289780);1,972275;0,04390715;;;4,001753;0,3448918;2,592997
0,8333342;0,153808813;0,0230843;(3.983749000, 0.343061700, 2.607329000);(-0.009629466, 1.742247000, -0.062023470);1,980832;0,02290038;;;3,983749;0,3430617;2,607329
0,8444453;0,169987973;0,01617916;(3.971250000, 0.340745400, 2.617337000);(-0.009366848, 1.742152000, -0.061786360);1,987916;0,01225889;;;3,97125;0,3407454;2,617337
0,8555565;0,181491333;0,01150336;(3.963865000, 0.334462600, 2.623528000);(-0.009077735, 1.742014000, -0.061527260);1,996879;0,009810242;;;3,963865;0,3344626;2,623528
0,8666676;0,187771069;0,006279736;(3.961579000, 0.329009500, 2.625642000);(-0.008693106, 1.741951000, -0.061232510);2,003033;0,0109912;;;3,961579;0,3290095;2,625642
0,8777788;0,189976072;0,002205003;(3.960374000, 0.327482500, 2.626681000);(-0.008428283, 1.741780000, -0.061022590);2,004981;0,01262556;;;3,960374;0,3274825;2,626681
0,8888899;0,188487425;0,001488647;(3.959469000, 0.328462800, 2.627341000);(-0.008207597, 1.741532000, -0.060817430);2,004399;0,01369412;;;3,959469;0,3284628;2,627341
0,900001;0,187380200;0,001107225;(3.959505000, 0.329565800, 2.627250000);(-0.008002140, 1.741325000, -0.060679800);2,003325;0,01364133;;;3,959505;0,3295658;2,62725
0,9111122;0,180111877;0,007268323;(3.962701000, 0.335435300, 2.624393000);(-0.007810123, 1.741135000, -0.060462180);1,996406;0,01155534;;;3,962701;0,3354353;2,624393
0,9222233;0,175254258;0,004857619;(3.960838000, 0.339750500, 2.625621000);(-0.007730551, 1.740905000, -0.060266560);1,992999;0,01604646;;;3,960838;0,3397505;2,625621
0,9333345;0,173695463;0,001558795;(3.960134000, 0.341054500, 2.626104000);(-0.007624246, 1.740722000, -0.060067010);1,992028;0,01756928;;;3,960134;0,3410545;2,626104
0,9444456;0,170559530;0,003135933;(3.962584000, 0.341254900, 2.624157000);(-0.007523932, 1.740593000, -0.059907380);1,990855;0,01568016;;;3,962584;0,3412549;2,624157
0,9555568;0,160295440;0,01026409;(3.970589000, 0.342070300, 2.617785000);(-0.007410295, 1.740477000, -0.059719210);1,986899;0,01349315;;;3,970589;0,3420703;2,617785
0,9666679;0,152304786;0,007990654;(3.976764000, 0.340391200, 2.612999000);(-0.007434078, 1.740323000, -0.059516620);1,986104;0,01468394;;;3,976764;0,3403912;2,612999
0,977779;0,148891699;0,003413087;(3.977053000, 0.343766100, 2.612581000);(-0.007342197, 1.740218000, -0.059378930);1,982738;0,0177589;;;3,977053;0,3437661;2,612581
0,9888902;0,142163893;0,006727806;(3.974556000, 0.349796000, 2.614213000);(-0.007267661, 1.740069000, -0.059274380);1,977902;0,02210422;;;3,974556;0,349796;2,614213
1,000001;0,129978723;0,01218517;(3.966671000, 0.357035600, 2.620036000);(-0.007177986, 1.739910000, -0.059229080);1,974049;0,02865525;;;3,966671;0,3570356;2,620036
1,011112;0,139503317;0,009524594;(3.959327000, 0.355571200, 2.625922000);(-0.007197864, 1.739745000, -0.059187840);1,978404;0,02990965;;;3,959327;0,3555712;2,625922
1,022224;0,146723292;0,007219975;(3.953844000, 0.353990700, 2.630344000);(-0.007266022, 1.739576000, -0.059129960);1,982146;0,03230261;;;3,953844;0,3539907;2,630344
