time;total distance traveled;distance to prev position;ray position;hmd position;distance to prev target;distance to current target
(-3.542548000, 3.312004000, 2.973986000);(-4.485272000, 1.753703000, 2.147565000);0,3111111;0

0;-0,005022792;0,005022792;(-3.536420000, 3.307754000, 2.980502000);(-0.042046450, 1.633109000, -0.171708100);0,009903091;2,002294;;;-3,53642;3,307754;2,980502
0,01111111;0,018701468;0,02372426;(-3.551168000, 3.295405000, 2.966616000);(-0.042046450, 1.633109000, -0.171708100);0,02010321;1,979959;;;-3,551168;3,295405;2,966616
0,02222222;0,018701468;0;(-3.551168000, 3.295405000, 2.966616000);(-0.042046450, 1.633109000, -0.171708100);0,02010321;1,979959;;;-3,551168;3,295405;2,966616
0,03333334;0,018701468;0;(-3.551168000, 3.295405000, 2.966616000);(-0.042102300, 1.633059000, -0.171517500);0,02010321;1,979959;;;-3,551168;3,295405;2,966616
0,04444445;0,018701468;0;(-3.551168000, 3.295405000, 2.966616000);(-0.042152660, 1.633024000, -0.171332000);0,02010321;1,979959;;;-3,551168;3,295405;2,966616
0,05555556;0,010561666;0,008139802;(-3.553563000, 3.302588000, 2.963630000);(-0.042136480, 1.633001000, -0.171078500);0,01781081;1,983202;;;-3,553563;3,302588;2,96363
0,06666667;0,004061651;0,006500015;(-3.552703000, 3.309021000, 2.963985000);(-0.042284600, 1.632955000, -0.170768900);0,0145611;1,988779;;;-3,552703;3,309021;2,963985
0,07777778;-0,000961174;0,005022825;(-3.551100000, 3.313615000, 2.965235000);(-0.042322300, 1.632917000, -0.170587900);0,01234166;1,993636;;;-3,5511;3,313615;2,965235
0,08888889;-0,0015099709;0,0005487969;(-3.550714000, 3.313674000, 2.965620000);(-0.042437270, 1.632902000, -0.170445900);0,01180934;1,994022;;;-3,550714;3,313674;2,96562
0,1;-0,0064042789;0,004894308;(-3.548252000, 3.310450000, 2.968359000);(-0.042484060, 1.632898000, -0.170255100);0,008161972;1,993783;;;-3,548252;3,31045;2,968359
0,1111111;-0,0001408719;0,006263407;(-3.546550000, 3.304825000, 2.970523000);(-0.042516760, 1.632906000, -0.170055900);0,008918453;1,99109;;;-3,54655;3,304825;2,970523
0,1222222;0,0048600681;0,00500094;(-3.545155000, 3.300357000, 2.972285000);(-0.042553230, 1.632912000, -0.169894800);0,01205532;1,989;;;-3,545155;3,300357;2,972285
0,1333333;0,0126757691;0,007815701;(-3.550520000, 3.301717000, 2.966767000);(-0.042607090, 1.632913000, -0.169721200);0,01488221;1,985246;;;-3,55052;3,301717;2,966767
0,1444445;0,0142629931;0,001587224;(-3.551578000, 3.302150000, 2.965666000);(-0.042662490, 1.632854000, -0.169457000);0,01574356;1,984631;;;-3,551578;3,30215;2,965666
0,1555556;0,0107683251;0,003494668;(-3.549772000, 3.304664000, 2.967288000);(-0.042693190, 1.632890000, -0.169248500);0,01228495;1,988111;;;-3,549772;3,304664;2,967288
0,1666667;0,0088775191;0,001890806;(-3.548502000, 3.304186000, 2.968605000);(-0.042778030, 1.632862000, -0.169157400);0,01120404;1,988879;;;-3,548502;3,304186;2,968605
0,1777778;0,0109995641;0,002122045;(-3.549247000, 3.302291000, 2.968005000);(-0.042790430, 1.632874000, -0.168962100);0,01322801;1,986804;;;-3,549247;3,302291;2,968005
0,1888889;0,0125463401;0,001546776;(-3.549527000, 3.300779000, 2.967844000);(-0.042751420, 1.632833000, -0.168833000);0,01457495;1,985427;;;-3,549527;3,300779;2,967844
0,2;0,0160243421;0,003478002;(-3.548026000, 3.298156000, 2.969566000);(-0.042767750, 1.632777000, -0.168714500);0,01553347;1,984805;;;-3,548026;3,298156;2,969566
0,2111111;0,0149400371;0,001084305;(-3.547303000, 3.297857000, 2.970317000);(-0.042773350, 1.632728000, -0.168585900);0,01536917;1,985225;;;-3,547303;3,297857;2,970317
0,2222222;0,0186779351;0,003737898;(-3.549575000, 3.295784000, 2.968192000);(-0.042779290, 1.632673000, -0.168440100);0,01860142;1,981659;;;-3,549575;3,295784;2,968192
0,2333333;0,0237411081;0,005063173;(-3.551305000, 3.291231000, 2.966810000);(-0.042852300, 1.632598000, -0.168235900);0,02365756;1,976727;;;-3,551305;3,291231;2,96681
0,2444444;0,0301570241;0,006415916;(-3.552206000, 3.284892000, 2.966407000);(-0.042934820, 1.632630000, -0.168072500);0,02976216;1,971206;;;-3,552206;3,284892;2,966407
0,2555556;0,0332500611;0,003093037;(-3.551978000, 3.281843000, 2.966879000);(-0.043002180, 1.632578000, -0.167944400);0,03238923;1,969144;;;-3,551978;3,281843;2,966879
0,2666667;0,0355064371;0,002256376;(-3.550930000, 3.280234000, 2.968064000);(-0.043066490, 1.632546000, -0.167820200);0,03338578;1,968886;;;-3,55093;3,280234;2,968064
0,2777778;0,0424063461;0,006899909;(-3.546896000, 3.276706000, 2.972411000);(-0.043157950, 1.632491000, -0.167710600);0,03559887;1,969888;;;-3,546896;3,276706;2,972411
0,2888889;0,0541792361;0,01177289;(-3.542150000, 3.267455000, 2.977932000);(-0.043217380, 1.632468000, -0.167581300);0,04472496;1,967342;;;-3,54215;3,267455;2,977932
0,3;0,0645588161;0,01037958;(-3.540935000, 3.257349000, 2.979962000);(-0.043311610, 1.632367000, -0.167481900);0,05500449;1,961022;;;-3,540935;3,257349;2,979962
0,3111111;0,0784595861;0,01390077;(-3.542895000, 3.243615000, 2.979080000);(-0.043438190, 1.632151000, -0.167376400);0,068579;1,949187;;;-3,542895;3,243615;2,97908
0,3222222;0,0966205361;0,01816095;(-3.549648000, 3.227693000, 2.973538000);(-0.043533400, 1.632043000, -0.167274300);0,08461015;1,931391;;;-3,549648;3,227693;2,973538
0,3333333;0,1167955561;0,02017502;(-3.556826000, 3.209755000, 2.967730000);(-0.043608420, 1.631896000, -0.167173200);0,1034301;1,911745;;;-3,556826;3,209755;2,96773
0,3444445;0,1433428861;0,02654733;(-3.564942000, 3.185259000, 2.961497000);(-0.043826810, 1.631846000, -0.167174500);0,1293119;1,88649;;;-3,564942;3,185259;2,961497
0,3555556;0,1740078061;0,03066492;(-3.572744000, 3.156127000, 2.955949000);(-0.043942890, 1.631689000, -0.167130200);0,1597956;1,858221;;;-3,572744;3,156127;2,955949
0,3666667;0,2066457761;0,03263797;(-3.584829000, 3.127472000, 2.946046000);(-0.043812680, 1.631458000, -0.167061100);0,1913642;1,826365;;;-3,584829;3,127472;2,946046
0,3777778;0,2392428361;0,03259706;(-3.599024000, 3.100779000, 2.933859000);(-0.043934480, 1.631273000, -0.167037600);0,2222966;1,793964;;;-3,599024;3,100779;2,933859
0,3888889;0,2746199561;0,03537712;(-3.618913000, 3.077896000, 2.915628000);(-0.044110290, 1.631084000, -0.166977600);0,2530684;1,758973;;;-3,618913;3,077896;2,915628
0,4;0,3109027761;0,03628282;(-3.640282000, 3.056290000, 2.895804000);(-0.044268630, 1.630930000, -0.166980500);0,2846994;1,723544;;;-3,640282;3,05629;2,895804
0,4111111;0,3451156561;0,03421288;(-3.657046000, 3.030421000, 2.880962000);(-0.044455820, 1.630821000, -0.167000000);0,3178867;1,689331;;;-3,657046;3,030421;2,880962
0,4222222;0,3835371861;0,03842153;(-3.673873000, 2.999058000, 2.866492000);(-0.044649950, 1.630678000, -0.167044700);0,3560008;1,6511;;;-3,673873;2,999058;2,866492
0,4333333;0,4316559961;0,04811881;(-3.697502000, 2.962740000, 2.845561000);(-0.044975270, 1.630482000, -0.167229100);0,4030993;1,602981;;;-3,697502;2,96274;2,845561
0,4444444;0,4930399361;0,06138394;(-3.731169000, 2.921581000, 2.814894000);(-0.045294210, 1.630413000, -0.167332600);0,4618639;1,542056;;;-3,731169;2,921581;2,814894
0,4555556;0,5557376561;0,06269772;(-3.766851000, 2.881815000, 2.782084000);(-0.045602610, 1.630233000, -0.167441000);0,5217285;1,480331;;;-3,766851;2,881815;2,782084
0,4666667;0,6140397861;0,05830213;(-3.799162000, 2.843287000, 2.752575000);(-0.046049670, 1.630051000, -0.167589100);0,578419;1,422666;;;-3,799162;2,843287;2,752575
0,4777778;0,6786562461;0,06461646;(-3.834560000, 2.799891000, 2.720341000);(-0.046421730, 1.629945000, -0.167701300);0,6417678;1,358679;;;-3,83456;2,799891;2,720341
0,4888889;0,7405213361;0,06186509;(-3.863271000, 2.751162000, 2.695273000);(-0.046858360, 1.629910000, -0.167834600);0,7036247;1,29684;;;-3,863271;2,751162;2,695273
0,5;0,8015563761;0,06103504;(-3.890707000, 2.702088000, 2.671519000);(-0.047314160, 1.629894000, -0.167967600);0,7646559;1,235908;;;-3,890707;2,702088;2,671519
0,5111111;0,8637885561;0,06223218;(-3.914247000, 2.647850000, 2.652102000);(-0.047864880, 1.629937000, -0.168145400);0,826359;1,174788;;;-3,914247;2,64785;2,652102
0,5222223;0,9241179261;0,06032937;(-3.939562000, 2.597492000, 2.630588000);(-0.048457050, 1.629973000, -0.168353100);0,8866053;1,11494;;;-3,939562;2,597492;2,630588
0,5333334;0,9836515561;0,05953363;(-3.965841000, 2.549109000, 2.607945000);(-0.049021560, 1.629963000, -0.168560800);0,9461352;1,055665;;;-3,965841;2,549109;2,607945
1,433336;2,0665105561;1,082859;(-4.518806000, 1.760397000, 2.113224000);(-0.069791070, 1.625307000, -0.178433200);2,025209;0,04846226;;;-4,518806;1,760397;2,113224
1,444447;2,0621437471;0,004366809;(-4.516070000, 1.762615000, 2.115806000);(-0.069866290, 1.625319000, -0.178534900);2,021094;0,04512827;;;-4,51607;1,762615;2,115806
1,455558;2,0610343611;0,001109386;(-4.516423000, 1.763574000, 2.115374000);(-0.069950070, 1.625301000, -0.178651000);2,020714;0,0458706;;;-4,516423;1,763574;2,115374
1,466669;2,0584769031;0,002557458;(-4.515787000, 1.766010000, 2.115821000);(-0.070049610, 1.625336000, -0.178770400);2,01835;0,04571934;;;-4,515787;1,76601;2,115821
1,47778;2,0649512731;0,00647437;(-4.519511000, 1.769447000, 2.111793000);(-0.070243350, 1.625391000, -0.178656100);2,019236;0,05196011;;;-4,519511;1,769447;2,111793
1,488891;2,0626999681;0,002251305;(-4.518645000, 1.771397000, 2.112511000);(-0.070317500, 1.625416000, -0.178773800);2,017021;0,05153244;;;-4,518645;1,771397;2,112511
1,500003;2,0634738560;0,0007738879;(-4.518949000, 1.770732000, 2.112257000);(-0.070417040, 1.625422000, -0.178928000);2,017784;0,05167934;;;-4,518949;1,770732;2,112257
1,511114;2,0593597750;0,004114081;(-4.516341000, 1.769143000, 2.115014000);(-0.070508620, 1.625413000, -0.179025900);2,016563;0,04757357;;;-4,516341;1,769143;2,115014
1,522225;2,0579142230;0,001445552;(-4.515322000, 1.769158000, 2.116039000);(-0.070595020, 1.625416000, -0.179162200);2,015623;0,04621389;;;-4,515322;1,769158;2,116039
1,533336;2,0532370820;0,004677141;(-4.515873000, 1.773710000, 2.115121000);(-0.070665470, 1.625411000, -0.179274300);2,012799;0,04888105;;;-4,515873;1,77371;2,115121
1,544447;2,0479149290;0,005322153;(-4.514284000, 1.778643000, 2.116331000);(-0.070647980, 1.625549000, -0.179460600);2,007744;0,04938868;;;-4,514284;1,778643;2,116331
1,555558;2,0411343770;0,006780552;(-4.510067000, 1.782170000, 2.120301000);(-0.070699710, 1.625576000, -0.179562000);2,001315;0,04656702;;;-4,510067;1,78217;2,120301
1,566669;2,0317490440;0,009385333;(-4.503448000, 1.782797000, 2.126925000);(-0.070752350, 1.625619000, -0.179664800);1,994822;0,04003545;;;-4,503448;1,782797;2,126925
1,577781;2,0251511180;0,006597926;(-4.499080000, 1.785412000, 2.131122000);(-0.070777350, 1.625684000, -0.179837600);1,988933;0,03829495;;;-4,49908;1,785412;2,131122
1,588892;2,0172864950;0,007864623;(-4.493558000, 1.785090000, 2.136713000);(-0.070793200, 1.625726000, -0.179917400);1,984166;0,03422803;;;-4,493558;1,78509;2,136713
1,600003;2,0125747520;0,004711743;(-4.491808000, 1.789222000, 2.138149000);(-0.070889880, 1.625651000, -0.180081200);1,979541;0,03732291;;;-4,491808;1,789222;2,138149
2,011115;2,0384159920;0,02584124;(-4.510035000, 1.787642000, 2.119899000);(-0.070980720, 1.626139000, -0.182832300);1,997292;0,05030366;;;-4,510035;1,787642;2,119899
2,022226;2,0463164030;0,007900411;(-4.509167000, 1.779932000, 2.121388000);(-0.070965010, 1.626116000, -0.182981200);2,002129;0,04409245;;;-4,509167;1,779932;2,121388
2,033337;2,0544308450;0,008114442;(-4.510056000, 1.771870000, 2.121133000);(-0.070969510, 1.626064000, -0.183031300);2,008841;0,04053342;;;-4,510056;1,77187;2,121133
