time;total distance traveled;distance to prev position;ray position;hmd position;distance to prev target;distance to current target
(-4.258523000, 2.660028000, 2.559700000);(-3.437922000, 1.244604000, 3.709999000);0,3333333;0,3222222
True

0,3;-0,06396099;0,06396099;(-4.203904000, 2.674711000, 2.649101000);(-0.109703800, 1.624110000, 0.013000920);0,1057887;1,938412;;;-4,203904;2,674711;2,649101
0,3111111;-0,04613580;0,01782519;(-4.194602000, 2.669630000, 2.663433000);(-0.109384100, 1.623958000, 0.013210490);0,1222229;1,923166;;;-4,194602;2,66963;2,663433
0,3222222;-0,00985864;0,03627716;(-4.175932000, 2.657169000, 2.691931000);(-0.109161900, 1.623831000, 0.013408380);0,1559308;1,891153;;;-4,175932;2,657169;2,691931
0,3333333;0,02972261;0,03958125;(-4.155983000, 2.640982000, 2.722043000);(-0.108911400, 1.623546000, 0.013548210);0,1929566;1,855139;;;-4,155983;2,640982;2,722043
0,3444445;0,06762188;0,03789927;(-4.137288000, 2.623496000, 2.749990000);(-0.108616100, 1.623273000, 0.013747410);0,2285669;1,81991;;;-4,137288;2,623496;2,74999
0,3555556;0,09253906;0,02491718;(-4.125214000, 2.611083000, 2.767907000);(-0.108285500, 1.623219000, 0.014031900);0,2520257;1,796433;;;-4,125214;2,611083;2,767907
0,3666667;0,11649858;0,02395952;(-4.114594000, 2.595974000, 2.783172000);(-0.107825300, 1.622688000, 0.014292610);0,2734188;1,772878;;;-4,114594;2,595974;2,783172
0,3777778;0,14970342;0,03320484;(-4.099202000, 2.576978000, 2.805639000);(-0.107505800, 1.622258000, 0.014522690);0,3045756;1,740798;;;-4,099202;2,576978;2,805639
0,3888889;0,18826188;0,03855846;(-4.080940000, 2.556200000, 2.832501000);(-0.107250900, 1.621837000, 0.014673370);0,3416663;1,704043;;;-4,08094;2,5562;2,832501
0,4;0,23413262;0,04587074;(-4.061790000, 2.524439000, 2.859494000);(-0.107001600, 1.621359000, 0.014872270);0,383359;1,658478;;;-4,06179;2,524439;2,859494
0,4111111;0,27368925;0,03955663;(-4.044231000, 2.499564000, 2.884746000);(-0.106768000, 1.620920000, 0.015087260);0,4210984;1,619747;;;-4,044231;2,499564;2,884746
0,4222222;0,33422861;0,06053936;(-4.018553000, 2.458554000, 2.921129000);(-0.106581600, 1.620469000, 0.015304100);0,478339;1,559847;;;-4,018553;2,458554;2,921129
0,4333333;0,38601151;0,0517829;(-3.996763000, 2.423079000, 2.951922000);(-0.106382600, 1.620035000, 0.015504080);0,527732;1,508571;;;-3,996763;2,423079;2,951922
0,4444444;0,44057227;0,05456076;(-3.976609000, 2.380363000, 2.979236000);(-0.106167000, 1.619587000, 0.015733080);0,5776657;1,454011;;;-3,976609;2,380363;2,979236
0,4555556;0,49711876;0,05654649;(-3.956163000, 2.335393000, 3.006753000);(-0.105845200, 1.619149000, 0.015847040);0,6298135;1,39748;;;-3,956163;2,335393;3,006753
0,4666667;0,56575558;0,06863682;(-3.931175000, 2.281073000, 3.040457000);(-0.105575400, 1.618630000, 0.015994980);0,6941831;1,328854;;;-3,931175;2,281073;3,040457
0,4777778;0,64075384;0,07499826;(-3.902809000, 2.223459000, 3.079196000);(-0.105303600, 1.618077000, 0.016056730);0,7661596;1,25387;;;-3,902809;2,223459;3,079196
0,4888889;0,70839203;0,06763819;(-3.877987000, 2.170243000, 3.112765000);(-0.104956400, 1.617443000, 0.016023710);0,8310096;1,186235;;;-3,877987;2,170243;3,112765
0,5;0,76655612;0,05816409;(-3.857840000, 2.122676000, 3.139496000);(-0.104748800, 1.617097000, 0.016157460);0,8862596;1,128192;;;-3,85784;2,122676;3,139496
0,5111111;0,82125435;0,05469823;(-3.838464000, 2.078567000, 3.165396000);(-0.104594600, 1.616849000, 0.016327930);0,9388362;1,073555;;;-3,838464;2,078567;3,165396
0,5222223;0,87203662;0,05078227;(-3.820857000, 2.037062000, 3.188766000);(-0.104470300, 1.616680000, 0.016486780);0,9876041;1,022894;;;-3,820857;2,037062;3,188766
0,5333334;0,92108391;0,04904729;(-3.802033000, 1.999856000, 3.214594000);(-0.104361100, 1.616534000, 0.016754280);1,035903;0,9738633;;;-3,802033;1,999856;3,214594
0,5444446;0,97050079;0,04941688;(-3.781847000, 1.964699000, 3.242852000);(-0.104082700, 1.616323000, 0.016994910);1,08508;0,9246882;;;-3,781847;1,964699;3,242852
0,5555557;1,02033461;0,04983382;(-3.761301000, 1.929639000, 3.271697000);(-0.103986200, 1.616235000, 0.017258600);1,134741;0,8751889;;;-3,761301;1,929639;3,271697
0,5666668;1,07508828;0,05475367;(-3.739941000, 1.888727000, 3.301158000);(-0.103736100, 1.616034000, 0.017695980);1,188945;0,8205251;;;-3,739941;1,888727;3,301158
0,577778;1,13463561;0,05954733;(-3.715998000, 1.845591000, 3.334504000);(-0.103659100, 1.615772000, 0.017976300);1,248183;0,761255;;;-3,715998;1,845591;3,334504
0,5888891;1,18953965;0,05490404;(-3.691872000, 1.810428000, 3.369085000);(-0.103460500, 1.615493000, 0.018262820);1,30308;0,7077213;;;-3,691872;1,810428;3,369085
0,6000003;1,24186384;0,05232419;(-3.668851000, 1.776985000, 3.402092000);(-0.103351600, 1.615161000, 0.018513750);1,355397;0,6569359;;;-3,668851;1,776985;3,402092
0,6111114;1,29398321;0,05211937;(-3.647869000, 1.739282000, 3.431327000);(-0.103167000, 1.614794000, 0.018751580);1,407268;0,6053449;;;-3,647869;1,739282;3,431327
0,6222225;1,34583593;0,05185272;(-3.629206000, 1.697913000, 3.456406000);(-0.103022600, 1.614496000, 0.018987490);1,458008;0,5535231;;;-3,629206;1,697913;3,456406
0,6333337;1,38714519;0,04130926;(-3.613772000, 1.665858000, 3.477400000);(-0.102873600, 1.614201000, 0.019298750);1,498749;0,5123286;;;-3,613772;1,665858;3,4774
0,6444448;1,42660970;0,03946451;(-3.597504000, 1.638088000, 3.500239000);(-0.102703600, 1.613921000, 0.019608100);1,538155;0,4735983;;;-3,597504;1,638088;3,500239
0,655556;1,45513699;0,02852729;(-3.584684000, 1.620575000, 3.518752000);(-0.102508700, 1.613656000, 0.019968520);1,566621;0,4466191;;;-3,584684;1,620575;3,518752
0,6666671;1,49026423;0,03512724;(-3.571539000, 1.593353000, 3.536644000);(-0.102279200, 1.613425000, 0.020360600);1,6013;0,4117421;;;-3,571539;1,593353;3,536644
0,6777782;1,51280409;0,02253986;(-3.566470000, 1.572125000, 3.542276000);(-0.102047600, 1.613142000, 0.020745950);1,621087;0,3897765;;;-3,56647;1,572125;3,542276
0,6888894;1,53688071;0,02407662;(-3.558136000, 1.552427000, 3.553331000);(-0.101719000, 1.612828000, 0.021142260);1,644574;0,3657203;;;-3,558136;1,552427;3,553331
0,7000005;1,55460099;0,01772028;(-3.551775000, 1.538263000, 3.561872000);(-0.101518500, 1.612481000, 0.021499470);1,661985;0,3480521;;;-3,551775;1,538263;3,561872
0,7111117;1,58390602;0,02930503;(-3.541200000, 1.514925000, 3.576094000);(-0.101074100, 1.612251000, 0.021870930);1,690819;0,3188581;;;-3,5412;1,514925;3,576094
0,7222228;1,62084280;0,03693678;(-3.526863000, 1.487195000, 3.595838000);(-0.100825400, 1.611887000, 0.022220450);1,727554;0,2824779;;;-3,526863;1,487195;3,595838
0,7333339;1,65384891;0,03300611;(-3.512393000, 1.465970000, 3.616562000);(-0.100582000, 1.611547000, 0.022510960);1,760523;0,2515538;;;-3,512393;1,46597;3,616562
0,7444451;1,68899398;0,03514507;(-3.495029000, 1.449873000, 3.642535000);(-0.100292900, 1.611238000, 0.022875150);1,794416;0,2234907;;;-3,495029;1,449873;3,642535
0,7555562;1,72321518;0,0342212;(-3.478882000, 1.431225000, 3.666255000);(-0.100040300, 1.610898000, 0.023128700);1,828184;0,1960074;;;-3,478882;1,431225;3,666255
0,7666674;1,75698684;0,03377166;(-3.464506000, 1.408465000, 3.686647000);(-0.099630730, 1.610481000, 0.023420530);1,861956;0,1676385;;;-3,464506;1,408465;3,686647
0,7777785;1,78348011;0,02649327;(-3.458270000, 1.383712000, 3.693738000);(-0.099367630, 1.610120000, 0.023612220);1,885584;0,141526;;;-3,45827;1,383712;3,693738
0,7888896;1,80266178;0,01918167;(-3.455163000, 1.364989000, 3.696518000);(-0.099088310, 1.609750000, 0.023858380);1,90128;0,1223586;;;-3,455163;1,364989;3,696518
0,8000008;1,78600350;0,01665828;(-3.461592000, 1.354816000, 3.684999000);(-0.098845620, 1.609492000, 0.024110270);1,898677;0,1154641;;;-3,461592;1,354816;3,684999
0,8111119;1,77163057;0,01437293;(-3.468970000, 1.352496000, 3.672884000);(-0.098599670, 1.609312000, 0.024339870);1,89003;0,1182462;;;-3,46897;1,352496;3,672884
0,8222231;1,75848158;0,01314899;(-3.475957000, 1.353772000, 3.661819000);(-0.098399830, 1.609137000, 0.024598200);1,879728;0,1252424;;;-3,475957;1,353772;3,661819
0,8333342;1,763726927;0,005245347;(-3.477485000, 1.349700000, 3.658887000);(-0.098209860, 1.609015000, 0.024869340);1,88021;0,123381;;;-3,477485;1,3497;3,658887
0,8444453;1,778909507;0,01518258;(-3.469681000, 1.344416000, 3.670790000);(-0.097969870, 1.608817000, 0.025145490);1,894103;0,1118413;;;-3,469681;1,344416;3,67079
0,8555565;1,807097537;0,02818803;(-3.454914000, 1.336960000, 3.693614000);(-0.097745840, 1.608653000, 0.025391650);1,918868;0,09532512;;;-3,454914;1,33696;3,693614
0,8666676;1,842294997;0,03519746;(-3.438190000, 1.318185000, 3.718244000);(-0.097535540, 1.608456000, 0.025597290);1,953385;0,07404184;;;-3,43819;1,318185;3,718244
0,8777788;1,875172357;0,03287736;(-3.423737000, 1.297143000, 3.738963000);(-0.097288240, 1.608201000, 0.025838030);1,986198;0,0616485;;;-3,423737;1,297143;3,738963
0,8888899;1,895943727;0,02077137;(-3.414924000, 1.283078000, 3.751451000);(-0.096766380, 1.607912000, 0.026019170);2,006968;0,06105277;;;-3,414924;1,283078;3,751451
0,900001;1,912589607;0,01664588;(-3.406337000, 1.277502000, 3.764576000);(-0.096507220, 1.607646000, 0.026214440);2,022207;0,07112339;;;-3,406337;1,277502;3,764576
0,9111122;1,924635837;0,01204623;(-3.402333000, 1.267420000, 3.769814000);(-0.096234260, 1.607347000, 0.026409580);2,03391;0,07324548;;;-3,402333;1,26742;3,769814
0,9222233;1,910695957;0,01393988;(-3.407114000, 1.257736000, 3.760999000);(-0.095912550, 1.607256000, 0.026537970);2,033331;0,061013;;;-3,407114;1,257736;3,760999
0,9333345;1,925466167;0,01477021;(-3.410679000, 1.245334000, 3.753814000);(-0.095709910, 1.606970000, 0.026645620);2,036198;0,05159844;;;-3,410679;1,245334;3,753814
0,9444456;1,902619397;0,02284677;(-3.421952000, 1.239012000, 3.734974000);(-0.095486300, 1.606685000, 0.026660640);2,024945;0,03016698;;;-3,421952;1,239012;3,734974
0,9555568;1,883672017;0,01894738;(-3.431564000, 1.235201000, 3.719097000);(-0.095314440, 1.606456000, 0.026795460);2,014496;0,01454665;;;-3,431564;1,235201;3,719097
0,9666679;1,874301614;0,009370403;(-3.436221000, 1.232775000, 3.711336000);(-0.095009090, 1.606399000, 0.027061120);2,00985;0,01202522;;;-3,436221;1,232775;3,711336
0,977779;1,881954313;0,007652699;(-3.435040000, 1.225282000, 3.712348000);(-0.094848920, 1.606193000, 0.027156670);2,016238;0,01967643;;;-3,43504;1,225282;3,712348
0,9888902;1,893968703;0,01201439;(-3.430904000, 1.215421000, 3.717826000);(-0.094630700, 1.606147000, 0.027238380);2,028077;0,0310185;;;-3,430904;1,215421;3,717826
1,000001;1,910017493;0,01604879;(-3.425278000, 1.202392000, 3.725320000);(-0.094470470, 1.606008000, 0.027428820);2,043934;0,04665203;;;-3,425278;1,202392;3,72532
1,011112;1,925991123;0,01597363;(-3.426413000, 1.186883000, 3.721669000);(-0.094237060, 1.605815000, 0.027524310);2,052494;0,06000232;;;-3,426413;1,186883;3,721669
1,022224;1,907160623;0,0188305;(-3.433551000, 1.175108000, 3.708824000);(-0.094108980, 1.605748000, 0.027661760);2,050865;0,06964257;;;-3,433551;1,175108;3,708824
1,033335;1,893770323;0,0133903;(-3.438801000, 1.167111000, 3.699455000);(-0.093932210, 1.605607000, 0.027730180);2,049338;0,07821208;;;-3,438801;1,167111;3,699455
1,044446;1,881228653;0,01254167;(-3.444291000, 1.175198000, 3.691597000);(-0.093809100, 1.605583000, 0.027742340);2,036881;0,07208614;;;-3,444291;1,175198;3,691597
1,055557;1,871966006;0,009262647;(-3.449203000, 1.176682000, 3.683886000);(-0.093545470, 1.605646000, 0.027857310);2,029558;0,07363831;;;-3,449203;1,176682;3,683886
1,066668;1,860480916;0,01148509;(-3.453967000, 1.170440000, 3.675504000);(-0.093268280, 1.605695000, 0.028090540);2,027609;0,08335263;;;-3,453967;1,17044;3,675504
1,077779;1,871500946;0,01102003;(-3.457774000, 1.162835000, 3.668496000);(-0.093102690, 1.605677000, 0.028198190);2,027859;0,09382329;;;-3,457774;1,162835;3,668496
1,08889;1,878542820;0,007041874;(-3.459554000, 1.157015000, 3.664953000);(-0.092937660, 1.605711000, 0.028333970);2,029527;0,1008408;;;-3,459554;1,157015;3,664953
1,100002;1,872045899;0,006496921;(-3.462298000, 1.153612000, 3.660147000);(-0.092681840, 1.605792000, 0.028435600);2,02836;0,1065786;;;-3,462298;1,153612;3,660147
1,111113;1,863016484;0,009029415;(-3.467093000, 1.154160000, 3.652516000);(-0.092553840, 1.605832000, 0.028580020);2,02194;0,1110647;;;-3,467093;1,15416;3,652516
1,122224;1,852529564;0,01048692;(-3.472463000, 1.152373000, 3.643687000);(-0.092315760, 1.605813000, 0.028751320);2,016418;0,1187305;;;-3,472463;1,152373;3,643687
1,133335;1,843250978;0,009278586;(-3.476344000, 1.147413000, 3.636872000);(-0.092207150, 1.605745000, 0.028828090);2,01497;0,1275527;;;-3,476344;1,147413;3,636872
1,144446;1,838355233;0,004895745;(-3.478772000, 1.146120000, 3.632823000);(-0.091966170, 1.605737000, 0.029118600);2,012839;0,1316204;;;-3,478772;1,14612;3,632823
1,155557;1,834728491;0,003626742;(-3.480344000, 1.148497000, 3.630579000);(-0.091856420, 1.605671000, 0.029234480);2,009246;0,1316948;;;-3,480344;1,148497;3,630579
1,166668;1,830142213;0,004586278;(-3.482696000, 1.147744000, 3.626715000);(-0.091799600, 1.605462000, 0.029384390);2,006845;0,1353614;;;-3,482696;1,147744;3,626715
1,17778;1,821746120;0,008396093;(-3.486857000, 1.145510000, 3.619773000);(-0.091723700, 1.605348000, 0.029526190);2,003244;0,1426704;;;-3,486857;1,14551;3,619773
1,188891;1,814303231;0,007442889;(-3.490742000, 1.144849000, 3.613459000);(-0.091687710, 1.605250000, 0.029655290);1,998915;0,1485293;;;-3,490742;1,144849;3,613459
1,200002;1,805151252;0,009151979;(-3.495605000, 1.145768000, 3.605761000);(-0.091658920, 1.605176000, 0.029629720);1,992302;0,1547948;;;-3,495605;1,145768;3,605761
1,211113;1,793851102;0,01130015;(-3.501384000, 1.149898000, 3.596972000);(-0.091551350, 1.605078000, 0.029597590);1,982343;0,1605356;;;-3,501384;1,149898;3,596972
1,222224;1,784794796;0,009056306;(-3.505757000, 1.154471000, 3.590493000);(-0.091558490, 1.604941000, 0.029814790);1,973801;0,164339;;;-3,505757;1,154471;3,590493
1,233335;1,778575378;0,006219418;(-3.508153000, 1.159172000, 3.587201000);(-0.091604810, 1.605031000, 0.029984310);1,967582;0,165258;;;-3,508153;1,159172;3,587201
1,244446;1,782688522;0,004113144;(-3.506116000, 1.160276000, 3.590600000);(-0.091649860, 1.604890000, 0.029975720);1,969295;0,1613001;;;-3,506116;1,160276;3,5906
1,255558;1,786035783;0,003347261;(-3.504389000, 1.160748000, 3.593428000);(-0.091725220, 1.604784000, 0.030013510);1,971079;0,1582355;;;-3,504389;1,160748;3,593428
1,266669;1,791227452;0,005191669;(-3.501649000, 1.160847000, 3.597837000);(-0.091788960, 1.604716000, 0.030035570);1,974368;0,1538075;;;-3,501649;1,160847;3,597837
1,27778;1,795463548;0,004236096;(-3.499541000, 1.158980000, 3.601002000);(-0.091873510, 1.604602000, 0.030065550);1,978258;0,1516862;;;-3,499541;1,15898;3,601002
1,288891;1,800234785;0,004771237;(-3.497260000, 1.156485000, 3.604368000);(-0.091861070, 1.604431000, 0.030145120);1,982799;0,1498128;;;-3,49726;1,156485;3,604368
1,300002;1,802443306;0,002208521;(-3.496215000, 1.157287000, 3.606141000);(-0.091992710, 1.604382000, 0.030130340);1,983527;0,1476783;;;-3,496215;1,157287;3,606141
1,311113;1,799295052;0,003148254;(-3.495289000, 1.159719000, 3.607913000);(-0.092083080, 1.604336000, 0.030152630);1,982978;0,1446309;;;-3,495289;1,159719;3,607913
1,322224;1,797618612;0,00167644;(-3.495501000, 1.161376000, 3.607769000);(-0.092119310, 1.604315000, 0.030271000);1,981567;0,1438518;;;-3,495501;1,161376;3,607769
1,333336;1,801523594;0,003904982;(-3.493941000, 1.163643000, 3.610539000);(-0.092163890, 1.604391000, 0.030281850);1,981922;0,1399468;;;-3,493941;1,163643;3,610539
1,344447;1,808523834;0,00700024;(-3.490349000, 1.161163000, 3.616012000);(-0.092303840, 1.604376000, 0.030258010);1,988085;0,1361782;;;-3,490349;1,161163;3,616012
1,355558;1,803981046;0,004542788;(-3.492528000, 1.163513000, 3.612792000);(-0.092378380, 1.604398000, 0.030223920);1,983761;0,1378645;;;-3,492528;1,163513;3,612792
1,366669;1,797839026;0,00614202;(-3.495402000, 1.166940000, 3.608583000);(-0.092505530, 1.604329000, 0.030203830);1,977832;0,1400744;;;-3,495402;1,16694;3,608583
1,37778;1,784194106;0,01364492;(-3.500699000, 1.177183000, 3.601289000);(-0.092659100, 1.604357000, 0.030158110);1,964187;0,1424937;;;-3,500699;1,177183;3,601289
1,388891;1,776325078;0,007869028;(-3.503879000, 1.182851000, 3.596853000);(-0.092719230, 1.604349000, 0.030206870);1,956329;0,1447957;;;-3,503879;1,182851;3,596853
1,400002;1,771905683;0,004419395;(-3.505303000, 1.186607000, 3.595009000);(-0.092883270, 1.604388000, 0.030189820);1,951966;0,1453501;;;-3,505303;1,186607;3,595009
1,411114;1,777452100;0,005546417;(-3.503265000, 1.190205000, 3.598705000);(-0.093015430, 1.604559000, 0.030211750);1,952005;0,1400547;;;-3,503265;1,190205;3,598705
1,422225;1,795836380;0,01838428;(-3.494592000, 1.196992000, 3.613426000);(-0.093136800, 1.604674000, 0.030145120);1,958163;0,121675;;;-3,494592;1,196992;3,613426
1,433336;1,818357200;0,02252082;(-3.483079000, 1.188740000, 3.630934000);(-0.093319680, 1.604751000, 0.030070970);1,978268;0,1068236;;;-3,483079;1,18874;3,630934
1,444447;1,832370960;0,01401376;(-3.476179000, 1.182215000, 3.641239000);(-0.093449710, 1.604779000, 0.030029600);1,991411;0,1004184;;;-3,476179;1,182215;3,641239
1,455558;1,838605988;0,006235028;(-3.473195000, 1.178966000, 3.645646000);(-0.093612670, 1.604792000, 0.029966780);1,997388;0,09845752;;;-3,473195;1,178966;3,645646
1,466669;1,834080387;0,004525601;(-3.475595000, 1.179703000, 3.641880000);(-0.093751060, 1.604731000, 0.029877140);1,993853;0,1013484;;;-3,475595;1,179703;3,64188
1,47778;1,828025423;0,006054964;(-3.478545000, 1.182652000, 3.637492000);(-0.093936770, 1.604779000, 0.029737670);1,988124;0,1036607;;;-3,478545;1,182652;3,637492
1,488891;1,819276393;0,00874903;(-3.482727000, 1.187230000, 3.631319000);(-0.094121660, 1.604814000, 0.029645340);1,979737;0,1071904;;;-3,482727;1,18723;3,631319
1,500003;1,796214913;0,02306148;(-3.493947000, 1.198539000, 3.614644000);(-0.094312430, 1.604906000, 0.029576200);1,957915;0,1198058;;;-3,493947;1,198539;3,614644
1,511114;1,779162733;0,01705218;(-3.502211000, 1.207029000, 3.602380000);(-0.094510790, 1.604980000, 0.029517010);1,94175;0,1308691;;;-3,502211;1,207029;3,60238
1,522225;1,772850665;0,006312068;(-3.504305000, 1.212318000, 3.599643000);(-0.094695480, 1.605124000, 0.029477670);1,935508;0,1327688;;;-3,504305;1,212318;3,599643
1,533336;1,770062752;0,002787913;(-3.504162000, 1.215047000, 3.600194000);(-0.094892840, 1.605278000, 0.029423850);1,933819;0,1315997;;;-3,504162;1,215047;3,600194
1,544447;1,775296140;0,005233388;(-3.501391000, 1.214984000, 3.604633000);(-0.095070810, 1.605411000, 0.029331160);1,937339;0,1265211;;;-3,501391;1,214984;3,604633
1,555558;1,794127260;0,01883112;(-3.491457000, 1.210867000, 3.620092000);(-0.095253720, 1.605502000, 0.029273350);1,952661;0,1099428;;;-3,491457;1,210867;3,620092
1,566669;1,818890880;0,02476362;(-3.478882000, 1.201274000, 3.639147000);(-0.095387290, 1.605622000, 0.029218810);1,975096;0,09260252;;;-3,478882;1,201274;3,639147
1,577781;1,837440130;0,01854925;(-3.469282000, 1.195305000, 3.653853000);(-0.095560860, 1.605702000, 0.029178870);1,991353;0,0810323;;;-3,469282;1,195305;3,653853
1,588892;1,852419030;0,0149789;(-3.462201000, 1.187189000, 3.664263000);(-0.095645760, 1.605847000, 0.029178930);2,005852;0,07731571;;;-3,462201;1,187189;3,664263
1,600003;1,863663620;0,01124459;(-3.457184000, 1.180186000, 3.671490000);(-0.095819790, 1.605952000, 0.029159680);2,016966;0,07748305;;;-3,457184;1,180186;3,67149
1,611114;1,865167164;0,001503544;(-3.456607000, 1.181112000, 3.672524000);(-0.095864220, 1.606052000, 0.029118490);2,017087;0,07605715;;;-3,456607;1,181112;3,672524
1,622225;1,853301574;0,01186559;(-3.460348000, 1.191295000, 3.667719000);(-0.095973450, 1.606067000, 0.029104900);2,005483;0,07164016;;;-3,460348;1,191295;3,667719
1,633336;1,836915824;0,01638575;(-3.467378000, 1.202210000, 3.657722000);(-0.096043850, 1.606122000, 0.029066820);1,989169;0,07346974;;;-3,467378;1,20221;3,657722
1,644447;1,821472654;0,01544317;(-3.475163000, 1.208517000, 3.645970000);(-0.096044470, 1.606061000, 0.028954940);1,974973;0,08239487;;;-3,475163;1,208517;3,64597
1,655559;1,810313454;0,0111592;(-3.480754000, 1.213253000, 3.637554000);(-0.096114840, 1.606126000, 0.028947790);1,96465;0,08980961;;;-3,480754;1,213253;3,637554
1,66667;1,816149520;0,005836066;(-3.479306000, 1.207858000, 3.639242000);(-0.096214180, 1.606134000, 0.028931450);1,970124;0,08983036;;;-3,479306;1,207858;3,639242
1,677781;1,821109673;0,004960153;(-3.477293000, 1.204301000, 3.642054000);(-0.096330720, 1.606187000, 0.028945880);1,975081;0,08826656;;;-3,477293;1,204301;3,642054
1,688892;1,831718353;0,01060868;(-3.472223000, 1.198752000, 3.649539000);(-0.096386360, 1.606271000, 0.029018660);1,985282;0,08327282;;;-3,472223;1,198752;3,649539
1,700003;1,839641794;0,007923441;(-3.468013000, 1.198148000, 3.656225000);(-0.096464510, 1.606309000, 0.029067170);1,991071;0,07717032;;;-3,468013;1,198148;3,656225
1,711114;1,851260974;0,01161918;(-3.462487000, 1.202267000, 3.665579000);(-0.096435000, 1.606324000, 0.029089470);1,995422;0,06609835;;;-3,462487;1,202267;3,665579
1,722225;1,855381347;0,004120373;(-3.460321000, 1.201268000, 3.668939000);(-0.096431580, 1.606464000, 0.029128090);1,998878;0,06376193;;;-3,460321;1,201268;3,668939
1,733337;1,857298072;0,001916725;(-3.460180000, 1.199357000, 3.668940000);(-0.096485000, 1.606554000, 0.029168020);2,000331;0,06502699;;;-3,46018;1,199357;3,66894
1,744448;1,862204149;0,004906077;(-3.457578000, 1.198566000, 3.673024000);(-0.096546660, 1.606625000, 0.029203130);2,004214;0,06223363;;;-3,457578;1,198566;3,673024
1,755559;1,868643083;0,006438934;(-3.454243000, 1.196511000, 3.678134000);(-0.096640240, 1.606663000, 0.029244970);2,009886;0,0599553;;;-3,454243;1,196511;3,678134
1,76667;1,872707014;0,004063931;(-3.452277000, 1.194474000, 3.681050000);(-0.096716430, 1.606682000, 0.029292060);2,013778;0,05964128;;;-3,452277;1,194474;3,68105
1,777781;1,877762664;0,00505565;(-3.451093000, 1.189746000, 3.682393000);(-0.096810340, 1.606863000, 0.029244910);2,018442;0,06280873;;;-3,451093;1,189746;3,682393
1,788892;1,884421223;0,006658559;(-3.450080000, 1.183221000, 3.683249000);(-0.096781950, 1.606865000, 0.029276560);2,02408;0,0680531;;;-3,45008;1,183221;3,683249
1,800003;1,890268120;0,005846897;(-3.449703000, 1.177387000, 3.683167000);(-0.096839710, 1.606908000, 0.029388200);2,028446;0,07332672;;;-3,449703;1,177387;3,683167
1,811115;1,895473914;0,005205794;(-3.450993000, 1.173054000, 3.680586000);(-0.096938010, 1.606955000, 0.029435470);2,029675;0,07845565;;;-3,450993;1,173054;3,680586
1,822226;1,887768311;0,007705603;(-3.455082000, 1.173412000, 3.674065000);(-0.097033080, 1.607005000, 0.029559570);2,024192;0,08157212;;;-3,455082;1,173412;3,674065
1,833337;1,874916821;0,01285149;(-3.460019000, 1.183152000, 3.667289000);(-0.097072080, 1.607071000, 0.029713230);2,011348;0,07803041;;;-3,460019;1,183152;3,667289
1,844448;1,863763091;0,01115373;(-3.463904000, 1.192243000, 3.662125000);(-0.097130150, 1.607104000, 0.029755490);2,000288;0,07555567;;;-3,463904;1,192243;3,662125
1,855559;1,851824981;0,01193811;(-3.468225000, 1.201730000, 3.656307000);(-0.097227320, 1.607113000, 0.029919520);1,988404;0,07509508;;;-3,468225;1,20173;3,656307
1,86667;1,843703975;0,008121006;(-3.469519000, 1.209665000, 3.655164000);(-0.097306500, 1.607148000, 0.030075980);1,981444;0,07229039;;;-3,469519;1,209665;3,655164
1,877781;1,850358290;0,006654315;(-3.466159000, 1.206978000, 3.660241000);(-0.097297590, 1.607135000, 0.030193760);1,987557;0,06847566;;;-3,466159;1,206978;3,660241
1,888893;1,869247900;0,01888961;(-3.457144000, 1.197047000, 3.673541000);(-0.097381140, 1.607184000, 0.030326980);2,005783;0,06293121;;;-3,457144;1,197047;3,673541
1,900004;1,889579860;0,02033196;(-3.447464000, 1.186269000, 3.687808000);(-0.097360480, 1.607180000, 0.030569630);2,02544;0,06313879;;;-3,447464;1,186269;3,687808
1,911115;1,906991890;0,01741203;(-3.438829000, 1.178442000, 3.700745000);(-0.097361310, 1.607183000, 0.030668810);2,041807;0,06681202;;;-3,438829;1,178442;3,700745
1,922226;1,925772600;0,01878071;(-3.429132000, 1.172220000, 3.715576000);(-0.097411230, 1.607249000, 0.030825210);2,058521;0,07312866;;;-3,429132;1,17222;3,715576
1,933337;1,936299420;0,01052682;(-3.423551000, 1.170469000, 3.724328000);(-0.097466930, 1.607220000, 0.031029660);2,066959;0,07686227;;;-3,423551;1,170469;3,724328
1,944448;1,938021736;0,001722316;(-3.422717000, 1.171017000, 3.725731000);(-0.097477230, 1.607159000, 0.031220450);2,067692;0,07677024;;;-3,422717;1,171017;3,725731
1,955559;1,916432146;0,02158959;(-3.432910000, 1.182760000, 3.710754000);(-0.097534890, 1.607136000, 0.031405700);2,046676;0,06205108;;;-3,43291;1,18276;3,710754
1,966671;1,906918179;0,009513967;(-3.436901000, 1.189307000, 3.705122000);(-0.097611070, 1.607082000, 0.031593280);2,037173;0,05552087;;;-3,436901;1,189307;3,705122
1,977782;1,895796639;0,01112154;(-3.441644000, 1.196780000, 3.698388000);(-0.097501590, 1.606994000, 0.031822220);2,026078;0,04935361;;;-3,441644;1,19678;3,698388
1,988893;1,884440399;0,01135624;(-3.444970000, 1.206812000, 3.694233000);(-0.097560690, 1.606928000, 0.032026600);2,01516;0,04155053;;;-3,44497;1,206812;3,694233
2,000004;1,872974869;0,01146553;(-3.442709000, 1.216964000, 3.699059000);(-0.097648890, 1.606886000, 0.032123640);2,011497;0,0301092;;;-3,442709;1,216964;3,699059
2,011115;1,879620178;0,006645309;(-3.439279000, 1.217892000, 3.704674000);(-0.097712790, 1.606831000, 0.032294590);2,015411;0,02727132;;;-3,439279;1,217892;3,704674
2,022226;1,887168737;0,007548559;(-3.435381000, 1.215391000, 3.710635000);(-0.097808420, 1.606731000, 0.032511010);2,022174;0,0293298;;;-3,435381;1,215391;3,710635
2,033337;1,899003667;0,01183493;(-3.430236000, 1.207672000, 3.717984000);(-0.097872850, 1.606613000, 0.032716470);2,033966;0,03855931;;;-3,430236;1,207672;3,717984
2,044448;1,913279747;0,01427608;(-3.422695000, 1.204710000, 3.729738000);(-0.097917330, 1.606564000, 0.032830430);2,045861;0,04704283;;;-3,422695;1,20471;3,729738
2,055559;1,924414547;0,0111348;(-3.416783000, 1.204060000, 3.739151000);(-0.097941530, 1.606465000, 0.033110160);2,054136;0,05422652;;;-3,416783;1,20406;3,739151
2,06667;1,931441806;0,007027259;(-3.413951000, 1.208080000, 3.744171000);(-0.098002230, 1.606420000, 0.033348870);2,05534;0,05546452;;;-3,413951;1,20808;3,744171
2,077781;1,925211859;0,006229947;(-3.414677000, 1.214252000, 3.743734000);(-0.098033930, 1.606413000, 0.033640100);2,050434;0,05098626;;;-3,414677;1,214252;3,743734
2,088892;1,917283463;0,007928396;(-3.417282000, 1.220927000, 3.740339000);(-0.098093120, 1.606355000, 0.033956840);2,042696;0,04367053;;;-3,417282;1,220927;3,740339
2,100003;1,908366749;0,008916714;(-3.420921000, 1.227277000, 3.735246000);(-0.097953780, 1.606225000, 0.034134220);2,033779;0,03502362;;;-3,420921;1,227277;3,735246
2,111114;1,891427899;0,01693885;(-3.425863000, 1.242260000, 3.729080000);(-0.098010850, 1.606171000, 0.034384090);2,017632;0,02269365;;;-3,425863;1,24226;3,72908
2,122225;1,875414299;0,0160136;(-3.430449000, 1.256512000, 3.723398000);(-0.098005430, 1.606070000, 0.034544960);2,002437;0,01942097;;;-3,430449;1,256512;3,723398
2,133336;1,857392069;0,01802223;(-3.439449000, 1.264314000, 3.709873000);(-0.098097910, 1.605973000, 0.034701480);1,985395;0,01977013;;;-3,439449;1,264314;3,709873
2,144447;1,842478869;0,0149132;(-3.447374000, 1.265718000, 3.697318000);(-0.098177980, 1.605895000, 0.034847210);1,973889;0,02638099;;;-3,447374;1,265718;3,697318
2,155558;1,837502980;0,004975889;(-3.450018000, 1.266133000, 3.693123000);(-0.098265040, 1.605809000, 0.035032410);1,970094;0,02991035;;;-3,450018;1,266133;3,693123
2,166669;1,839971160;0,00246818;(-3.448938000, 1.267323000, 3.694997000);(-0.098370030, 1.605739000, 0.035211160);1,970774;0,02937012;;;-3,448938;1,267323;3,694997
2,17778;1,835594105;0,004377055;(-3.449215000, 1.271691000, 3.695066000);(-0.098414810, 1.605649000, 0.035383240);1,967616;0,03292792;;;-3,449215;1,271691;3,695066
2,188891;1,838677642;0,003083537;(-3.448152000, 1.273823000, 3.697024000);(-0.098473670, 1.605616000, 0.035550850);1,967682;0,03356709;;;-3,448152;1,273823;3,697024
2,200002;1,840379022;0,00170138;(-3.447301000, 1.273094000, 3.698305000);(-0.098572250, 1.605568000, 0.035705400);1,969285;0,0321935;;;-3,447301;1,273094;3,698305
2,211113;1,844677580;0,004298558;(-3.445060000, 1.271847000, 3.701755000);(-0.098635020, 1.605560000, 0.035977020);1,973083;0,02934488;;;-3,44506;1,271847;3,701755
2,222224;1,852402983;0,007725403;(-3.442091000, 1.276591000, 3.707080000);(-0.098546710, 1.605709000, 0.036182840);1,974066;0,0323894;;;-3,442091;1,276591;3,70708
2,233335;1,839414313;0,01298867;(-3.439517000, 1.288079000, 3.712566000);(-0.098626810, 1.605697000, 0.036329290);1,970308;0,04358029;;;-3,439517;1,288079;3,712566
2,244446;1,833688525;0,005725788;(-3.438972000, 1.293572000, 3.714088000);(-0.098735930, 1.605743000, 0.036426800);1,967607;0,04914984;;;-3,438972;1,293572;3,714088
2,255557;1,834807107;0,001118582;(-3.438377000, 1.293492000, 3.715033000);(-0.098803130, 1.605726000, 0.036550000);1,968464;0,04914887;;;-3,438377;1,293492;3,715033
2,266668;1,839643329;0,004836222;(-3.435807000, 1.293065000, 3.719107000);(-0.098829750, 1.605729000, 0.036685010);1,972225;0,049355;;;-3,435807;1,293065;3,719107
2,277779;1,845961516;0,006318187;(-3.432521000, 1.293739000, 3.724461000);(-0.098851380, 1.605633000, 0.036819060);1,976282;0,05150362;;;-3,432521;1,293739;3,724461
2,28889;1,850243511;0,004281995;(-3.431031000, 1.290248000, 3.726442000);(-0.098887290, 1.605628000, 0.036880810);1,980486;0,04900257;;;-3,431031;1,290248;3,726442
2,300001;1,853637693;0,003394182;(-3.429999000, 1.287290000, 3.727749000);(-0.098802510, 1.605591000, 0.037077270);1,983733;0,04690403;;;-3,429999;1,28729;3,727749
2,311112;1,856733894;0,003096201;(-3.428443000, 1.286002000, 3.730095000);(-0.098764820, 1.605545000, 0.037242850);1,986657;0,04698396;;;-3,428443;1,286002;3,730095
2,322223;1,859745026;0,003011132;(-3.427145000, 1.287508000, 3.732357000);(-0.098756760, 1.605543000, 0.037377500);1,987491;0,04956587;;;-3,427145;1,287508;3,732357
2,333334;1,861762371;0,002017345;(-3.426179000, 1.288197000, 3.733988000);(-0.098749130, 1.605547000, 0.037518460);1,988383;0,05112469;;;-3,426179;1,288197;3,733988
2,344445;1,8613685304;0,0003938406;(-3.426386000, 1.288183000, 3.733654000);(-0.098717960, 1.605511000, 0.037628970);1,988108;0,05090926;;;-3,426386;1,288183;3,733654
2,355556;1,8591041484;0,002264382;(-3.427499000, 1.289249000, 3.731994000);(-0.098705460, 1.605589000, 0.037697160);1,985927;0,05084924;;;-3,427499;1,289249;3,731994
2,366668;1,8558085794;0,003295569;(-3.428178000, 1.292393000, 3.731275000);(-0.098442180, 1.605477000, 0.037707170);1,98305;0,05321108;;;-3,428178;1,292393;3,731275
2,377779;1,8513524754;0,004456104;(-3.428962000, 1.296715000, 3.730526000);(-0.098372160, 1.605495000, 0.037857190);1,979299;0,05672061;;;-3,428962;1,296715;3,730526
2,38889;1,8463988574;0,004953618;(-3.431573000, 1.297826000, 3.726466000);(-0.098341550, 1.605552000, 0.037957270);1,975039;0,05607206;;;-3,431573;1,297826;3,726466
2,400001;1,8440544094;0,002344448;(-3.432474000, 1.299601000, 3.725227000);(-0.098286320, 1.605502000, 0.038083930);1,972706;0,05732588;;;-3,432474;1,299601;3,725227
2,411112;1,8457909514;0,001736542;(-3.431968000, 1.298064000, 3.725859000);(-0.098252450, 1.605484000, 0.038227760);1,974351;0,05608039;;;-3,431968;1,298064;3,725859
2,422223;1,8536658224;0,007874871;(-3.428436000, 1.293213000, 3.730957000);(-0.098198710, 1.605453000, 0.038370390);1,982188;0,05377775;;;-3,428436;1,293213;3,730957
2,433334;1,8602768464;0,006611024;(-3.425478000, 1.289118000, 3.735222000);(-0.098148000, 1.605438000, 0.038488700);1,988771;0,05265512;;;-3,425478;1,289118;3,735222
2,444445;1,8664643454;0,006187499;(-3.424081000, 1.283294000, 3.736777000);(-0.098101720, 1.605392000, 0.038600880);1,994291;0,04904648;;;-3,424081;1,283294;3,736777
2,455556;1,8701623834;0,003698038;(-3.424794000, 1.280004000, 3.735246000);(-0.097918660, 1.605243000, 0.038775880);1,995364;0,0454195;;;-3,424794;1,280004;3,735246
2,466667;1,8679949464;0,002167437;(-3.424998000, 1.282161000, 3.735172000);(-0.097969500, 1.605223000, 0.038640820);1,993744;0,04702348;;;-3,424998;1,282161;3,735172
2,477778;1,8702534104;0,002258464;(-3.423977000, 1.283150000, 3.736927000);(-0.097929820, 1.605143000, 0.038680570);1,994522;0,04904457;;;-3,423977;1,28315;3,736927
2,488889;1,8754045744;0,005151164;(-3.424868000, 1.278479000, 3.734947000);(-0.097905520, 1.605092000, 0.038860040);1,996212;0,04404897;;;-3,424868;1,278479;3,734947
2,5;1,8624403244;0,01296425;(-3.429503000, 1.269818000, 3.726486000);(-0.097775070, 1.605142000, 0.038920780);1,995331;0,03128049;;;-3,429503;1,269818;3,726486
2,511111;1,8548691494;0,007571175;(-3.432380000, 1.265099000, 3.721312000);(-0.097738180, 1.605120000, 0.039132910);1,994412;0,02405696;;;-3,43238;1,265099;3,721312
2,522222;1,8523090274;0,002560122;(-3.433621000, 1.266371000, 3.719470000);(-0.097683440, 1.605216000, 0.039308750);1,991935;0,02412516;;;-3,433621;1,266371;3,71947
2,533333;1,8495081734;0,002800854;(-3.433557000, 1.269139000, 3.719898000);(-0.097676470, 1.605215000, 0.039437490);1,990276;0,02681429;;;-3,433557;1,269139;3,719898
2,544444;1,8561631614;0,006654988;(-3.431242000, 1.273704000, 3.724152000);(-0.097671000, 1.605175000, 0.039544300);1,990536;0,03304113;;;-3,431242;1,273704;3,724152
2,555555;1,8598085644;0,003645403;(-3.430020000, 1.270668000, 3.725757000);(-0.097705660, 1.605176000, 0.039609150);1,994098;0,03146572;;;-3,43002;1,270668;3,725757
2,566666;1,8630283234;0,003219759;(-3.428572000, 1.268693000, 3.727848000);(-0.097611380, 1.605147000, 0.039555510);1,997298;0,03140502;;;-3,428572;1,268693;3,727848
2,577777;1,8684208984;0,005392575;(-3.425944000, 1.270337000, 3.732260000);(-0.097638400, 1.604971000, 0.039581380);1,999831;0,03607245;;;-3,425944;1,270337;3,73226
2,588888;1,8733318654;0,004910967;(-3.423361000, 1.270549000, 3.736432000);(-0.097616520, 1.604971000, 0.039500370);2,003208;0,03979803;;;-3,423361;1,270549;3,736432
2,599999;1,8812173854;0,00788552;(-3.422882000, 1.262680000, 3.736272000);(-0.097657310, 1.604812000, 0.039462350);2,00878;0,03525954;;;-3,422882;1,26268;3,736272
2,61111;1,8897407034;0,008523318;(-3.423079000, 1.254260000, 3.734964000);(-0.097707700, 1.604838000, 0.039416690);2,013801;0,03060731;;;-3,423079;1,25426;3,734964
2,622221;1,9043493234;0,01460862;(-3.425637000, 1.241039000, 3.729300000);(-0.097736190, 1.604843000, 0.039412160);2,018711;0,02315566;;;-3,425637;1,241039;3,7293
2,633332;1,9175803234;0,013231;(-3.427116000, 1.228470000, 3.725442000);(-0.097711640, 1.604904000, 0.039462290);2,024734;0,02481049;;;-3,427116;1,22847;3,725442
2,644443;1,9518253634;0,03424504;(-3.434180000, 1.198445000, 3.710565000);(-0.097708960, 1.604836000, 0.039485180);2,034761;0,0463134;;;-3,43418;1,198445;3,710565
