time;total distance traveled;distance to prev position;ray position;hmd position;distance to prev target;distance to current target
(-1.496905000, 1.165002000, 4.805291000);(0.450499800, 1.572151000, 5.009851000);0,2666667;0,1222222

0;-0,01351229;0,01351229;(-1.506998000, 1.145861000, 4.803837000);(-0.060809630, 1.590628000, 0.030717500);0,02168757;2,013942;;;-1,506998;1,145861;4,803837
0,01111111;-0,006567039;0,006945251;(-1.510190000, 1.139711000, 4.803375000);(-0.060626080, 1.590683000, 0.030734490);0,02863271;2,018401;;;-1,51019;1,139711;4,803375
0,02222222;-0,004664914;0,001902125;(-1.512030000, 1.139267000, 4.803180000);(-0.060479730, 1.590659000, 0.030770850);0,02992494;2,020303;;;-1,51203;1,139267;4,80318
0,03333334;-0,010743326;0,006078412;(-1.511553000, 1.145324000, 4.803368000);(-0.060470610, 1.590488000, 0.030832240);0,02460681;2,018531;;;-1,511553;1,145324;4,803368
0,04444445;-0,006470135;0,004273191;(-1.515179000, 1.147564000, 4.803056000);(-0.060375780, 1.590422000, 0.030746770);0,02535799;2,021616;;;-1,515179;1,147564;4,803056
0,05555556;0,002639488;0,009109623;(-1.523340000, 1.143619000, 4.802147000);(-0.060561530, 1.590483000, 0.030878610);0,0341454;2,030474;;;-1,52334;1,143619;4,802147
0,06666667;0,007978906;0,005339418;(-1.528636000, 1.143209000, 4.801607000);(-0.060499250, 1.590406000, 0.030869910);0,0386697;2,035764;;;-1,528636;1,143209;4,801607
0,07777778;0,006334299;0,001644607;(-1.528382000, 1.144833000, 4.801670000);(-0.060565310, 1.590395000, 0.031036570);0,03755916;2,035169;;;-1,528382;1,144833;4,80167
0,08888889;0,003718041;0,002616258;(-1.525786000, 1.144634000, 4.801926000);(-0.060560870, 1.590376000, 0.031065650);0,03550028;2,03266;;;-1,525786;1,144634;4,801926
0,1;-0,003304140;0,007022181;(-1.520373000, 1.140182000, 4.802365000);(-0.060713000, 1.590366000, 0.031161380);0,03428303;2,028296;;;-1,520373;1,140182;4,802365
0,1111111;0,011834320;0,01513846;(-1.511972000, 1.127600000, 4.802916000);(-0.060709150, 1.590397000, 0.031094860);0,04039261;2,022806;;;-1,511972;1,1276;4,802916
0,1222222;0,006393568;0,005440752;(-1.506592000, 1.126989000, 4.803441000);(-0.060701550, 1.590370000, 0.031147670);0,03927154;2,017667;;;-1,506592;1,126989;4,803441
0,1333333;0,002116944;0,004276624;(-1.503233000, 1.129607000, 4.803838000);(-0.060752960, 1.590380000, 0.031195170);0,03598574;2,013793;;;-1,503233;1,129607;4,803838
0,1444445;0,012204464;0,01008752;(-1.511840000, 1.124439000, 4.802856000);(-0.060774090, 1.590339000, 0.031271410);0,04329446;2,023381;;;-1,51184;1,124439;4,802856
0,1555556;0,018605635;0,006401171;(-1.517457000, 1.121435000, 4.802223000);(-0.060771190, 1.590428000, 0.031345200);0,04826941;2,029559;;;-1,517457;1,121435;4,802223
0,1666667;0,016819202;0,001786433;(-1.516487000, 1.122929000, 4.802355000);(-0.060792610, 1.590419000, 0.031447420);0,04649997;2,028273;;;-1,516487;1,122929;4,802355
0,1777778;0,013127836;0,003691366;(-1.514717000, 1.126158000, 4.802608000);(-0.060687250, 1.590483000, 0.031434370);0,04281727;2,025818;;;-1,514717;1,126158;4,802608
0,1888889;0,014688940;0,001561104;(-1.516270000, 1.126158000, 4.802452000);(-0.060686990, 1.590553000, 0.031449690);0,04349703;2,027341;;;-1,51627;1,126158;4,802452
0,2;0,010980062;0,003708878;(-1.518057000, 1.129406000, 4.802348000);(-0.060696610, 1.590557000, 0.031512270);0,04151043;2,028373;;;-1,518057;1,129406;4,802348
0,2111111;0,007161330;0,003818732;(-1.516845000, 1.133022000, 4.802553000);(-0.060752860, 1.590642000, 0.031613300);0,03778679;2,026389;;;-1,516845;1,133022;4,802553
0,2222222;-0,005865390;0,01302672;(-1.508517000, 1.142982000, 4.803617000);(-0.061224370, 1.590875000, 0.032013190);0,02495053;2,016052;;;-1,508517;1,142982;4,803617
0,2333333;-0,026789850;0,02092446;(-1.489420000, 1.151272000, 4.805723000);(-0.061312870, 1.590909000, 0.032119110);0,01564411;1,995519;;;-1,48942;1,151272;4,805723
0,2444444;-0,012723030;0,01406682;(-1.475613000, 1.153546000, 4.807159000);(-0.061409210, 1.590926000, 0.032190510);0,0242508;1,98147;;;-1,475613;1,153546;4,807159
0,2555556;0,009400140;0,02212317;(-1.454133000, 1.158332000, 4.809422000);(-0.061569280, 1.590912000, 0.032151290);0,04348643;1,959348;;;-1,454133;1,158332;4,809422
0,2666667;0,028607740;0,0192076;(-1.435959000, 1.164234000, 4.811380000);(-0.061647810, 1.590969000, 0.032103850);0,06125418;1,940236;;;-1,435959;1,164234;4,81138
0,2777778;0,059583280;0,03097554;(-1.409021000, 1.179218000, 4.814426000);(-0.061813780, 1.591026000, 0.032071360);0,08949389;1,910604;;;-1,409021;1,179218;4,814426
0,2888889;0,099474460;0,03989118;(-1.373546000, 1.197025000, 4.818393000);(-0.061922140, 1.591121000, 0.032095380);0,1281197;1,872036;;;-1,373546;1,197025;4,818393
0,3;0,136185560;0,0367111;(-1.338646000, 1.207780000, 4.822139000);(-0.062174290, 1.591228000, 0.032258280);0,1648022;1,835496;;;-1,338646;1,20778;4,822139
0,3111111;0,159336950;0,02315139;(-1.317054000, 1.215796000, 4.824488000);(-0.062296040, 1.591325000, 0.032317350);0,1878696;1,812621;;;-1,317054;1,215796;4,824488
0,3222222;0,173491440;0,01415449;(-1.305298000, 1.223562000, 4.825845000);(-0.062467970, 1.591448000, 0.032305430);0,2014073;1,7995;;;-1,305298;1,223562;4,825845
0,3333333;0,184193730;0,01070229;(-1.295874000, 1.228521000, 4.826904000);(-0.062638120, 1.591495000, 0.032297860);0,2119327;1,789238;;;-1,295874;1,228521;4,826904
0,3444445;0,202238290;0,01804456;(-1.279555000, 1.236006000, 4.828713000);(-0.062890950, 1.591370000, 0.032127090);0,2298508;1,771692;;;-1,279555;1,236006;4,828713
0,3555556;0,225297050;0,02305876;(-1.259448000, 1.247064000, 4.830983000);(-0.063183500, 1.591354000, 0.031967830);0,2525472;1,749742;;;-1,259448;1,247064;4,830983
0,3666667;0,261983620;0,03668657;(-1.225435000, 1.260301000, 4.834698000);(-0.063264920, 1.591253000, 0.031881580);0,2892104;1,713676;;;-1,225435;1,260301;4,834698
0,3777778;0,304339180;0,04235556;(-1.185580000, 1.273975000, 4.839008000);(-0.063475940, 1.591286000, 0.031711770);0,3315651;1,671781;;;-1,18558;1,273975;4,839008
0,3888889;0,346753030;0,04241385;(-1.145674000, 1.287680000, 4.843324000);(-0.063492980, 1.591360000, 0.031517700);0,3739783;1,629854;;;-1,145674;1,28768;4,843324
0,4;0,410711790;0,06395876;(-1.083256000, 1.300009000, 4.849864000);(-0.063508570, 1.591430000, 0.031426740);0,4374003;1,565907;;;-1,083256;1,300009;4,849864
0,4111111;0,466695150;0,05598336;(-1.027609000, 1.302417000, 4.855496000);(-0.063441320, 1.591590000, 0.031124540);0,4915711;1,510427;;;-1,027609;1,302417;4,855496
0,4222222;0,519140310;0,05244516;(-0.975716600, 1.307830000, 4.860821000);(-0.063394140, 1.591779000, 0.030901560);0,5432504;1,458139;;;-0,9757166;1,30783;4,860821
0,4333333;0,573076360;0,05393605;(-0.923023200, 1.317935000, 4.866335000);(-0.063401240, 1.591934000, 0.030794750);0,5970387;1,404204;;;-0,9230232;1,317935;4,866335
0,4444444;0,617608850;0,04453249;(-0.881206500, 1.332563000, 4.870864000);(-0.063286240, 1.592229000, 0.030612660);0,6414526;1,360206;;;-0,8812065;1,332563;4,870864
0,4555556;0,654068600;0,03645975;(-0.847648300, 1.346333000, 4.874545000);(-0.063248870, 1.592412000, 0.030591080);0,6776515;1,324572;;;-0,8476483;1,346333;4,874545
0,4666667;0,694394920;0,04032632;(-0.810725600, 1.362031000, 4.878608000);(-0.062948030, 1.592679000, 0.030424780);0,7176616;1,285327;;;-0,8107256;1,362031;4,878608
0,4777778;0,737088100;0,04269318;(-0.770267900, 1.374951000, 4.882961000);(-0.062572110, 1.592825000, 0.030389740);0,7603374;1,243086;;;-0,7702679;1,374951;4,882961
0,4888889;0,784530850;0,04744275;(-0.723441500, 1.380849000, 4.887789000);(-0.062147000, 1.593229000, 0.030200080);0,8072435;1,195673;;;-0,7234415;1,380849;4,887789
0,5;0,836531970;0,05200112;(-0.671804500, 1.384043000, 4.893038000);(-0.061618380, 1.593487000, 0.030235540);0,8581778;1,143939;;;-0,6718045;1,384043;4,893038
0,5111111;0,888348190;0,05181622;(-0.620427000, 1.388256000, 4.898283000);(-0.061178690, 1.593999000, 0.030217360);0,9092326;1,092314;;;-0,620427;1,388256;4,898283
0,5222223;0,942907560;0,05455937;(-0.566215900, 1.391026000, 4.903780000);(-0.060605710, 1.594347000, 0.030107930);0,9627924;1,038156;;;-0,5662159;1,391026;4,90378
0,5333334;0,997916680;0,05500912;(-0.511582900, 1.394256000, 4.909329000);(-0.059975390, 1.594651000, 0.030013750);1,016977;0,9835418;;;-0,5115829;1,394256;4,909329
0,5444446;1,054682450;0,05676577;(-0.455517100, 1.401012000, 4.915104000);(-0.059326270, 1.594877000, 0.029940800);1,073428;0,926894;;;-0,4555171;1,401012;4,915104
0,5555557;1,104368170;0,04968572;(-0.407983500, 1.414556000, 4.920180000);(-0.058660850, 1.595106000, 0.029817830);1,123044;0,8774227;;;-0,4079835;1,414556;4,92018
0,5666668;1,151956400;0,04758823;(-0.365088500, 1.434606000, 4.924942000);(-0.057914310, 1.595363000, 0.029572020);1,16962;0,8314521;;;-0,3650885;1,434606;4,924942
0,577778;1,203174660;0,05121826;(-0.317769500, 1.453511000, 4.930121000);(-0.057385570, 1.595540000, 0.029494540);1,22032;0,7814539;;;-0,3177695;1,453511;4,930121
0,5888891;1,253766650;0,05059199;(-0.268630800, 1.464381000, 4.935297000);(-0.056567370, 1.595712000, 0.029386230);1,2709;0,7309732;;;-0,2686308;1,464381;4,935297
0,6000003;1,304245820;0,05047917;(-0.218696300, 1.469710000, 4.940424000);(-0.055770880, 1.595852000, 0.029306010);1,320956;0,6805423;;;-0,2186963;1,46971;4,940424
0,6111114;1,358831600;0,05458578;(-0.164511000, 1.465832000, 4.945764000);(-0.054799930, 1.596081000, 0.029299930);1,373137;0,6274148;;;-0,164511;1,465832;4,945764
0,6222225;1,413599690;0,05476809;(-0.110055300, 1.463618000, 4.951170000);(-0.053814500, 1.596214000, 0.029326150);1,426115;0,5739731;;;-0,1100553;1,463618;4,95117
0,6333337;1,461633500;0,04803381;(-0.062276420, 1.464739000, 4.955983000);(-0.052828110, 1.596457000, 0.029292180);1,473333;0,5266675;;;-0,06227642;1,464739;4,955983
0,6444448;1,501049920;0,03941642;(-0.023166850, 1.467605000, 4.959969000);(-0.051859470, 1.596603000, 0.029282640);1,512415;0,4876252;;;-0,02316685;1,467605;4,959969
0,655556;1,536552060;0,03550214;(0.011402800, 1.474826000, 4.963600000);(-0.050890840, 1.596754000, 0.029259570);1,547917;0,4521255;;;0,0114028;1,474826;4,9636
0,6666671;1,567532640;0,03098058;(0.041570560, 1.481124000, 4.966768000);(-0.050080930, 1.596894000, 0.029342250);1,578897;0,4211475;;;0,04157056;1,481124;4,966768
0,6777782;1,595825470;0,02829283;(0.068837260, 1.488098000, 4.969662000);(-0.049081850, 1.596916000, 0.029309110);1,607159;0,3928694;;;0,06883726;1,488098;4,969662
0,6888894;1,621269410;0,02544394;(0.091661330, 1.499053000, 4.972202000);(-0.048104870, 1.596964000, 0.029275130);1,631868;0,3681384;;;0,09166133;1,499053;4,972202
0,7000005;1,656392720;0,03512331;(0.126608700, 1.499231000, 4.975708000);(-0.047081610, 1.597003000, 0.029261660);1,666298;0,3337492;;;0,1266087;1,499231;4,975708
0,7111117;1,700730120;0,0443374;(0.170539900, 1.495070000, 4.980015000);(-0.046232630, 1.596939000, 0.029294200);1,708756;0,2919063;;;0,1705399;1,49507;4,980015
0,7222228;1,746165160;0,04543504;(0.215585100, 1.491105000, 4.984437000);(-0.045276980, 1.596981000, 0.029336520);1,752444;0,2497986;;;0,2155851;1,491105;4,984437
0,7333339;1,780840240;0,03467508;(0.249804800, 1.495454000, 4.987967000);(-0.044589860, 1.597043000, 0.029502580);1,787055;0,2159629;;;0,2498048;1,495454;4,987967
0,7444451;1,814107370;0,03326713;(0.272585100, 1.519531000, 4.990807000);(-0.043641460, 1.597115000, 0.029572430);1,814167;0,1865081;;;0,2725851;1,519531;4,990807
0,7555562;1,843173370;0,029066;(0.293057800, 1.540008000, 4.993331000);(-0.042621720, 1.597145000, 0.029622800);1,838466;0,1615367;;;0,2930578;1,540008;4,993331
0,7666674;1,866589440;0,02341607;(0.314899900, 1.548107000, 4.995708000);(-0.041663450, 1.597222000, 0.029642950);1,86163;0,1384396;;;0,3148999;1,548107;4,995708
0,7777785;1,887821860;0,02123242;(0.334529800, 1.555909000, 4.997855000);(-0.040696400, 1.597261000, 0.029705950);1,882563;0,1177148;;;0,3345298;1,555909;4,997855
0,7888896;1,897103504;0,009281644;(0.341668400, 1.561779000, 4.998706000);(-0.039788080, 1.597343000, 0.029759120);1,890818;0,1098912;;;0,3416684;1,561779;4,998706
0,8000008;1,905578268;0,008474764;(0.347398900, 1.567982000, 4.999424000);(-0.038838370, 1.597349000, 0.029809660);1,897772;0,1037107;;;0,3473989;1,567982;4,999424
0,8111119;1,920809708;0,01523144;(0.362449800, 1.566160000, 5.000890000);(-0.037937520, 1.597363000, 0.029875820);1,912168;0,08870738;;;0,3624498;1,56616;5,00089
0,8222231;1,935774218;0,01496451;(0.375849600, 1.559605000, 5.002081000);(-0.037028420, 1.597313000, 0.029934650);1,923967;0,0760949;;;0,3758496;1,559605;5,002081
0,8333342;1,951249408;0,01547519;(0.390176100, 1.553902000, 5.003385000);(-0.036174490, 1.597277000, 0.030065070);1,936894;0,06335466;;;0,3901761;1,553902;5,003385
0,8444453;1,964634228;0,01338482;(0.403328000, 1.551764000, 5.004653000);(-0.035302700, 1.597259000, 0.030139270);1,949414;0,05165132;;;0,403328;1,551764;5,004653
0,8555565;1,989320228;0,024686;(0.415319700, 1.573274000, 5.006352000);(-0.034422030, 1.597235000, 0.030227970);1,965634;0,0353715;;;0,4153197;1,573274;5,006352
0,8666676;2,004871588;0,01555136;(0.425526300, 1.584936000, 5.007645000);(-0.033984440, 1.597467000, 0.030683580);1,978139;0,02814241;;;0,4255263;1,584936;5,007645
0,8777788;2,014258314;0,009386726;(0.429464300, 1.593436000, 5.008236000);(-0.033169760, 1.597442000, 0.030795640);1,983845;0,02996926;;;0,4294643;1,593436;5,008236
0,8888899;2,021765523;0,007507209;(0.434275000, 1.599167000, 5.008850000);(-0.032410200, 1.597431000, 0.030902270);1,989822;0,03152902;;;0,434275;1,599167;5,00885
0,900001;2,027406862;0,005641339;(0.438628200, 1.602717000, 5.009368000);(-0.031680420, 1.597390000, 0.031003780);1,994876;0,03279401;;;0,4386282;1,602717;5,009368
0,9111122;2,037478462;0,0100716;(0.446355800, 1.596289000, 5.009995000);(-0.030944420, 1.597282000, 0.031089490);2,001044;0,02449082;;;0,4463558;1,596289;5,009995
0,9222233;2,045584845;0,008106383;(0.454249300, 1.594603000, 5.010746000);(-0.030269350, 1.597079000, 0.031142840);2,008425;0,02278015;;;0,4542493;1,594603;5,010746
0,9333345;2,060085775;0,01450093;(0.468156600, 1.590709000, 5.012050000);(-0.029730440, 1.597148000, 0.031268900);2,021248;0,02570931;;;0,4681566;1,590709;5,01205
0,9444456;2,072871295;0,01278552;(0.480746200, 1.588841000, 5.013268000);(-0.029110610, 1.597047000, 0.031319690);2,033224;0,0347142;;;0,4807462;1,588841;5,013268
0,9555568;2,077442926;0,004571631;(0.483060500, 1.584901000, 5.013410000);(-0.028536620, 1.597009000, 0.031415350);2,034673;0,03514864;;;0,4830605;1,584901;5,01341
0,9666679;2,068960626;0,0084823;(0.474623700, 1.584689000, 5.012559000);(-0.028036300, 1.597015000, 0.031594460);2,026332;0,02732182;;;0,4746237;1,584689;5,012559
0,977779;2,064468150;0,004492476;(0.470157600, 1.584890000, 5.012116000);(-0.027631370, 1.596800000, 0.031562400);2,021984;0,02353361;;;0,4701576;1,58489;5,012116
0,9888902;2,065876621;0,001408471;(0.471183800, 1.585847000, 5.012240000);(-0.027217520, 1.596739000, 0.031630520);2,023194;0,02492182;;;0,4711838;1,585847;5,01224
1,000001;2,056131793;0,009744828;(0.462304800, 1.589782000, 5.011442000);(-0.026880820, 1.596578000, 0.031595540);2,015301;0,02127722;;;0,4623048;1,589782;5,011442
1,011112;2,049026449;0,007105344;(0.460920000, 1.582819000, 5.011142000);(-0.026501610, 1.596612000, 0.031634160);2,012467;0,01496826;;;0,46092;1,582819;5,011142
1,022224;2,056709191;0,007682742;(0.463026800, 1.575431000, 5.011182000);(-0.026154710, 1.596567000, 0.031642500);2,013002;0,01301744;;;0,4630268;1,575431;5,011182
1,033335;2,063685984;0,006976793;(0.464955900, 1.582127000, 5.011530000);(-0.025863620, 1.596534000, 0.031837890);2,01629;0,01764391;;;0,4649559;1,582127;5,01153
1,044446;2,067480295;0,003794311;(0.465602300, 1.585863000, 5.011682000);(-0.025501300, 1.596537000, 0.031951610);2,017711;0,02048009;;;0,4656023;1,585863;5,011682
1,055557;2,058132677;0,009347618;(0.462701600, 1.594748000, 5.011597000);(-0.025139320, 1.596547000, 0.031877820);2,016755;0,02574009;;;0,4627016;1,594748;5,011597
