time;total distance traveled;distance to prev position;ray position;hmd position;distance to prev target;distance to current target
(-1.975760000, 3.096701000, 4.402941000);(-1.689066000, 1.149675000, 4.759170000);0,2777778;0,2444444
True

0;-0,007023526;0,007023526;(-1.987634000, 3.118742000, 4.383115000);(-0.059125620, 1.615403000, 0.031659080);0,03193536;2,026767;;;-1,987634;3,118742;4,383115
0,01111111;-0,027199396;0,02017587;(-1.977951000, 3.118422000, 4.400812000);(-0.059109890, 1.615437000, 0.031601140);0,02193502;2,02184;;;-1,977951;3,118422;4,400812
0,02222222;-0,027199396;0;(-1.977951000, 3.118422000, 4.400812000);(-0.059021940, 1.615245000, 0.031642750);0,02193502;2,02184;;;-1,977951;3,118422;4,400812
0,03333334;-0,035818221;0,008618825;(-1.974811000, 3.112322000, 4.406030000);(-0.059299200, 1.615246000, 0.031644890);0,01595239;2,014533;;;-1,974811;3,112322;4,40603
0,04444445;-0,040568230;0,004750009;(-1.973456000, 3.108301000, 4.408164000);(-0.059378390, 1.615181000, 0.031672070);0,01292925;2,010049;;;-1,973456;3,108301;4,408164
0,05555556;-0,037920401;0,002647829;(-1.974070000, 3.110708000, 4.407248000);(-0.059398670, 1.615395000, 0.031644530);0,0147519;2,012642;;;-1,97407;3,110708;4,407248
0,06666667;-0,028818433;0,009101968;(-1.978404000, 3.112650000, 4.399483000);(-0.059425370, 1.615423000, 0.031658000);0,01653251;2,016522;;;-1,978404;3,11265;4,399483
0,07777778;-0,024442417;0,004376016;(-1.980275000, 3.114938000, 4.396256000);(-0.059451720, 1.615308000, 0.031764100);0,01994182;2,019596;;;-1,980275;3,114938;4,396256
0,08888889;-0,020045462;0,004396955;(-1.978686000, 3.117578000, 4.399393000);(-0.059469170, 1.615301000, 0.031744670);0,02137725;2,021375;;;-1,978686;3,117578;4,399393
0,1;-0,017341065;0,002704397;(-1.978960000, 3.120255000, 4.399124000);(-0.059499700, 1.615274000, 0.031714150);0,02407464;2,024069;;;-1,97896;3,120255;4,399124
0,1111111;-0,011350734;0,005990331;(-1.981839000, 3.120872000, 4.393907000);(-0.059649890, 1.615344000, 0.031688400);0,02651031;2,026018;;;-1,981839;3,120872;4,393907
0,1222222;-0,008206333;0,003144401;(-1.980627000, 3.122555000, 4.396271000);(-0.059551540, 1.615284000, 0.031647160);0,02714056;2,027056;;;-1,980627;3,122555;4,396271
0,1333333;-0,010461233;0,0022549;(-1.979544000, 3.122485000, 4.398247000);(-0.059604510, 1.615267000, 0.031565200);0,02647967;2,02648;;;-1,979544;3,122485;4,398247
0,1444445;-0,008198546;0,002262687;(-1.978706000, 3.123790000, 4.399895000);(-0.059587780, 1.615342000, 0.031649480);0,02741849;2,027338;;;-1,978706;3,12379;4,399895
0,1555556;-0,012258372;0,004059826;(-1.980489000, 3.122425000, 4.396513000);(-0.059582240, 1.615371000, 0.031711530);0,02693325;2,026866;;;-1,980489;3,122425;4,396513
0,1666667;-0,025102932;0,01284456;(-1.983304000, 3.111478000, 4.390411000);(-0.059577800, 1.615423000, 0.031740020);0,02079089;2,017729;;;-1,983304;3,111478;4,390411
0,1777778;-0,018720430;0,006382502;(-1.985619000, 3.107666000, 4.385845000);(-0.059694520, 1.615417000, 0.031851420);0,02257614;2,015203;;;-1,985619;3,107666;4,385845
0,1888889;-0,0194852338;0,0007648038;(-1.985483000, 3.106936000, 4.386030000);(-0.059706360, 1.615463000, 0.031877350);0,02202872;2,01444;;;-1,985483;3,106936;4,38603
0,2;-0,0252334248;0,005748191;(-1.982792000, 3.107821000, 4.391032000);(-0.059714740, 1.615583000, 0.032008240);0,01774606;2,013985;;;-1,982792;3,107821;4,391032
0,2111111;-0,0296931518;0,004459727;(-1.980718000, 3.106369000, 4.394703000);(-0.059677870, 1.615507000, 0.032160000);0,01363478;2,011603;;;-1,980718;3,106369;4,394703
0,2222222;-0,0377173218;0,00802417;(-1.976913000, 3.107098000, 4.401731000);(-0.059499880, 1.615381000, 0.032143540);0,01053044;2,010503;;;-1,976913;3,107098;4,401731
0,2333333;-0,0221273218;0,01559;(-1.969679000, 3.110025000, 4.415226000);(-0.059442720, 1.615271000, 0.032172750);0,01911709;2,009978;;;-1,969679;3,110025;4,415226
0,2444444;0,0129554082;0,03508273;(-1.952924000, 3.111447000, 4.446017000);(-0.059359700, 1.615066000, 0.032243500);0,05093648;2,004055;;;-1,952924;3,111447;4,446017
0,2555556;0,0606763582;0,04772095;(-1.930039000, 3.104430000, 4.487300000);(-0.059078680, 1.614632000, 0.032274670);0,09626395;1,988227;;;-1,930039;3,10443;4,4873
0,2666667;0,1204438082;0,05976745;(-1.901441000, 3.094077000, 4.538751000);(-0.058978250, 1.614385000, 0.032336190);0,1548373;1,968346;;;-1,901441;3,094077;4,538751
0,2777778;0,1635707982;0,04312699;(-1.882304000, 3.074521000, 4.572086000);(-0.058825900, 1.614089000, 0.032430120);0,1945155;1,943546;;;-1,882304;3,074521;4,572086
0,2888889;0,1958155882;0,03224479;(-1.877133000, 3.043422000, 4.578859000);(-0.058976700, 1.613849000, 0.032634570);0,2085979;1,911585;;;-1,877133;3,043422;4,578859
0,3;0,2168748482;0,02105926;(-1.876631000, 3.022388000, 4.577959000);(-0.058868740, 1.613514000, 0.032699890);0,2144302;1,890786;;;-1,876631;3,022388;4,577959
0,3111111;0,1991545582;0,01772029;(-1.879698000, 3.006400000, 4.570960000);(-0.058769650, 1.613053000, 0.032591830);0,2135712;1,875951;;;-1,879698;3,0064;4,57096
0,3222222;0,1817076782;0,01744688;(-1.885518000, 2.994798000, 4.559302000);(-0.058676310, 1.612551000, 0.032503380);0,2073079;1,866285;;;-1,885518;2,994798;4,559302
0,3333333;0,2257610382;0,04405336;(-1.876678000, 2.953524000, 4.571910000);(-0.058591670, 1.611963000, 0.032215010);0,2426263;1,823221;;;-1,876678;2,953524;4,57191
0,3444445;0,2936902982;0,06792926;(-1.856823000, 2.896666000, 4.603333000);(-0.058440700, 1.611504000, 0.032011460);0,3071105;1,761932;;;-1,856823;2,896666;4,603333
0,3555556;0,3636555682;0,06996527;(-1.835251000, 2.839786000, 4.637893000);(-0.058293440, 1.610936000, 0.031775900);0,3754339;1,70075;;;-1,835251;2,839786;4,637893
0,3666667;0,4698866682;0,1062311;(-1.804170000, 2.750914000, 4.687094000);(-0.058137030, 1.610422000, 0.031539630);0,4793277;1,606987;;;-1,80417;2,750914;4,687094
0,3777778;0,5748923682;0,1050057;(-1.776114000, 2.659525000, 4.730536000);(-0.057942870, 1.609985000, 0.031436390);0,5816356;1,512628;;;-1,776114;2,659525;4,730536
0,3888889;0,6777352682;0,1028429;(-1.753780000, 2.564599000, 4.763200000);(-0.057785070, 1.609527000, 0.031233740);0,6798484;1,416409;;;-1,75378;2,564599;4,7632
0,4;0,7780649682;0,1003297;(-1.734891000, 2.469654000, 4.789556000);(-0.057715970, 1.608974000, 0.030788370);0,7750336;1,321123;;;-1,734891;2,469654;4,789556
0,4111111;0,8857520682;0,1076871;(-1.720732000, 2.364230000, 4.806346000);(-0.057649510, 1.608615000, 0.030541790);0,8742356;1,215883;;;-1,720732;2,36423;4,806346
0,4222222;0,9692069482;0,08345488;(-1.724979000, 2.282221000, 4.791473000);(-0.057603770, 1.608405000, 0.030349150);0,9366032;1,133576;;;-1,724979;2,282221;4,791473
0,4333333;1,0515393582;0,08233241;(-1.740295000, 2.208992000, 4.757100000);(-0.057549780, 1.608155000, 0.030078240);0,9843266;1,060557;;;-1,740295;2,208992;4,7571
0,4444444;1,1375275782;0,08598822;(-1.754732000, 2.130988000, 4.723921000);(-0.057530450, 1.608108000, 0.029653320);1,041385;0,9841384;;;-1,754732;2,130988;4,723921
0,4555556;1,2230641182;0,08553654;(-1.763149000, 2.048898000, 4.701407000);(-0.057325110, 1.607985000, 0.029377050);1,110035;0,9041159;;;-1,763149;2,048898;4,701407
0,4666667;1,3175133482;0,09444923;(-1.773192000, 1.958710000, 4.675217000);(-0.057276040, 1.608007000, 0.029329010);1,187515;0,8177177;;;-1,773192;1,95871;4,675217
0,4777778;1,4068465282;0,08933318;(-1.772850000, 1.869658000, 4.668133000);(-0.057283200, 1.608165000, 0.029283590);1,271665;0,7305363;;;-1,77285;1,869658;4,668133
0,4888889;1,4873283282;0,0804818;(-1.770741000, 1.789264000, 4.665036000);(-0.057282790, 1.608121000, 0.029178750);1,349118;0,6516176;;;-1,770741;1,789264;4,665036
0,5;1,5623157582;0,07498743;(-1.768269000, 1.714343000, 4.663075000);(-0.057275780, 1.608162000, 0.029193350);1,421842;0,578236;;;-1,768269;1,714343;4,663075
0,5111111;1,6323928682;0,07007711;(-1.768537000, 1.644571000, 4.656543000);(-0.057313650, 1.608125000, 0.029219520);1,488602;0,5116348;;;-1,768537;1,644571;4,656543
0,5222223;1,6917968882;0,05940402;(-1.768846000, 1.585441000, 4.650859000);(-0.057324710, 1.608179000, 0.029373600);1,545375;0,4560566;;;-1,768846;1,585441;4,650859
0,5333334;1,7437650982;0,05196821;(-1.768575000, 1.533627000, 4.646871000);(-0.057326770, 1.608414000, 0.029578640);1,595502;0,4078619;;;-1,768575;1,533627;4,646871
0,5444446;1,7810479482;0,03728285;(-1.765672000, 1.496516000, 4.648972000);(-0.057363220, 1.608619000, 0.030002490);1,632562;0,3719015;;;-1,765672;1,496516;4,648972
0,5555557;1,8275672082;0,04651926;(-1.758553000, 1.451461000, 4.658103000);(-0.057393470, 1.608873000, 0.030472230);1,679018;0,3257568;;;-1,758553;1,451461;4,658103
0,5666668;1,8768732582;0,04930605;(-1.752737000, 1.402925000, 4.664546000);(-0.057471530, 1.609068000, 0.030979700);1,728309;0,2777465;;;-1,752737;1,402925;4,664546
0,577778;1,9189105482;0,04203729;(-1.743611000, 1.364121000, 4.677891000);(-0.057552950, 1.609171000, 0.031474600);1,769555;0,2357294;;;-1,743611;1,364121;4,677891
0,5888891;1,9569806582;0,03807011;(-1.736398000, 1.328128000, 4.687980000);(-0.057624250, 1.609184000, 0.031983630);1,807316;0,1978725;;;-1,736398;1,328128;4,68798
0,6000003;1,9904918782;0,03351122;(-1.733532000, 1.294823000, 4.690342000);(-0.057630840, 1.609144000, 0.032616450);1,840662;0,1666802;;;-1,733532;1,294823;4,690342
0,6111114;2,0091757282;0,01868385;(-1.735259000, 1.276827000, 4.685623000);(-0.057641580, 1.608873000, 0.033153550);1,857334;0,1539826;;;-1,735259;1,276827;4,685623
0,6222225;2,0214864582;0,01231073;(-1.730760000, 1.268149000, 4.693106000);(-0.057678730, 1.608625000, 0.033552600);1,867572;0,1419113;;;-1,73076;1,268149;4,693106
0,6333337;2,0458147782;0,02432832;(-1.722499000, 1.249690000, 4.706630000);(-0.057769030, 1.608261000, 0.033992540);1,888866;0,1178184;;;-1,722499;1,24969;4,70663
0,6444448;2,0631515382;0,01733676;(-1.717550000, 1.235013000, 4.714418000);(-0.057894930, 1.607932000, 0.034357800);1,905143;0,1004819;;;-1,71755;1,235013;4,714418
0,655556;2,0771424882;0,01399095;(-1.716898000, 1.221038000, 4.714402000);(-0.058020190, 1.607652000, 0.034676090);1,918888;0,08872051;;;-1,716898;1,221038;4,714402
0,6666671;2,0879298282;0,01078734;(-1.713850000, 1.211862000, 4.719186000);(-0.058124990, 1.607328000, 0.035011840);1,929048;0,07797519;;;-1,71385;1,211862;4,719186
0,6777782;2,0966385492;0,008708721;(-1.710213000, 1.206991000, 4.725422000);(-0.058246350, 1.607026000, 0.035344730);1,935333;0,06979384;;;-1,710213;1,206991;4,725422
0,6888894;2,1151287692;0,01849022;(-1.705161000, 1.191039000, 4.733290000);(-0.058177620, 1.606679000, 0.035662480);1,952921;0,0513787;;;-1,705161;1,191039;4,73329
0,7000005;2,1381124392;0,02298367;(-1.699824000, 1.170148000, 4.741248000);(-0.058375380, 1.606464000, 0.036112260);1,975398;0,02925843;;;-1,699824;1,170148;4,741248
0,7111117;2,1601615092;0,02204907;(-1.691846000, 1.154428000, 4.754492000);(-0.058584540, 1.606328000, 0.036493910);1,994146;0,007225031;;;-1,691846;1,154428;4,754492
0,7222228;2,1811382892;0,02097678;(-1.682356000, 1.145861000, 4.771122000);(-0.058620010, 1.606143000, 0.036719270);2,006843;0,01422792;;;-1,682356;1,145861;4,771122
0,7333339;2,1911191882;0,009980899;(-1.678003000, 1.140986000, 4.778666000);(-0.058578230, 1.605864000, 0.036957220);2,013616;0,02404131;;;-1,678003;1,140986;4,778666
0,7444451;2,1940985202;0,002979332;(-1.679205000, 1.139561000, 4.776342000);(-0.058559050, 1.605727000, 0.037194800);2,014391;0,02223594;;;-1,679205;1,139561;4,776342
0,7555562;2,1929093792;0,001189141;(-1.679502000, 1.140620000, 4.775891000);(-0.058581120, 1.605657000, 0.037329980);2,013234;0,02128557;;;-1,679502;1,14062;4,775891
0,7666674;2,1872068722;0,005702507;(-1.680557000, 1.146030000, 4.774429000);(-0.058603290, 1.605554000, 0.037494610);2,007552;0,01784797;;;-1,680557;1,14603;4,774429
0,7777785;2,1836914872;0,003515385;(-1.681931000, 1.148284000, 4.772108000);(-0.058619430, 1.605480000, 0.037653820);2,004731;0,01484054;;;-1,681931;1,148284;4,772108
0,7888896;2,1889110762;0,005219589;(-1.684283000, 1.146841000, 4.767678000);(-0.058696800, 1.605437000, 0.037855280);2,00498;0,01016328;;;-1,684283;1,146841;4,767678
0,8000008;2,1959196282;0,007008552;(-1.686524000, 1.141978000, 4.763155000);(-0.058771570, 1.605130000, 0.037825480);2,00857;0,009032938;;;-1,686524;1,141978;4,763155
0,8111119;2,2022474272;0,006327799;(-1.684880000, 1.136415000, 4.765683000);(-0.058711680, 1.605036000, 0.037870240);2,014675;0,01535526;;;-1,68488;1,136415;4,765683
0,8222231;2,2198110572;0,01756363;(-1.677893000, 1.125489000, 4.777527000);(-0.058757070, 1.605013000, 0.037898130);2,028476;0,03235466;;;-1,677893;1,125489;4,777527
0,8333342;2,2319582872;0,01214723;(-1.674426000, 1.115204000, 4.782983000);(-0.058783040, 1.605049000, 0.038013890);2,039991;0,0443808;;;-1,674426;1,115204;4,782983
0,8444453;2,2442809572;0,01232267;(-1.672931000, 1.103090000, 4.784671000);(-0.058818020, 1.605120000, 0.038061930);2,052294;0,05550561;;;-1,672931;1,10309;4,784671
0,8555565;2,2593790372;0,01509808;(-1.665969000, 1.097736000, 4.796952000);(-0.058840060, 1.605108000, 0.038148180);2,060843;0,06825409;;;-1,665969;1,097736;4,796952
0,8666676;2,2500047182;0,009374319;(-1.664096000, 1.105937000, 4.801090000);(-0.058787840, 1.605174000, 0.038128920);2,053972;0,0655276;;;-1,664096;1,105937;4,80109
0,8777788;2,2465309502;0,003473768;(-1.664740000, 1.109231000, 4.800195000);(-0.058795860, 1.605214000, 0.038132740);2,050508;0,06253439;;;-1,66474;1,109231;4,800195
0,8888899;2,2033266002;0,04320435;(-1.682755000, 1.133497000, 4.769320000);(-0.058650470, 1.605338000, 0.038195200);2,018478;0,02011446;;;-1,682755;1,133497;4,76932
0,900001;2,1747382002;0,0285884;(-1.695009000, 1.148330000, 4.748175000);(-0.058617970, 1.605372000, 0.038254090);1,998538;0,01257007;;;-1,695009;1,14833;4,748175
0,9111122;2,1505730602;0,02416514;(-1.704883000, 1.162571000, 4.731333000);(-0.058643720, 1.605463000, 0.038220480);1,980422;0,03451599;;;-1,704883;1,162571;4,731333
0,9222233;2,1386380702;0,01193499;(-1.709109000, 1.171279000, 4.724351000);(-0.058597870, 1.605577000, 0.038199910);1,970192;0,04561595;;;-1,709109;1,171279;4,724351
0,9333345;2,1345880952;0,004049975;(-1.711002000, 1.170625000, 4.720830000);(-0.058627790, 1.605552000, 0.038210580);1,970005;0,04888723;;;-1,711002;1,170625;4,72083
0,9444456;2,1457318152;0,01114372;(-1.707790000, 1.161233000, 4.725896000);(-0.058632760, 1.605534000, 0.038255230);1,98044;0,03989137;;;-1,70779;1,161233;4,725896
0,9555568;2,1723163052;0,02658449;(-1.697027000, 1.145254000, 4.744214000);(-0.058644250, 1.605582000, 0.038239070);2,000576;0,01751;;;-1,697027;1,145254;4,744214
0,9666679;2,1938616752;0,02154537;(-1.687934000, 1.133539000, 4.759844000);(-0.058688330, 1.605586000, 0.038169690);2,015993;0,01618996;;;-1,687934;1,133539;4,759844
0,977779;2,2020998792;0,008238204;(-1.684103000, 1.130853000, 4.766624000);(-0.058643240, 1.605620000, 0.038061330);2,020368;0,02084403;;;-1,684103;1,130853;4,766624
0,9888902;2,1983074282;0,003792451;(-1.682409000, 1.131989000, 4.769822000);(-0.058687970, 1.605708000, 0.038097750);2,020087;0,02169329;;;-1,682409;1,131989;4,769822
1,000001;2,1837756882;0,01453174;(-1.676091000, 1.137173000, 4.781837000);(-0.058682330, 1.605712000, 0.038150020);2,018196;0,02895681;;;-1,676091;1,137173;4,781837
1,011112;2,1751495822;0,008626106;(-1.672343000, 1.140265000, 4.788965000);(-0.058782420, 1.605739000, 0.038172670);2,017107;0,03544007;;;-1,672343;1,140265;4,788965
1,022224;2,1555485822;0,019601;(-1.681026000, 1.149220000, 4.773846000);(-0.058802000, 1.605777000, 0.038208730);2,004276;0,01673991;;;-1,681026;1,14922;4,773846
1,033335;2,1231074022;0,03244118;(-1.696313000, 1.158054000, 4.746630000);(-0.058718370, 1.605773000, 0.038181730);1,988608;0,01673242;;;-1,696313;1,158054;4,74663
1,044446;2,1150891912;0,008018211;(-1.699659000, 1.162547000, 4.740893000);(-0.058705780, 1.605879000, 0.038236810);1,982774;0,02473718;;;-1,699659;1,162547;4,740893
1,055557;2,1204261852;0,005336994;(-1.699768000, 1.157252000, 4.740236000);(-0.058617190, 1.605877000, 0.038212310);1,987813;0,02303062;;;-1,699768;1,157252;4,740236
1,066668;2,1327654352;0,01233925;(-1.703649000, 1.148564000, 4.732380000);(-0.058680690, 1.605760000, 0.038308450);1,994445;0,0305214;;;-1,703649;1,148564;4,73238
1,077779;2,1418746712;0,009109236;(-1.706731000, 1.142603000, 4.726221000);(-0.058701470, 1.605745000, 0.038359360);1,998846;0,0380486;;;-1,706731;1,142603;4,726221
1,08889;2,1378095112;0,00406516;(-1.705355000, 1.145262000, 4.728971000);(-0.058732650, 1.605753000, 0.038407400);1,996879;0,03459489;;;-1,705355;1,145262;4,728971
