time;total distance traveled;distance to prev position;ray position;hmd position;distance to prev target;distance to current target
(4.324744000, 1.252838000, 2.423804000);(3.431630000, 2.703712000, 3.471331000);0,3;0,2777778

0;-0,01235894;0,01235894;(4.305840000, 1.242707000, 2.446838000);(-0.072739120, 1.749936000, 0.050803050);0,03147238;1,987049;;;4,30584;1,242707;2,446838
0,01111111;-0,00120791;0,01115103;(4.299061000, 1.246259000, 2.454947000);(-0.072866140, 1.749959000, 0.050850820);0,04089975;1,977281;;;4,299061;1,246259;2,454947
0,02222222;0,002905299;0,004113209;(4.296852000, 1.248535000, 2.457566000);(-0.072935910, 1.749989000, 0.050880510);0,04400403;1,973288;;;4,296852;1,248535;2,457566
0,03333334;-0,002124182;0,005029481;(4.300031000, 1.247767000, 2.453745000);(-0.073039530, 1.750045000, 0.050980260);0,03915247;1,977214;;;4,300031;1,247767;2,453745
0,04444445;-0,007769674;0,005645492;(4.302178000, 1.243181000, 2.451249000);(-0.073166920, 1.750069000, 0.051067010);0,03681952;1,982819;;;4,302178;1,243181;2,451249
0,05555556;-0,018600574;0,0108309;(4.307456000, 1.236058000, 2.445028000);(-0.073279950, 1.750149000, 0.051151860);0,03210718;1,993584;;;4,307456;1,236058;2,445028
0,06666667;-0,009986870;0,008613704;(4.309906000, 1.228287000, 2.442234000);(-0.073374670, 1.750169000, 0.051257210);0,03409675;2,001821;;;4,309906;1,228287;2,442234
0,07777778;-0,007326840;0,00266003;(4.309329000, 1.225801000, 2.442984000);(-0.073374670, 1.750169000, 0.051257210);0,036558;2,003017;;;4,309329;1,225801;2,442984
0,08888889;-0,007326840;0;(4.309329000, 1.225801000, 2.442984000);(-0.073545920, 1.750223000, 0.051673490);0,036558;2,003017;;;4,309329;1,225801;2,442984
0,1;-0,022993380;0,01566654;(4.304646000, 1.239758000, 2.448342000);(-0.073724090, 1.750226000, 0.051849260);0,0343091;1,98792;;;4,304646;1,239758;2,448342
0,1111111;-0,015590444;0,007402936;(4.299935000, 1.239349000, 2.454038000);(-0.073989110, 1.750246000, 0.052007330);0,04137025;1,983229;;;4,299935;1,239349;2,454038
0,1222222;-0,013343519;0,002246925;(4.299498000, 1.237220000, 2.454610000);(-0.074098710, 1.750322000, 0.052192230);0,04278162;1,984317;;;4,299498;1,23722;2,45461
0,1333333;-0,020466888;0,007123369;(4.302299000, 1.231541000, 2.451349000);(-0.074202870, 1.750354000, 0.052401260);0,04142513;1,991411;;;4,302299;1,231541;2,451349
0,1444445;-0,025824469;0,005357581;(4.305255000, 1.228775000, 2.447839000);(-0.074229080, 1.750386000, 0.052603080);0,03919856;1,996546;;;4,305255;1,228775;2,447839
0,1555556;-0,030660948;0,004836479;(4.307742000, 1.231574000, 2.444778000);(-0.074222680, 1.750452000, 0.052797750);0,03436738;1,997141;;;4,307742;1,231574;2,444778
0,1666667;-0,037554817;0,006893869;(4.309223000, 1.238026000, 2.442853000);(-0.074212240, 1.750487000, 0.052975910);0,02869053;1,994034;;;4,309223;1,238026;2,442853
0,1777778;-0,041472321;0,003917504;(4.309310000, 1.241938000, 2.442666000);(-0.074163180, 1.750441000, 0.053142440);0,02669818;1,991295;;;4,30931;1,241938;2,442666
0,1888889;-0,033181849;0,008290472;(4.305237000, 1.247330000, 2.447469000);(-0.074129880, 1.750432000, 0.053331810);0,03115913;1,983061;;;4,305237;1,24733;2,447469
0,2;-0,028527527;0,004654322;(4.302269000, 1.247282000, 2.451054000);(-0.074098390, 1.750427000, 0.053537680);0,03575682;1,979941;;;4,302269;1,247282;2,451054
0,2111111;-0,025289832;0,003237695;(4.301195000, 1.244543000, 2.452407000);(-0.074021470, 1.750524000, 0.053716530);0,03796678;1,980788;;;4,301195;1,244543;2,452407
0,2222222;-0,030216107;0,004926275;(4.302897000, 1.240359000, 2.450441000);(-0.073948170, 1.750633000, 0.053963260);0,03664025;1,985629;;;4,302897;1,240359;2,450441
0,2333333;-0,046588787;0,01637268;(4.313161000, 1.237060000, 2.438119000);(-0.073948170, 1.750633000, 0.053963260);0,02424939;1,998923;;;4,313161;1,23706;2,438119
0,2444444;-0,046588787;0;(4.313161000, 1.237060000, 2.438119000);(-0.073863880, 1.750959000, 0.054373310);0,02424939;1,998923;;;4,313161;1,23706;2,438119
0,2555556;-0,066704757;0,02011597;(4.319478000, 1.254406000, 2.430128000);(-0.073865700, 1.751138000, 0.054516660);0,008377463;1,993204;;;4,319478;1,254406;2,430128
0,2666667;-0,043345307;0,02335945;(4.309973000, 1.272636000, 2.441218000);(-0.073848900, 1.751333000, 0.054679770);0,03022217;1,969923;;;4,309973;1,272636;2,441218
0,2777778;-0,020402557;0,02294275;(4.298233000, 1.286635000, 2.455094000);(-0.073795020, 1.751516000, 0.054824720);0,05314296;1,947265;;;4,298233;1,286635;2,455094
0,2888889;0,019320573;0,03972313;(4.276419000, 1.307409000, 2.480989000);(-0.073819670, 1.751785000, 0.054967450);0,09264664;1,908955;;;4,276419;1,307409;2,480989
0,3;0,042569453;0,02324888;(4.267833000, 1.326582000, 2.490949000);(-0.073799370, 1.752063000, 0.055101950);0,1148274;1,885967;;;4,267833;1,326582;2,490949
0,3111111;0,065431303;0,02286185;(4.259275000, 1.345308000, 2.500885000);(-0.073772370, 1.752358000, 0.055268150);0,1370344;1,863336;;;4,259275;1,345308;2,500885
0,3222222;0,092761133;0,02732983;(4.253641000, 1.371310000, 2.507137000);(-0.073667390, 1.752683000, 0.055419490);0,1613553;1,838659;;;4,253641;1,37131;2,507137
0,3333333;0,130764693;0,03800356;(4.244774000, 1.406900000, 2.517089000);(-0.073553990, 1.753171000, 0.055664820);0,1970588;1,803747;;;4,244774;1,4069;2,517089
0,4111111;0,715374593;0,5846099;(4.020307000, 1.879407000, 2.778087000);(-0.071818460, 1.756228000, 0.056900870);0,7815285;1,227439;;;4,020307;1,879407;2,778087
0,4222222;0,802007073;0,08663248;(3.989207000, 1.951801000, 2.814102000);(-0.071550150, 1.756534000, 0.056970670);0,8680246;1,143771;;;3,989207;1,951801;2,814102
0,4333333;0,884504213;0,08249714;(3.959005000, 2.020119000, 2.849119000);(-0.071340290, 1.756818000, 0.056960720);0,9504623;1,064223;;;3,959005;2,020119;2,849119
0,4444444;0,971272153;0,08676794;(3.925595000, 2.090141000, 2.887972000);(-0.071089370, 1.757089000, 0.056985780);1,03723;0,9801936;;;3,925595;2,090141;2,887972
0,4555556;1,054111713;0,08283956;(3.892128000, 2.155093000, 2.927003000);(-0.070872260, 1.757243000, 0.056952970);1,120014;0,8996294;;;3,892128;2,155093;2,927003
0,4666667;1,123222463;0,06911075;(3.861958000, 2.206251000, 2.962344000);(-0.070653300, 1.757457000, 0.056956690);1,188778;0,8316954;;;3,861958;2,206251;2,962344
0,4777778;1,199157043;0,07593458;(3.832069000, 2.266761000, 2.997148000);(-0.070512670, 1.757575000, 0.056937770);1,26471;0,7590307;;;3,832069;2,266761;2,997148
0,4888889;1,267599823;0,06844278;(3.807149000, 2.323587000, 3.026030000);(-0.070218560, 1.757770000, 0.056885140);1,333073;0,6955594;;;3,807149;2,323587;3,02603
0,5;1,336190673;0,06859085;(3.777721000, 2.375091000, 3.060469000);(-0.070090830, 1.757875000, 0.056888680);1,401438;0,6297448;;;3,777721;2,375091;3,060469
0,5111111;1,394629633;0,05843896;(3.749001000, 2.413081000, 3.094337000);(-0.070027740, 1.757975000, 0.056933330);1,458512;0,5721149;;;3,749001;2,413081;3,094337
0,5222223;1,454640703;0,06001107;(3.719574000, 2.452214000, 3.129035000);(-0.069995910, 1.758040000, 0.056954400);1,517262;0,5131563;;;3,719574;2,452214;3,129035
0,5333334;1,520329563;0,06568886;(3.687052000, 2.494465000, 3.167404000);(-0.069981740, 1.758107000, 0.056998330);1,581528;0,4487719;;;3,687052;2,494465;3,167404
0,5444446;1,586030623;0,06570106;(3.654392000, 2.536473000, 3.205944000);(-0.070018660, 1.758205000, 0.056960960);1,645853;0,3847366;;;3,654392;2,536473;3,205944
0,5555557;1,651133833;0,06510321;(3.622395000, 2.578791000, 3.243677000);(-0.070061120, 1.758297000, 0.057020950);1,709864;0,3222156;;;3,622395;2,578791;3,243677
0,5666668;1,719686063;0,06855223;(3.583669000, 2.611632000, 3.289733000);(-0.070087820, 1.758358000, 0.057031620);1,773512;0,2541109;;;3,583669;2,611632;3,289733
0,577778;1,779129763;0,0594437;(3.550819000, 2.642171000, 3.328744000);(-0.070109320, 1.758409000, 0.057089020);1,829787;0,1957665;;;3,550819;2,642171;3,328744
0,5888891;1,808535073;0,02940531;(3.532728000, 2.650416000, 3.350410000);(-0.070194360, 1.758430000, 0.057183220);1,854484;0,1663831;;;3,532728;2,650416;3,35041
0,6000003;1,843973763;0,03543869;(3.515391000, 2.673601000, 3.370849000);(-0.070294380, 1.758423000, 0.057307620);1,88958;0,1342358;;;3,515391;2,673601;3,370849
0,6111114;1,876302653;0,03232889;(3.500010000, 2.695527000, 3.388955000);(-0.070384370, 1.758532000, 0.057382570);1,921732;0,1073715;;;3,50001;2,695527;3,388955
0,6222225;1,902573003;0,02627035;(3.487895000, 2.713986000, 3.403190000);(-0.070594000, 1.758489000, 0.057575960);1,947939;0,08896431;;;3,487895;2,713986;3,40319
0,6333337;1,924497973;0,02192497;(3.477472000, 2.728870000, 3.415459000);(-0.070797260, 1.758439000, 0.057643370);1,969751;0,07652514;;;3,477472;2,72887;3,415459
0,6444448;1,941775153;0,01727718;(3.466600000, 2.731999000, 3.428517000);(-0.071060170, 1.758425000, 0.057779800);1,983375;0,06209768;;;3,4666;2,731999;3,428517
0,655556;1,954343903;0,01256875;(3.459652000, 2.725901000, 3.437033000);(-0.071423960, 1.758404000, 0.058132160);1,986185;0,04953782;;;3,459652;2,725901;3,437033
0,6666671;1,946644036;0,007699867;(3.457266000, 2.719233000, 3.440054000);(-0.071661820, 1.758440000, 0.058358150);1,983833;0,04331717;;;3,457266;2,719233;3,440054
0,6777782;1,964775246;0,01813121;(3.448015000, 2.730351000, 3.450988000);(-0.072011250, 1.758539000, 0.058642340);2,0017;0,03730923;;;3,448015;2,730351;3,450988
0,6888894;1,988723966;0,02394872;(3.437271000, 2.747648000, 3.463593000);(-0.072301660, 1.758569000, 0.058848400);2,025642;0,04496813;;;3,437271;2,747648;3,463593
0,7000005;2,011940106;0,02321614;(3.424447000, 2.759590000, 3.478822000);(-0.072659820, 1.758674000, 0.059109700);2,047901;0,05683408;;;3,424447;2,75959;3,478822
0,7111117;2,041285526;0,02934542;(3.405749000, 2.758546000, 3.501416000);(-0.072968660, 1.758816000, 0.059420660);2,067113;0,06768872;;;3,405749;2,758546;3,501416
0,7222228;2,068571946;0,02728642;(3.388824000, 2.752594000, 3.521975000);(-0.073317100, 1.759017000, 0.059741600);2,081152;0,08238095;;;3,388824;2,752594;3,521975
0,7333339;2,089227306;0,02065536;(3.376676000, 2.744898000, 3.536802000);(-0.073645230, 1.759160000, 0.060093060);2,08898;0,09488222;;;3,376676;2,744898;3,536802
0,7444451;2,072120536;0,01710677;(3.370480000, 2.730976000, 3.544575000);(-0.073946130, 1.759360000, 0.060500520);2,086058;0,09923346;;;3,37048;2,730976;3,544575
0,7555562;2,065400773;0,006719763;(3.368856000, 2.724800000, 3.546667000);(-0.074189290, 1.759562000, 0.060915570);2,083558;0,1003035;;;3,368856;2,7248;3,546667
0,7666674;2,041015763;0,02438501;(3.384400000, 2.723398000, 3.527931000);(-0.074453160, 1.759707000, 0.061333910);2,065403;0,07630034;;;3,3844;2,723398;3,527931
0,7777785;2,032685504;0,008330259;(3.388642000, 2.718272000, 3.522919000);(-0.074794890, 1.759802000, 0.061837420);2,057142;0,06871119;;;3,388642;2,718272;3,522919
0,7888896;2,021985244;0,01070026;(3.393705000, 2.710967000, 3.516960000);(-0.075047570, 1.759881000, 0.062364740);2,046452;0,05977394;;;3,393705;2,710967;3,51696
0,8000008;2,023702698;0,001717454;(3.392638000, 2.710606000, 3.518257000);(-0.075236810, 1.759924000, 0.062876060);2,047373;0,06139928;;;3,392638;2,710606;3,518257
0,8111119;2,036188578;0,01248588;(3.384849000, 2.713420000, 3.527600000);(-0.075364080, 1.759998000, 0.063331650);2,057928;0,07381679;;;3,384849;2,71342;3,5276
0,8222231;2,053449568;0,01726099;(3.373866000, 2.714977000, 3.540825000);(-0.075503330, 1.760067000, 0.063852350);2,071172;0,09106566;;;3,373866;2,714977;3,540825
0,8333342;2,070035318;0,01658575;(3.363692000, 2.710680000, 3.553199000);(-0.075653930, 1.760169000, 0.064273010);2,079533;0,1066137;;;3,363692;2,71068;3,553199
0,8444453;2,084900538;0,01486522;(3.355680000, 2.702933000, 3.563035000);(-0.075799120, 1.760232000, 0.064748540);2,083197;0,1190744;;;3,35568;2,702933;3,563035
0,8555565;2,077520478;0,00738006;(3.353202000, 2.696721000, 3.566157000);(-0.076020150, 1.760223000, 0.065304290);2,081745;0,1232543;;;3,353202;2,696721;3,566157
0,8666676;2,072979391;0,004541087;(3.355552000, 2.699318000, 3.563266000);(-0.076095630, 1.760214000, 0.065792100);2,080868;0,1194116;;;3,355552;2,699318;3,563266
0,8777788;2,068012095;0,004967296;(3.358712000, 2.699611000, 3.559445000);(-0.076178860, 1.760208000, 0.066325350);2,07751;0,1144456;;;3,358712;2,699611;3,559445
0,8888899;2,051456165;0,01655593;(3.369128000, 2.696597000, 3.546934000);(-0.076194870, 1.760184000, 0.066825200);2,06375;0,0983506;;;3,369128;2,696597;3,546934
0,900001;2,042077932;0,009378233;(3.374324000, 2.691815000, 3.540762000);(-0.076177060, 1.760150000, 0.067279560);2,054641;0,09080826;;;3,374324;2,691815;3,540762
0,9111122;2,034624350;0,007453582;(3.376471000, 2.685112000, 3.538311000);(-0.076168570, 1.760203000, 0.067739320);2,047622;0,08873985;;;3,376471;2,685112;3,538311
0,9222233;2,039092525;0,004468175;(3.373629000, 2.684844000, 3.541749000);(-0.076164440, 1.760195000, 0.068248910);2,050624;0,09315953;;;3,373629;2,684844;3,541749
0,9333345;2,044397559;0,005305034;(3.370871000, 2.687989000, 3.545011000);(-0.076166610, 1.760132000, 0.068610800);2,055878;0,09678622;;;3,370871;2,687989;3,545011
0,9444456;2,050215114;0,005817555;(3.367290000, 2.686553000, 3.549365000);(-0.076137530, 1.760055000, 0.069041450);2,058918;0,1025834;;;3,36729;2,686553;3,549365
0,9555568;2,044015102;0,006200012;(3.370213000, 2.682302000, 3.545927000);(-0.076121720, 1.759883000, 0.069511850);2,052719;0,09896925;;;3,370213;2,682302;3,545927
0,9666679;2,034552119;0,009462983;(3.374792000, 2.688350000, 3.540270000);(-0.076057510, 1.759842000, 0.069939900);2,05173;0,09065893;;;3,374792;2,68835;3,54027
0,977779;2,054402479;0,01985036;(3.378968000, 2.706979000, 3.534835000);(-0.076006680, 1.759833000, 0.070358920);2,059953;0,08256306;;;3,378968;2,706979;3,534835
0,9888902;2,067472639;0,01307016;(3.381269000, 2.719481000, 3.531793000);(-0.075920550, 1.759784000, 0.070773940);2,066113;0,08025265;;;3,381269;2,719481;3,531793
1,000001;2,060152182;0,007320457;(3.385344000, 2.722954000, 3.526801000);(-0.075863540, 1.759747000, 0.071206940);2,064053;0,07476299;;;3,385344;2,722954;3,526801
1,011112;2,047204832;0,01294735;(3.393221000, 2.726651000, 3.517214000);(-0.075754630, 1.759761000, 0.071597590);2,058009;0,0640829;;;3,393221;2,726651;3,517214
1,022224;2,034293412;0,01291142;(3.399733000, 2.734390000, 3.509189000);(-0.075697360, 1.759720000, 0.072035330);2,05638;0,05823863;;;3,399733;2,73439;3,509189
1,033335;2,026196871;0,008096541;(3.404298000, 2.738064000, 3.503601000);(-0.075684470, 1.759669000, 0.072441000);2,05404;0,05448397;;;3,404298;2,738064;3,503601
1,044446;2,018772242;0,007424629;(3.406254000, 2.731254000, 3.501384000);(-0.075565350, 1.759591000, 0.072805750);2,047075;0,04801744;;;3,406254;2,731254;3,501384
1,055557;2,007812502;0,01095974;(3.409424000, 2.721407000, 3.497764000);(-0.075443120, 1.759572000, 0.073081030);2,036638;0,03879313;;;3,409424;2,721407;3,497764
1,066668;1,998297330;0,009515172;(3.415022000, 2.724945000, 3.490932000);(-0.075296240, 1.759503000, 0.073444800);2,03309;0,03332938;;;3,415022;2,724945;3,490932
1,077779;2,008056320;0,00975899;(3.417735000, 2.733658000, 3.487473000);(-0.075083690, 1.759426000, 0.073732450);2,03639;0,036748;;;3,417735;2,733658;3,487473
1,08889;2,012108662;0,004052342;(3.419353000, 2.736777000, 3.485454000);(-0.074930010, 1.759431000, 0.074046330);2,036886;0,03799317;;;3,419353;2,736777;3,485454
1,100002;2,005713708;0,006394954;(3.417991000, 2.730785000, 3.487224000);(-0.074789110, 1.759463000, 0.074335530);2,034057;0,034228;;;3,417991;2,730785;3,487224
1,111113;1,996935053;0,008778655;(3.420382000, 2.722787000, 3.484506000);(-0.074804170, 1.759463000, 0.074516010);2,025761;0,02576761;;;3,420382;2,722787;3,484506
1,122224;1,989288748;0,007646305;(3.424949000, 2.719981000, 3.479053000);(-0.074685960, 1.759403000, 0.074727640);2,018834;0,01920826;;;3,424949;2,719981;3,479053
1,133335;1,981328902;0,007959846;(3.429986000, 2.720857000, 3.472953000);(-0.074597360, 1.759338000, 0.074977470);2,014046;0,01730037;;;3,429986;2,720857;3,472953
1,144446;1,976128675;0,005200227;(3.432458000, 2.717327000, 3.470043000);(-0.074440400, 1.759277000, 0.075186800);2,008859;0,01370103;;;3,432458;2,717327;3,470043
1,155557;1,962033985;0,01409469;(3.434421000, 2.703525000, 3.467966000);(-0.074311150, 1.759150000, 0.075437140);1,996858;0,004375841;;;3,434421;2,703525;3,467966
1,166668;1,944136005;0,01789798;(3.440800000, 2.688521000, 3.460581000);(-0.074147120, 1.759109000, 0.075558680);1,979255;0,02074621;;;3,4408;2,688521;3,460581
1,17778;1,927753095;0,01638291;(3.450266000, 2.681332000, 3.449306000);(-0.073960780, 1.759033000, 0.075631220);1,963915;0,03651331;;;3,450266;2,681332;3,449306
1,188891;1,919426326;0,008326769;(3.454505000, 2.676207000, 3.444297000);(-0.073874310, 1.758947000, 0.075711090);1,955684;0,04484004;;;3,454505;2,676207;3,444297
1,200002;1,923690308;0,004263982;(3.456061000, 2.679663000, 3.442345000);(-0.073818860, 1.758843000, 0.075801150);1,956493;0,04489303;;;3,456061;2,679663;3,442345
1,211113;1,930659460;0,006969152;(3.458190000, 2.685726000, 3.439648000);(-0.073781850, 1.758607000, 0.075857180);1,958577;0,04508611;;;3,45819;2,685726;3,439648
1,222224;1,927253612;0,003405848;(3.460292000, 2.686536000, 3.437093000);(-0.073744510, 1.758491000, 0.075929000);1,956916;0,04784107;;;3,460292;2,686536;3,437093
1,233335;1,934584232;0,00733062;(3.459632000, 2.693809000, 3.437736000);(-0.073655810, 1.758446000, 0.075996150);1,962873;0,04484225;;;3,459632;2,693809;3,437736
1,244446;1,946503222;0,01191899;(3.455690000, 2.704100000, 3.442277000);(-0.073600590, 1.758423000, 0.076056670);1,974513;0,03772554;;;3,45569;2,7041;3,442277
