time;total distance traveled;distance to prev position;ray position;hmd position;distance to prev target;distance to current target
(0.580449300, 1.796014000, 4.967790000);(-1.256903000, 2.555182000, 4.749159000);0,2444444;0,2

0;-0,01066805;0,01066805;(0.582976900, 1.802218000, 4.968074000);(0.026393280, 1.638406000, -0.000704709);0,006705362;2,000009;;;0,5829769;1,802218;4,968074
0,01111111;-0,016666608;0,005998558;(0.580399500, 1.796810000, 4.967782000);(0.026352840, 1.638295000, -0.000522558);0,0007970792;1,999651;;;0,5803995;1,79681;4,967782
0,02222222;-0,013753051;0,002913557;(0.582983600, 1.798121000, 4.968084000);(0.026509140, 1.638233000, -0.000666861);0,003308872;2,001562;;;0,5829836;1,798121;4,968084
0,03333334;-0,016333770;0,002580719;(0.580476900, 1.797583000, 4.967789000);(0.026375010, 1.638204000, -0.000669006);0,001569155;1,99943;;;0,5804769;1,797583;4,967789
0,04444445;-0,010533010;0,00580076;(0.578037300, 1.792327000, 4.967514000);(0.026379710, 1.638216000, -0.000667755);0,00441428;1,999158;;;0,5780373;1,792327;4,967514
0,05555556;0,005044090;0,0155771;(0.583886100, 1.777908000, 4.968237000);(0.026332860, 1.638243000, -0.000736300);0,01843459;2,010138;;;0,5838861;1,777908;4,968237
0,06666667;0,022741000;0,01769691;(0.598052500, 1.767438000, 4.969934000);(0.026315630, 1.638303000, -0.000731591);0,03363087;2,027348;;;0,5980525;1,767438;4,969934
0,07777778;0,034145780;0,01140478;(0.608397900, 1.772084000, 4.971144000);(0.026263270, 1.638350000, -0.000652257);0,03694649;2,035158;;;0,6083979;1,772084;4,971144
0,08888889;0,017077780;0,017068;(0.613196600, 1.788455000, 4.971673000);(0.026287100, 1.638339000, -0.000555519);0,03383198;2,033385;;;0,6131966;1,788455;4,971673
0,1;0,046362210;0,02928443;(0.608912200, 1.817418000, 4.971100000);(0.026206680, 1.638345000, -0.000454847);0,03576638;2,018618;;;0,6089122;1,817418;4,9711
0,1111111;0,053143680;0,00678147;(0.610602000, 1.823983000, 4.971285000);(0.026204600, 1.638302000, -0.000416700);0,04127556;2,017812;;;0,610602;1,823983;4,971285
0,1222222;0,050209933;0,002933747;(0.607938300, 1.825171000, 4.970967000);(0.026299240, 1.638280000, -0.000437621);0,04019788;2,014882;;;0,6079383;1,825171;4,970967
0,1333333;0,033692433;0,0165175;(0.599666400, 1.810905000, 4.970024000);(0.026257500, 1.638247000, -0.000531618);0,02441378;2,012357;;;0,5996664;1,810905;4,970024
0,1444445;0,012309823;0,02138261;(0.594340100, 1.790205000, 4.969442000);(0.026293330, 1.638258000, -0.000563685);0,01514708;2,015147;;;0,5943401;1,790205;4,969442
0,1555556;0,030210753;0,01790093;(0.597398200, 1.772572000, 4.969844000);(0.026314900, 1.638385000, -0.000549916);0,02900064;2,02475;;;0,5973982;1,772572;4,969844
0,1666667;0,034128595;0,003917842;(0.596752600, 1.768708000, 4.969777000);(0.026481230, 1.638492000, -0.000379089);0,03186494;2,025649;;;0,5967526;1,768708;4,969777
0,1777778;0,012391305;0,02173729;(0.601158500, 1.789989000, 4.970248000);(0.026595120, 1.638558000, -0.000328306);0,02170751;2,021582;;;0,6011585;1,789989;4,970248
0,1888889;0,027223215;0,01483191;(0.608760400, 1.802695000, 4.971116000);(0.026706590, 1.638599000, -0.000272457);0,02927816;2,023908;;;0,6087604;1,802695;4,971116
0,2;0,045954615;0,0187314;(0.616596000, 1.819685000, 4.972002000);(0.026767750, 1.638683000, -0.000245635);0,0434127;2,024997;;;0,616596;1,819685;4,972002
0,2111111;0,031757945;0,01419667;(0.604227400, 1.826496000, 4.970526000);(0.026816880, 1.638803000, -0.000333075);0,03875592;2,010919;;;0,6042274;1,826496;4,970526
0,2222222;0,010389465;0,02136848;(0.583286600, 1.829953000, 4.968047000);(0.026605680, 1.638947000, -0.000200693);0,034058;1,990017;;;0,5832866;1,829953;4,968047
0,2333333;0,063331845;0,05294238;(0.530709300, 1.829942000, 4.961840000);(0.026516410, 1.639079000, -0.000217442);0,06050242;1,940816;;;0,5307093;1,829942;4,96184
0,2444444;0,119136255;0,05580441;(0.475615900, 1.835973000, 4.955323000);(0.026502700, 1.639272000, -0.000277642);0,1128813;1,887164;;;0,4756159;1,835973;4,955323
0,2555556;0,201698305;0,08256205;(0.395123200, 1.851672000, 4.945786000);(0.026491110, 1.639598000, -0.000335280);0,1947505;1,806316;;;0,3951232;1,851672;4,945786
0,2666667;0,304514105;0,1028158;(0.295689600, 1.875018000, 4.933994000);(0.026411330, 1.639967000, -0.000293080);0,2974421;1,70509;;;0,2956896;1,875018;4,933994
0,2777778;0,414730905;0,1102168;(0.189657700, 1.902344000, 4.921416000);(0.026359460, 1.640457000, -0.000243131);0,4076454;1,596373;;;0,1896577;1,902344;4,921416
0,2888889;0,466426835;0,05169593;(0.138521300, 1.906924000, 4.915369000);(0.026307800, 1.640966000, -0.000193838);0,4586386;1,547602;;;0,1385213;1,906924;4,915369
0,3;0,473962435;0,0075356;(0.132956600, 1.911961000, 4.914701000);(0.026239980, 1.641393000, -0.000177745);0,4653085;1,540405;;;0,1329566;1,911961;4,914701
0,3111111;0,516160945;0,04219851;(0.124353500, 1.953259000, 4.913590000);(0.026096140, 1.641767000, -0.000205223);0,4854759;1,515658;;;0,1243535;1,953259;4,91359
0,3222222;0,580898105;0,06473716;(0.083292910, 2.003061000, 4.908628000);(0.025956130, 1.641924000, -0.000377778);0,541787;1,458216;;;0,08329291;2,003061;4,908628
0,3333333;0,688771305;0,1078732;(-0.005173147, 2.063876000, 4.898046000);(0.025904530, 1.642072000, -0.000498179);0,6477405;1,352914;;;-0,005173147;2,063876;4,898046
0,3444445;0,783238915;0,09446761;(-0.094662460, 2.092210000, 4.887417000);(0.025881490, 1.642196000, -0.000657145);0,741598;1,258675;;;-0,09466246;2,09221;4,887417
0,3555556;0,867920575;0,08468166;(-0.178400000, 2.100018000, 4.877515000);(0.025878760, 1.642338000, -0.000807826);0,8224475;1,177633;;;-0,1784;2,100018;4,877515
0,3666667;0,958556865;0,09063629;(-0.268360000, 2.103051000, 4.866889000);(0.025915700, 1.642495000, -0.000899617);0,9082568;1,093389;;;-0,26836;2,103051;4,866889
0,3777778;1,069862265;0,1113054;(-0.378559100, 2.111730000, 4.853860000);(0.025996570, 1.642712000, -0.001026336);1,016048;0,989495;;;-0,3785591;2,11173;4,85386
0,3888889;1,170502565;0,1006403;(-0.477959300, 2.122211000, 4.842103000);(0.026079610, 1.642961000, -0.001260821);1,114644;0,8960225;;;-0,4779593;2,122211;4,842103
0,4;1,252270905;0,08176834;(-0.558612200, 2.112674000, 4.832605000);(0.026193040, 1.643186000, -0.001343194);1,189962;0,8308952;;;-0,5586122;2,112674;4,832605
0,4111111;1,315002785;0,06273188;(-0.620601700, 2.118907000, 4.825274000);(0.026276490, 1.643390000, -0.001467291);1,251836;0,7752477;;;-0,6206017;2,118907;4,825274
0,4222222;1,373089715;0,05808693;(-0.667209200, 2.153122000, 4.819693000);(0.026364180, 1.643504000, -0.001563076);1,306182;0,7171932;;;-0,6672092;2,153122;4,819693
0,4333333;1,441673685;0,06858397;(-0.729740500, 2.180292000, 4.812249000);(0.026475150, 1.643638000, -0.001705233);1,374212;0,6499411;;;-0,7297405;2,180292;4,812249
0,4444444;1,493572985;0,0518993;(-0.777411200, 2.200011000, 4.806577000);(0.026601020, 1.643738000, -0.001841132);1,425829;0,5994626;;;-0,7774112;2,200011;4,806577
0,4555556;1,544200085;0,0506271;(-0.823978700, 2.219087000, 4.801036000);(0.026698800, 1.643884000, -0.002084676);1,476217;0,5505223;;;-0,8239787;2,219087;4,801036
0,4666667;1,581692415;0,03749233;(-0.851354700, 2.244492000, 4.797746000);(0.026885980, 1.643978000, -0.002232317);1,510003;0,5131849;;;-0,8513547;2,244492;4,797746
0,4777778;1,610740445;0,02904803;(-0.869924200, 2.266716000, 4.795503000);(0.026974980, 1.644006000, -0.002404872);1,534544;0,4848845;;;-0,8699242;2,266716;4,795503
0,4888889;1,632686065;0,02194562;(-0.887977100, 2.279006000, 4.793344000);(0.027007000, 1.644060000, -0.002599303);1,555631;0,4629599;;;-0,8879771;2,279006;4,793344
0,5;1,662718265;0,0300322;(-0.915953300, 2.289408000, 4.790017000);(0.027104400, 1.644091000, -0.002753619);1,585642;0,4342258;;;-0,9159533;2,289408;4,790017
0,5111111;1,697813085;0,03509482;(-0.950267900, 2.295542000, 4.785952000);(0.027113100, 1.644210000, -0.002884690);1,620398;0,4034745;;;-0,9502679;2,295542;4,785952
0,5222223;1,727093755;0,02928067;(-0.979254200, 2.293201000, 4.782536000);(0.027124890, 1.644273000, -0.003002826);1,64748;0,3831929;;;-0,9792542;2,293201;4,782536
0,5333334;1,767290555;0,0401968;(-1.018241000, 2.301829000, 4.777915000);(0.027032950, 1.644409000, -0.003028814);1,687517;0,3492477;;;-1,018241;2,301829;4,777915
0,5444446;1,785377395;0,01808684;(-1.034123000, 2.310274000, 4.776020000);(0.027015530, 1.644533000, -0.003040556);1,70531;0,3321633;;;-1,034123;2,310274;4,77602
0,5555557;1,805957915;0,02058052;(-1.041253000, 2.329559000, 4.775134000);(0.026993610, 1.644652000, -0.003013674);1,718053;0,3131856;;;-1,041253;2,329559;4,775134
0,5666668;1,849588715;0,0436308;(-1.036141000, 2.372887000, 4.775638000);(0.026849590, 1.644673000, -0.002833907);1,727156;0,2875217;;;-1,036141;2,372887;4,775638
0,577778;1,880466535;0,03087782;(-1.051376000, 2.399679000, 4.773777000);(0.026801990, 1.644750000, -0.002876107);1,750688;0,2588983;;;-1,051376;2,399679;4,773777
0,5888891;1,898138795;0,01767226;(-1.065322000, 2.410405000, 4.772107000);(0.026739020, 1.644876000, -0.002873186);1,767578;0,2412266;;;-1,065322;2,410405;4,772107
0,6000003;1,908876955;0,01073816;(-1.075836000, 2.408605000, 4.770870000);(0.026643860, 1.645030000, -0.002920810);1,776886;0,2339693;;;-1,075836;2,408605;4,77087
0,6111114;1,939586735;0,03070978;(-1.105543000, 2.401648000, 4.767379000);(0.026583720, 1.645100000, -0.002953533);1,802644;0,2163671;;;-1,105543;2,401648;4,767379
0,6222225;1,978763955;0,03917722;(-1.144309000, 2.398306000, 4.762811000);(0.026461990, 1.645140000, -0.002944175);1,838359;0,1935814;;;-1,144309;2,398306;4,762811
0,6333337;2,017710725;0,03894677;(-1.179378000, 2.381869000, 4.758709000);(0.026398050, 1.645249000, -0.002942447);1,86653;0,190102;;;-1,179378;2,381869;4,758709
0,6444448;2,033172575;0,01546185;(-1.193563000, 2.387787000, 4.757021000);(0.026343960, 1.645363000, -0.002948765);1,88195;0,1791509;;;-1,193563;2,387787;4,757021
0,655556;2,062339865;0,02916729;(-1.196296000, 2.416823000, 4.756632000);(0.026331310, 1.645456000, -0.002945606);1,893889;0,1512358;;;-1,196296;2,416823;4,756632
0,6666671;2,083098635;0,02075877;(-1.200581000, 2.437127000, 4.756079000);(0.026410850, 1.645483000, -0.002972428);1,904709;0,1309847;;;-1,200581;2,437127;4,756079
0,6777782;2,096949835;0,0138512;(-1.197542000, 2.450637000, 4.756407000);(0.026423560, 1.645497000, -0.003045145);1,906428;0,1204406;;;-1,197542;2,450637;4,756407
0,6888894;2,110405675;0,01345584;(-1.208325000, 2.458582000, 4.755116000);(0.026533950, 1.645613000, -0.003041450);1,919359;0,1082906;;;-1,208325;2,458582;4,755116
0,7000005;2,115742079;0,005336404;(-1.213463000, 2.459888000, 4.754506000);(0.026589200, 1.645612000, -0.003021304);1,924666;0,1048646;;;-1,213463;2,459888;4,754506
0,7111117;2,108458072;0,007284007;(-1.206432000, 2.461603000, 4.755332000);(0.026708580, 1.645578000, -0.003068570);1,918617;0,1065013;;;-1,206432;2,461603;4,755332
0,7222228;2,113326465;0,004868393;(-1.205677000, 2.466412000, 4.755410000);(0.026773620, 1.645488000, -0.003124718);1,91958;0,1026808;;;-1,205677;2,466412;4,75541
0,7333339;2,115831502;0,002505037;(-1.208161000, 2.466268000, 4.755117000);(0.026885870, 1.645480000, -0.003111545);1,921873;0,1015725;;;-1,208161;2,466268;4,755117
0,7444451;2,117699980;0,001868478;(-1.209608000, 2.467437000, 4.754944000);(0.027006850, 1.645469000, -0.003064696);1,923647;0,09984696;;;-1,209608;2,467437;4,754944
0,7555562;2,113933873;0,003766107;(-1.205975000, 2.466542000, 4.755375000);(0.027091970, 1.645414000, -0.003054980);1,919906;0,1024173;;;-1,205975;2,466542;4,755375
0,7666674;2,119851902;0,005918029;(-1.207280000, 2.472312000, 4.755207000);(0.027159720, 1.645354000, -0.002999429);1,923161;0,09678042;;;-1,20728;2,472312;4,755207
0,7777785;2,126815334;0,006963432;(-1.214158000, 2.473033000, 4.754394000);(0.027112960, 1.645331000, -0.002905432);1,929899;0,09275188;;;-1,214158;2,473033;4,754394
0,7888896;2,132595602;0,005780268;(-1.219430000, 2.475320000, 4.753767000);(0.027187280, 1.645279000, -0.002868358);1,935672;0,08833702;;;-1,21943;2,47532;4,753767
0,8000008;2,153771742;0,02117614;(-1.227406000, 2.494912000, 4.752779000);(0.027184030, 1.645312000, -0.002896968);1,950135;0,06719901;;;-1,227406;2,494912;4,752779
0,8111119;2,184093762;0,03032202;(-1.243703000, 2.520405000, 4.750797000);(0.027207800, 1.645305000, -0.002838556);1,974679;0,03723412;;;-1,243703;2,520405;4,750797
0,8222231;2,202962702;0,01886894;(-1.259985000, 2.529741000, 4.748854000);(0.027257280, 1.645285000, -0.002626125);1,99336;0,02562895;;;-1,259985;2,529741;4,748854
0,8333342;2,197358454;0,005604248;(-1.255146000, 2.532511000, 4.749419000);(0.027324860, 1.645322000, -0.002480093);1,989855;0,02274022;;;-1,255146;2,532511;4,749419
0,8444453;2,190316408;0,007042046;(-1.251603000, 2.538584000, 4.749823000);(0.027432460, 1.645477000, -0.002249423);1,988802;0,01743682;;;-1,251603;2,538584;4,749823
0,8555565;2,186188443;0,004127965;(-1.247551000, 2.539214000, 4.750300000);(0.027526110, 1.645547000, -0.002069417);1,985254;0,0185404;;;-1,247551;2,539214;4,7503
0,8666676;2,171008003;0,01518044;(-1.245641000, 2.524156000, 4.750560000);(0.027630080, 1.645480000, -0.001896385);1,977874;0,0330363;;;-1,245641;2,524156;4,75056
0,8777788;2,153454473;0,01755353;(-1.248345000, 2.506814000, 4.750280000);(0.027624060, 1.645471000, -0.001969580);1,974091;0,04913189;;;-1,248345;2,506814;4,75028
0,8888899;2,147902156;0,005552317;(-1.242832000, 2.506676000, 4.750932000);(0.027674280, 1.645390000, -0.001940433);1,968864;0,05053695;;;-1,242832;2,506676;4,750932
0,900001;2,132710436;0,01519172;(-1.230319000, 2.515165000, 4.752389000);(0.027703680, 1.645275000, -0.001924697);1,960218;0,04815099;;;-1,230319;2,515165;4,752389
0,9111122;2,123159700;0,009550736;(-1.225147000, 2.523172000, 4.752981000);(0.027748020, 1.645186000, -0.001944903);1,958336;0,04525145;;;-1,225147;2,523172;4,752981
0,9222233;2,145998580;0,02283888;(-1.243960000, 2.535924000, 4.750731000);(0.027772420, 1.645133000, -0.001960102);1,980669;0,02325654;;;-1,24396;2,535924;4,750731
0,9333345;2,172998670;0,02700009;(-1.270047000, 2.542162000, 4.747638000);(0.027796020, 1.645175000, -0.001952115);2,007372;0,01856367;;;-1,270047;2,542162;4,747638
0,9444456;2,181984926;0,008986256;(-1.276694000, 2.536164000, 4.746866000);(0.027822420, 1.645043000, -0.001902703);2,011371;0,02754335;;;-1,276694;2,536164;4,746866
0,9555568;2,174417530;0,007567396;(-1.274740000, 2.528857000, 4.747114000);(0.027824150, 1.645110000, -0.001801256);2,00686;0,0318643;;;-1,27474;2,528857;4,747114
0,9666679;2,162993470;0,01142406;(-1.269749000, 2.518600000, 4.747727000);(0.027823590, 1.645223000, -0.001697484);1,998447;0,03879824;;;-1,269749;2,5186;4,747727
0,977779;2,168428802;0,005435332;(-1.274829000, 2.520435000, 4.747123000);(0.027786710, 1.645314000, -0.001643363);2,003881;0,03915167;;;-1,274829;2,520435;4,747123
0,9888902;2,177790561;0,009361759;(-1.273878000, 2.529748000, 4.747214000);(0.027677750, 1.645383000, -0.001512472);2,006377;0,03064037;;;-1,273878;2,529748;4,747214
1,000001;2,168444851;0,00934571;(-1.267454000, 2.536495000, 4.747956000);(0.027651120, 1.645454000, -0.001444343);2,002845;0,02149354;;;-1,267454;2,536495;4,747956
1,011112;2,159213412;0,009231439;(-1.260970000, 2.543023000, 4.748707000);(0.027625980, 1.645483000, -0.001461331);1,999211;0,01282908;;;-1,26097;2,543023;4,748707
