time;total distance traveled;distance to prev position;ray position;hmd position;distance to prev target;distance to current target
(-4.493055000, 0.724858000, 2.144719000);(-4.327261000, 2.700316000, 2.409438000);0,04444445;0,2

0;-0,01086742;0,01086742;(-4.505253000, 0.714234900, 2.131921000);(-0.113822200, 1.637046000, -0.033193870);0,02062581;2,01326;;;-4,505253;0,7142349;2,131921
0,01111111;-0,02763039;0,01676297;(-4.501992000, 0.730165900, 2.135991000);(-0.113984300, 1.637002000, -0.033137250);0,01357247;1,996696;;;-4,501992;0,7301659;2,135991
0,02222222;-0,00803997;0,01959042;(-4.496264000, 0.747687500, 2.142622000);(-0.114173600, 1.637009000, -0.033012320);0,02314904;1,978007;;;-4,496264;0,7476875;2,142622
0,03333334;0,00602977;0,01406974;(-4.495484000, 0.761657600, 2.144100000);(-0.114282300, 1.636953000, -0.032882740);0,03688484;1,96395;;;-4,495484;0,7616576;2,1441
0,04444445;0,012969424;0,006939654;(-4.500210000, 0.763700100, 2.139447000);(-0.114304300, 1.636843000, -0.032805670);0,03984585;1,962979;;;-4,50021;0,7637001;2,139447
0,05555556;0,005302979;0,007666445;(-4.503382000, 0.757656000, 2.135957000);(-0.114316900, 1.636755000, -0.032743740);0,03548404;1,969705;;;-4,503382;0,757656;2,135957
0,06666667;-0,013820501;0,01912348;(-4.509401000, 0.740862400, 2.129068000);(-0.114338900, 1.636672000, -0.032716380);0,02771755;1,987773;;;-4,509401;0,7408624;2,129068
0,07777778;0,004474069;0,01829457;(-4.518619000, 0.728531100, 2.119185000);(-0.114338900, 1.636672000, -0.032716380);0,03631687;2,002199;;;-4,518619;0,7285311;2,119185
0,08888889;0,004474069;0;(-4.518619000, 0.728531100, 2.119185000);(-0.114479400, 1.636570000, -0.032724540);0,03631687;2,002199;;;-4,518619;0,7285311;2,119185
0,1;0,015908759;0,01143469;(-4.523457000, 0.719633300, 2.113877000);(-0.114516600, 1.636585000, -0.032548710);0,04362018;2,012201;;;-4,523457;0,7196333;2,113877
0,1111111;0,020196420;0,004287661;(-4.524358000, 0.723765900, 2.113175000);(-0.114606000, 1.636588000, -0.032500370);0,04445304;2,008325;;;-4,524358;0,7237659;2,113175
0,1222222;0,039535870;0,01933945;(-4.524822000, 0.743093500, 2.113667000);(-0.114703400, 1.636691000, -0.032468840);0,0480195;1,989279;;;-4,524822;0,7430935;2,113667
0,1333333;0,058421170;0,0188853;(-4.520890000, 0.760919800, 2.118506000);(-0.114817400, 1.636751000, -0.032440590);0,05255798;1,970632;;;-4,52089;0,7609198;2,118506
0,1444445;0,067959832;0,009538662;(-4.517827000, 0.769250200, 2.122000000);(-0.114980400, 1.636843000, -0.032373950);0,05568159;1,961619;;;-4,517827;0,7692502;2,122
0,1555556;0,063274960;0,004684872;(-4.514626000, 0.770250900, 2.125271000);(-0.115053500, 1.636918000, -0.032356310);0,05388894;1,959849;;;-4,514626;0,7702509;2,125271
0,1666667;0,051024760;0,0122502;(-4.516698000, 0.758476100, 2.122602000);(-0.115130600, 1.636969000, -0.032316850);0,04667265;1,97203;;;-4,516698;0,7584761;2,122602
0,1777778;0,031599770;0,01942499;(-4.520884000, 0.740210200, 2.117486000);(-0.115152300, 1.637068000, -0.032202470);0,04185385;1,991166;;;-4,520884;0,7402102;2,117486
0,1888889;0,046451380;0,01485161;(-4.526279000, 0.727764000, 2.111440000);(-0.115254700, 1.637208000, -0.032109540);0,04711414;2,004837;;;-4,526279;0,727764;2,11144
0,2;0,050777484;0,004326104;(-4.529190000, 0.726606900, 2.108456000);(-0.115370900, 1.637303000, -0.032034200);0,05122252;2,006712;;;-4,52919;0,7266069;2,108456
0,2111111;0,056738672;0,005961188;(-4.529671000, 0.732545600, 2.108266000);(-0.115581000, 1.637387000, -0.031970310);0,0522359;2,000948;;;-4,529671;0,7325456;2,108266
0,2222222;0,042158172;0,0145805;(-4.525002000, 0.745288800, 2.113595000);(-0.115762100, 1.637655000, -0.031725690);0,04905772;1,987148;;;-4,525002;0,7452888;2,113595
0,2333333;0,021619552;0,02053862;(-4.515748000, 0.760613300, 2.123663000);(-0.115876500, 1.637935000, -0.031456160);0,04729412;1,96968;;;-4,515748;0,7606133;2,123663
0,2444444;0,049070132;0,02745058;(-4.501653000, 0.778711900, 2.138740000);(-0.115941100, 1.638333000, -0.031169460);0,05486264;1,948397;;;-4,501653;0,7787119;2,13874
0,2555556;0,074162332;0,0250922;(-4.486320000, 0.790471600, 2.154747000);(-0.116098700, 1.638631000, -0.030915310);0,06671637;1,933306;;;-4,48632;0,7904716;2,154747
0,2666667;0,099087632;0,0249253;(-4.469111000, 0.794728300, 2.172269000);(-0.116140900, 1.639139000, -0.030578960);0,07883015;1,925522;;;-4,469111;0,7947283;2,172269
0,2777778;0,114425792;0,01533816;(-4.458292000, 0.793969600, 2.183115000);(-0.116210200, 1.639618000, -0.030205180);0,08636625;1,924201;;;-4,458292;0,7939696;2,183115
0,2888889;0,122696887;0,008271095;(-4.457279000, 0.802054500, 2.184535000);(-0.116241000, 1.640179000, -0.029812500);0,09393935;1,915955;;;-4,457279;0,8020545;2,184535
0,3;0,141286017;0,01858913;(-4.453855000, 0.819806200, 2.188860000);(-0.116199100, 1.640810000, -0.029425670);0,1118049;1,897629;;;-4,453855;0,8198062;2,18886
0,3111111;0,167389997;0,02610398;(-4.453456000, 0.845852300, 2.190552000);(-0.116171600, 1.641348000, -0.029089850);0,1353087;1,871596;;;-4,453456;0,8458523;2,190552
0,3222222;0,198939627;0,03154963;(-4.451036000, 0.877055900, 2.194534000);(-0.116105500, 1.641908000, -0.028783130);0,1655639;1,840049;;;-4,451036;0,8770559;2,194534
0,3333333;0,246588167;0,04764854;(-4.447101000, 0.924123000, 2.200826000);(-0.116015700, 1.642459000, -0.028498400);0,2120527;1,792412;;;-4,447101;0,924123;2,200826
0,3444445;0,312066267;0,0654781;(-4.442265000, 0.988920700, 2.208904000);(-0.115984900, 1.643019000, -0.028242040);0,2764571;1,726938;;;-4,442265;0,9889207;2,208904
0,3555556;0,375194987;0,06312872;(-4.436648000, 1.051189000, 2.217640000);(-0.115905700, 1.643438000, -0.028047130);0,3391038;1,663842;;;-4,436648;1,051189;2,21764
0,3666667;0,449098757;0,07390377;(-4.421668000, 1.121144000, 2.236178000);(-0.115892300, 1.643999000, -0.027826650);0,412921;1,591451;;;-4,421668;1,121144;2,236178
0,3777778;0,527644937;0,07854618;(-4.388081000, 1.181868000, 2.272975000);(-0.115783400, 1.644428000, -0.027688430);0,4861353;1,52578;;;-4,388081;1,181868;2,272975
0,3888889;0,615949377;0,08830444;(-4.358474000, 1.257993000, 2.306533000);(-0.115660900, 1.644883000, -0.027558970);0,5731742;1,446326;;;-4,358474;1,257993;2,306533
0,4;0,703620417;0,08767104;(-4.345974000, 1.343127000, 2.323327000);(-0.115527600, 1.645334000, -0.027411270);0,6601447;1,360046;;;-4,345974;1,343127;2,323327
0,6888894;2,053338417;1,349718;(-4.301677000, 2.687527000, 2.434541000);(-0.108210200, 1.653149000, -0.030833290);1,993161;0,03805615;;;-4,301677;2,687527;2,434541
0,7000005;2,030805577;0,02253284;(-4.317332000, 2.684410000, 2.418637000);(-0.107967300, 1.653441000, -0.031144190);1,986392;0,0208855;;;-4,317332;2,68441;2,418637
0,7111117;2,052988147;0,02218257;(-4.328883000, 2.699932000, 2.407787000);(-0.107807700, 1.653611000, -0.031583120);1,999269;0,002345574;;;-4,328883;2,699932;2,407787
0,7222228;2,075673717;0,02268557;(-4.333569000, 2.721830000, 2.404159000);(-0.107653700, 1.653820000, -0.031838760);2,02006;0,02303262;;;-4,333569;2,72183;2,404159
0,7333339;2,097649467;0,02197575;(-4.320862000, 2.733771000, 2.417534000);(-0.107387700, 1.654022000, -0.032100720);2,034652;0,03501034;;;-4,320862;2,733771;2,417534
0,8333342;2,056073427;0,04157604;(-4.349124000, 2.724078000, 2.388623000);(-0.105762900, 1.655918000, -0.033448140);2,019179;0,03841747;;;-4,349124;2,724078;2,388623
0,8444453;2,043024607;0,01304882;(-4.356478000, 2.716606000, 2.380854000);(-0.105671400, 1.656000000, -0.033575100);2,010341;0,04400054;;;-4,356478;2,716606;2,380854
0,8555565;2,053289177;0,01026457;(-4.349837000, 2.720360000, 2.387721000);(-0.105551400, 1.656101000, -0.033710640);2,015339;0,03718945;;;-4,349837;2,72036;2,387721
0,8666676;2,074050607;0,02076143;(-4.335196000, 2.720175000, 2.402440000);(-0.105428700, 1.656091000, -0.034017010);2,018075;0,02250129;;;-4,335196;2,720175;2,40244
0,8777788;2,092773127;0,01872252;(-4.321989000, 2.719698000, 2.415702000);(-0.105223800, 1.656136000, -0.034216450);2,020416;0,02104033;;;-4,321989;2,719698;2,415702
0,9222233;2,119983057;0,02720993;(-4.304483000, 2.729975000, 2.433821000);(-0.104972400, 1.656772000, -0.034862500);2,034609;0,04464355;;;-4,304483;2,729975;2,433821
0,9333345;2,094878587;0,02510447;(-4.314653000, 2.709954000, 2.422598000);(-0.104974700, 1.656934000, -0.035004660);2,012374;0,02061653;;;-4,314653;2,709954;2,422598
0,9444456;2,065566917;0,02931167;(-4.328559000, 2.688979000, 2.407570000);(-0.105080900, 1.657035000, -0.035264780);1,988447;0,01156299;;;-4,328559;2,688979;2,40757
0,9555568;2,037016477;0,02855044;(-4.348604000, 2.687206000, 2.387317000);(-0.105112800, 1.657122000, -0.035389830);1,982557;0,03341741;;;-4,348604;2,687206;2,387317
0,9666679;2,022598147;0,01441833;(-4.358738000, 2.686474000, 2.377087000);(-0.105150400, 1.657174000, -0.035462010);1,979892;0,0472122;;;-4,358738;2,686474;2,377087
0,9888902;2,053447937;0,03084979;(-4.339205000, 2.699088000, 2.397362000);(-0.105096800, 1.657257000, -0.035795260);1,996267;0,01702961;;;-4,339205;2,699088;2,397362
1,000001;2,082758367;0,02931043;(-4.321199000, 2.712584000, 2.416143000);(-0.105053300, 1.657270000, -0.035949040);2,013519;0,01523831;;;-4,321199;2,712584;2,416143
1,033335;2,096635617;0,01387725;(-4.312448000, 2.718360000, 2.425233000);(-0.104776300, 1.657197000, -0.036367940);2,021227;0,02818698;;;-4,312448;2,71836;2,425233
1,044446;2,063451227;0,03318439;(-4.325007000, 2.691015000, 2.411244000);(-0.104661800, 1.657262000, -0.036417770);1,991243;0,009739546;;;-4,325007;2,691015;2,411244
