time;total distance traveled;distance to prev position;ray position;hmd position;distance to prev target;distance to current target
(-4.218884000, 1.300138000, 2.686996000);(-4.077270000, 3.281213000, 2.451862000);0,2777778;0,04444445

0;-0,01231319;0,01231319;(-4.306912000, 1.293382000, 2.764056000);(-0.062510250, 1.648360000, -0.038496840);0,1171872;2,025259;;;-4,306912;1,293382;2,764056
0,01111111;-0,05228652;0,03997333;(-4.276776000, 1.290230000, 2.737983000);(-0.062422050, 1.648445000, -0.038424190);0,07777809;2,021307;;;-4,276776;1,29023;2,737983
0,02222222;-0,048638642;0,003647878;(-4.276733000, 1.286587000, 2.738151000);(-0.062148370, 1.648391000, -0.038470920);0,07840353;2,024915;;;-4,276733;1,286587;2,738151
0,03333334;-0,019793762;0,02884488;(-4.298405000, 1.284979000, 2.757120000);(-0.062091330, 1.648409000, -0.038470980);0,1071015;2,03151;;;-4,298405;1,284979;2,75712
0,04444445;-0,014623587;0,005170175;(-4.298850000, 1.279873000, 2.757795000);(-0.062029940, 1.648371000, -0.038537200);0,10871;2,036678;;;-4,29885;1,279873;2,757795
0,05555556;-0,032093377;0,01746979;(-4.286920000, 1.271869000, 2.747855000);(-0.062041730, 1.648387000, -0.038560320);0,09556152;2,041821;;;-4,28692;1,271869;2,747855
0,06666667;-0,038486228;0,006392851;(-4.282230000, 1.270145000, 2.743867000);(-0.062200770, 1.648480000, -0.038551740);0,09025945;2,042467;;;-4,28223;1,270145;2,743867
0,07777778;-0,054776928;0,0162907;(-4.269943000, 1.270003000, 2.733172000);(-0.062279180, 1.648512000, -0.038606820);0,07514957;2,039908;;;-4,269943;1,270003;2,733172
0,08888889;-0,065017588;0,01024066;(-4.265106000, 1.261792000, 2.729422000);(-0.062348090, 1.648487000, -0.038615160);0,07353161;2,047043;;;-4,265106;1,261792;2,729422
0,1;-0,0658992591;0,0008816711;(-4.264970000, 1.262647000, 2.729255000);(-0.062364950, 1.648581000, -0.038385860);0,0729065;2,046164;;;-4,26497;1,262647;2,729255
0,1111111;-0,0146322991;0,05126696;(-4.303371000, 1.270707000, 2.762251000);(-0.062449000, 1.648580000, -0.038375010);0,1169085;2,046851;;;-4,303371;1,270707;2,762251
0,1222222;0,0233677409;0,03800004;(-4.331607000, 1.278690000, 2.786396000);(-0.062529220, 1.648557000, -0.038361720);0,1518122;2,046143;;;-4,331607;1,27869;2,786396
0,1333333;0,0467631009;0,02339536;(-4.335814000, 1.301581000, 2.788769000);(-0.062613030, 1.648558000, -0.038362850);0,1550245;2,024671;;;-4,335814;1,301581;2,788769
0,1444445;0,0696389209;0,02287582;(-4.349500000, 1.316170000, 2.799867000);(-0.062529590, 1.648423000, -0.038484270);0,173371;2,014103;;;-4,3495;1,31617;2,799867
0,1555556;0,0798433009;0,01020438;(-4.352952000, 1.307233000, 2.803379000);(-0.062600430, 1.648405000, -0.038509780);0,177679;2,023898;;;-4,352952;1,307233;2,803379
0,1666667;0,0353972609;0,04444604;(-4.320336000, 1.295307000, 2.775641000);(-0.062659620, 1.648417000, -0.038460720);0,1348107;2,026756;;;-4,320336;1,295307;2,775641
0,1777778;-0,0592455291;0,09464279;(-4.249169000, 1.283975000, 2.714289000);(-0.062697460, 1.648700000, -0.038242270);0,04385631;2,021727;;;-4,249169;1,283975;2,714289
0,1888889;-0,1281854591;0,06893993;(-4.197255000, 1.277068000, 2.669456000);(-0.062814620, 1.648773000, -0.038213480);0,03616135;2,01949;;;-4,197255;1,277068;2,669456
0,2;-0,0826621391;0,04552332;(-4.162969000, 1.272626000, 2.639841000);(-0.062851700, 1.648752000, -0.038203890);0,0781473;2,019184;;;-4,162969;1,272626;2,639841
0,2111111;-0,0335438091;0,04911833;(-4.126192000, 1.276907000, 2.607565000);(-0.062992380, 1.648850000, -0.038107450);0,1242607;2,01094;;;-4,126192;1,276907;2,607565
0,2222222;0,0112186909;0,0447625;(-4.095866000, 1.295098000, 2.580122000);(-0.063015370, 1.648995000, -0.038070250);0,163036;1,990339;;;-4,095866;1,295098;2,580122
0,2333333;-0,0124090891;0,02362778;(-4.097760000, 1.318648000, 2.580443000);(-0.063160540, 1.649252000, -0.037887860);0,1623793;1,96688;;;-4,09776;1,318648;2,580443
0,2444444;-0,0657519691;0,05334288;(-4.134192000, 1.343076000, 2.610799000);(-0.063288200, 1.649561000, -0.037711080);0,1217469;1,945477;;;-4,134192;1,343076;2,610799
0,2555556;-0,1473033691;0,0815514;(-4.193910000, 1.365643000, 2.661545000);(-0.063401210, 1.649889000, -0.037500610);0,07458074;1,930539;;;-4,19391;1,365643;2,661545
0,2666667;0,0282752309;0,1755786;(-4.326230000, 1.380832000, 2.775949000);(-0.063627230, 1.650315000, -0.037326030);0,1610823;1,943827;;;-4,32623;1,380832;2,775949
0,2777778;0,1190946009;0,09081937;(-4.393058000, 1.404182000, 2.832844000);(-0.063756150, 1.650830000, -0.037003330);0,2498669;1,941163;;;-4,393058;1,404182;2,832844
0,6777782;2,0130886009;1,893994;(-4.031338000, 3.215874000, 2.415539000);(-0.062065930, 1.659178000, -0.038131770);1,943941;0,08773984;;;-4,031338;3,215874;2,415539
0,6888894;2,0539298909;0,04084129;(-4.046657000, 3.252007000, 2.426844000);(-0.061787880, 1.659381000, -0.038336030);1,976647;0,04915408;;;-4,046657;3,252007;2,426844
0,7000005;2,0952195109;0,04128962;(-4.065455000, 3.285802000, 2.441312000);(-0.061501250, 1.659555000, -0.038538270);2,00668;0,01649147;;;-4,065455;3,285802;2,441312
0,7111117;2,2124421109;0,1172226;(-4.147685000, 3.332948000, 2.510280000);(-0.061217100, 1.659692000, -0.038760300);2,041719;0,1051067;;;-4,147685;3,332948;2,51028
0,7222228;2,2782580909;0,06581598;(-4.191374000, 3.366332000, 2.546453000);(-0.060804540, 1.659814000, -0.038975770);2,071151;0,1709166;;;-4,191374;3,366332;2,546453
0,7333339;2,1103551909;0,1679029;(-4.070914000, 3.308500000, 2.444786000);(-0.060548290, 1.659965000, -0.039086690);2,028319;0,02889672;;;-4,070914;3,3085;2,444786
0,7444451;1,9888543909;0,1215008;(-3.985114000, 3.261554000, 2.372697000);(-0.060277410, 1.660349000, -0.039264730);2,000146;0,1230705;;;-3,985114;3,261554;2,372697
0,7555562;1,9566345509;0,03221984;(-3.980226000, 3.229803000, 2.370230000);(-0.060139500, 1.660595000, -0.039473590);1,970001;0,1368373;;;-3,980226;3,229803;2,37023
0,7666674;1,9274447809;0,02918977;(-3.968747000, 3.204368000, 2.361666000);(-0.059933390, 1.660787000, -0.039717910);1,947947;0,1606796;;;-3,968747;3,204368;2,361666
0,7777785;1,9027359909;0,02470879;(-3.983918000, 3.190771000, 2.375648000);(-0.059862180, 1.661030000, -0.039899040);1,930451;0,1506752;;;-3,983918;3,190771;2,375648
0,7888896;1,9884699809;0,08573399;(-4.046127000, 3.217299000, 2.428341000);(-0.059690590, 1.661064000, -0.040116180);1,942229;0,07488727;;;-4,046127;3,217299;2,428341
0,8000008;2,3221181809;0,3336482;(-4.264589000, 3.393564000, 2.608692000);(-0.059567910, 1.661172000, -0.040286180);2,095388;0,2688988;;;-4,264589;3,393564;2,608692
0,8555565;2,0763604809;0,2457577;(-4.089493000, 3.304187000, 2.461213000);(-0.059152820, 1.662143000, -0.040594990);2,020875;0,0276521;;;-4,089493;3,304187;2,461213
0,9111122;2,3322710809;0,2559106;(-4.278955000, 3.362826000, 2.622941000);(-0.059001990, 1.662678000, -0.041035350);2,064556;0,2767766;;;-4,278955;3,362826;2,622941
0,9333345;2,3679146209;0,03564354;(-4.272192000, 3.396938000, 2.615125000);(-0.058520210, 1.662544000, -0.041340340);2,098708;0,2793585;;;-4,272192;3,396938;2,615125
0,9444456;2,3042061809;0,06370844;(-4.228087000, 3.369474000, 2.578256000);(-0.058529000, 1.662369000, -0.041478030);2,072212;0,2156643;;;-4,228087;3,369474;2,578256
0,9555568;2,2736736109;0,03053257;(-4.213379000, 3.345290000, 2.566808000);(-0.058415360, 1.662446000, -0.041628060);2,048688;0,1893252;;;-4,213379;3,34529;2,566808
1,211113;2,1399732109;0,1337004;(-4.133981000, 3.259047000, 2.502513000);(-0.058260450, 1.663021000, -0.041636040);1,969407;0,07920225;;;-4,133981;3,259047;2,502513
1,222224;2,1784062709;0,03843306;(-4.157017000, 3.283486000, 2.521200000);(-0.058351070, 1.663108000, -0.041537400);1,991227;0,1056995;;;-4,157017;3,283486;2,5212
