time;total distance traveled;distance to prev position;ray position;hmd position;distance to prev target;distance to current target
(-4.327261000, 2.700316000, 2.409438000);(-4.171162000, 0.735007000, 2.745879000);0,5444446;1,100002
True

0,5222223;-1,44114;1,44114;(-4.215228000, 1.272600000, 2.641318000);(-0.101161600, 1.647826000, -0.036556770);1,450755;0,5494375;;;-4,215228;1,2726;2,641318
0,5333334;-1,36730634;0,07383366;(-4.209604000, 1.199810000, 2.652335000);(-0.101091800, 1.647516000, -0.036498170);1,524585;0,4756789;;;-4,209604;1,19981;2,652335
0,5444446;-1,31004756;0,05725878;(-4.203383000, 1.151519000, 2.682465000);(-0.101060400, 1.647198000, -0.036393150);1,577549;0,422542;;;-4,203383;1,151519;2,682465
0,5555557;-1,26667584;0,04337172;(-4.198838000, 1.113599000, 2.703021000);(-0.101045100, 1.646978000, -0.036262970);1,618751;0,3820142;;;-4,198838;1,113599;2,703021
0,5666668;-1,23707075;0,02960509;(-4.195362000, 1.091802000, 2.722750000);(-0.101111400, 1.646828000, -0.036187810);1,644044;0,3583619;;;-4,195362;1,091802;2,72275
0,577778;-1,18217857;0,05489218;(-4.191398000, 1.037386000, 2.728775000);(-0.101149200, 1.646746000, -0.036002440);1,698756;0,3035372;;;-4,191398;1,037386;2,728775
0,5888891;-1,11926101;0,06291756;(-4.186737000, 0.975163300, 2.736855000);(-0.101328500, 1.646710000, -0.035734460);1,761562;0,24083;;;-4,186737;0,9751633;2,736855
0,6000003;-1,06044426;0,05881675;(-4.182662000, 0.916683700, 2.741644000);(-0.101370900, 1.646602000, -0.035501170);1,820059;0,1820896;;;-4,182662;0,9166837;2,741644
0,6111114;-1,02030176;0,0401425;(-4.180354000, 0.876624300, 2.740486000);(-0.101437700, 1.646484000, -0.035268110);1,859308;0,1420178;;;-4,180354;0,8766243;2,740486
0,6222225;-0,98692225;0,03337951;(-4.178312000, 0.843307700, 2.740646000);(-0.101558300, 1.646395000, -0.034997510);1,892185;0,1086626;;;-4,178312;0,8433077;2,740646
0,6333337;-0,94719373;0,03972852;(-4.176204000, 0.803728300, 2.737930000);(-0.101705100, 1.646398000, -0.034807970);1,930743;0,06936307;;;-4,176204;0,8037283;2,73793
0,6444448;-0,91487398;0,03231975;(-4.174552000, 0.771570300, 2.735154000);(-0.101778200, 1.646350000, -0.034490150);1,962007;0,0382543;;;-4,174552;0,7715703;2,735154
0,655556;-0,89488891;0,01998507;(-4.172438000, 0.754249900, 2.744898000);(-0.101950900, 1.646341000, -0.034430550);1,980827;0,01931009;;;-4,172438;0,7542499;2,744898
0,6666671;-0,88085511;0,0140338;(-4.170807000, 0.743645400, 2.753944000);(-0.102142500, 1.646367000, -0.034372080);1,992918;0,01182314;;;-4,170807;0,7436454;2,753944
0,6777782;-0,873299557;0,007555553;(-4.170004000, 0.743911700, 2.761452000);(-0.102410600, 1.646378000, -0.034340430);1,994031;0,01797622;;;-4,170004;0,7439117;2,761452
0,6888894;-0,866273252;0,007026305;(-4.169274000, 0.737722800, 2.764698000);(-0.102590500, 1.646415000, -0.034198870);2,000735;0,01910676;;;-4,169274;0,7377228;2,764698
0,7000005;-0,852012762;0,01426049;(-4.168461000, 0.723493300, 2.764226000);(-0.102590500, 1.646415000, -0.034198870);2,014676;0,0218285;;;-4,168461;0,7234933;2,764226
0,7111117;-0,852012762;0;(-4.168461000, 0.723493300, 2.764226000);(-0.103029500, 1.646301000, -0.034113330);2,014676;0,0218285;;;-4,168461;0,7234933;2,764226
0,7222228;-0,810062022;0,04195074;(-4.164303000, 0.685299700, 2.781074000);(-0.103191900, 1.646172000, -0.034092230);2,05547;0,06129038;;;-4,164303;0,6852997;2,781074
0,7333339;-0,794688072;0,01537395;(-4.164043000, 0.670980900, 2.775482000);(-0.103327200, 1.645978000, -0.034101290);2,068533;0,07089681;;;-4,164043;0,6709809;2,775482
0,7444451;-0,774558392;0,02012968;(-4.165540000, 0.662754800, 2.757171000);(-0.103436000, 1.645794000, -0.034129310);2,073337;0,07334502;;;-4,16554;0,6627548;2,757171
0,7555562;-0,758299632;0,01625876;(-4.166348000, 0.652887600, 2.744274000);(-0.103551100, 1.645598000, -0.034143190);2,080858;0,08227611;;;-4,166348;0,6528876;2,744274
0,7666674;-0,738837382;0,01946225;(-4.167657000, 0.643723900, 2.727154000);(-0.103687400, 1.645452000, -0.034232600);2,0871;0,09324975;;;-4,167657;0,6437239;2,727154
0,7777785;-0,714960582;0,0238768;(-4.169173000, 0.631719000, 2.706571000);(-0.103871500, 1.645401000, -0.034513520);2,095799;0,110533;;;-4,169173;0,631719;2,706571
0,7888896;-0,697215692;0,01774489;(-4.169358000, 0.616990600, 2.696675000);(-0.104071300, 1.645288000, -0.034664910);2,108953;0,1278756;;;-4,169358;0,6169906;2,696675
0,8000008;-0,710275812;0,01306012;(-4.168326000, 0.621755100, 2.708791000);(-0.104285100, 1.645233000, -0.034847420);2,106012;0,1192039;;;-4,168326;0,6217551;2,708791
0,8111119;-0,732125402;0,02184959;(-4.167530000, 0.636896600, 2.724524000);(-0.104487400, 1.645198000, -0.034990650);2,09344;0,1004734;;;-4,16753;0,6368966;2,724524
0,8222231;-0,773277862;0,04115246;(-4.165763000, 0.663733800, 2.755671000);(-0.104653300, 1.645133000, -0.035126250);2,072106;0,07214497;;;-4,165763;0,6637338;2,755671
0,8333342;-0,794909532;0,02163167;(-4.165162000, 0.679805400, 2.770137000);(-0.104777500, 1.644995000, -0.035270260);2,058845;0,06059434;;;-4,165162;0,6798054;2,770137
0,8444453;-0,804485547;0,009576015;(-4.166299000, 0.681857000, 2.760853000);(-0.104865700, 1.644889000, -0.035384460);2,055134;0,05543267;;;-4,166299;0,681857;2,760853
0,8555565;-0,792843037;0,01164251;(-4.167128000, 0.676758500, 2.750419000);(-0.104883800, 1.644811000, -0.035599400);2,058323;0,05856434;;;-4,167128;0,6767585;2,750419
0,8666676;-0,782521537;0,0103215;(-4.167587000, 0.670136700, 2.742515000);(-0.104924700, 1.644747000, -0.035751920);2,063508;0,0650558;;;-4,167587;0,6701367;2,742515
0,8777788;-0,764260087;0,01826145;(-4.167647000, 0.654424300, 2.733209000);(-0.105001900, 1.644703000, -0.035880490);2,077493;0,0816484;;;-4,167647;0,6544243;2,733209
0,8888899;-0,752079927;0,01218016;(-4.168334000, 0.647626200, 2.723126000);(-0.105069300, 1.644743000, -0.035997080);2,082593;0,09033889;;;-4,168334;0,6476262;2,723126
0,900001;-0,772236207;0,02015628;(-4.170674000, 0.662894400, 2.710177000);(-0.105120300, 1.644755000, -0.036144900);2,065442;0,08046816;;;-4,170674;0,6628944;2,710177
0,9111122;-0,785060717;0,01282451;(-4.171192000, 0.675504900, 2.712451000);(-0.105171900, 1.644789000, -0.036288600);2,053298;0,06824893;;;-4,171192;0,6755049;2,712451
0,9222233;-0,800928467;0,01586775;(-4.170090000, 0.682689500, 2.726557000);(-0.105230900, 1.644791000, -0.036437440);2,048434;0,05578207;;;-4,17009;0,6826895;2,726557
0,9333345;-0,831075277;0,03014681;(-4.168921000, 0.703144100, 2.748672000);(-0.105265100, 1.644722000, -0.036533160);2,031956;0,03206348;;;-4,168921;0,7031441;2,748672
0,9444456;-0,860590467;0,02951519;(-4.168204000, 0.725633200, 2.767773000);(-0.105248600, 1.644669000, -0.036685690);2,013225;0,02399919;;;-4,168204;0,7256332;2,767773
0,9555568;-0,871437157;0,01084669;(-4.167300000, 0.729121000, 2.778004000);(-0.105247200, 1.644782000, -0.036673830);2,011725;0,03288703;;;-4,1673;0,729121;2,778004
0,9666679;-0,866609815;0,004827342;(-4.166997000, 0.724304200, 2.778104000);(-0.105150400, 1.644897000, -0.036650460);2,016487;0,03421;;;-4,166997;0,7243042;2,778104
0,977779;-0,847671165;0,01893865;(-4.167016000, 0.707835300, 2.768753000);(-0.105105000, 1.644927000, -0.036702800);2,030952;0,0357587;;;-4,167016;0,7078353;2,768753
0,9888902;-0,827769415;0,01990175;(-4.168055000, 0.696119600, 2.752698000);(-0.105054100, 1.644877000, -0.036758590);2,039602;0,03960282;;;-4,168055;0,6961196;2,752698
1,000001;-0,800570595;0,02719882;(-4.170290000, 0.687046300, 2.727155000);(-0.104971800, 1.644881000, -0.036810740);2,044221;0,05149359;;;-4,17029;0,6870463;2,727155
1,011112;-0,782841195;0,0177294;(-4.171198000, 0.676490100, 2.712940000);(-0.104893700, 1.644907000, -0.036893590);2,052399;0,06715091;;;-4,171198;0,6764901;2,71294
1,022224;-0,771405095;0,0114361;(-4.169784000, 0.671461500, 2.723113000);(-0.104861000, 1.644955000, -0.036986160);2,05899;0,06751466;;;-4,169784;0,6714615;2,723113
1,033335;-0,812384865;0,04097977;(-4.168409000, 0.700565600, 2.751930000);(-0.104815500, 1.644964000, -0.037077890);2,035076;0,03507703;;;-4,168409;0,7005656;2,75193
1,044446;-0,859453335;0,04706847;(-4.167629000, 0.738272600, 2.780090000);(-0.104829000, 1.645090000, -0.037198950);2,003117;0,03454772;;;-4,167629;0,7382726;2,78009
1,055557;-0,889182895;0,02972956;(-4.166979000, 0.761306000, 2.798876000);(-0.104896400, 1.645251000, -0.037328530);1,984215;0,0593106;;;-4,166979;0,761306;2,798876
1,066668;-0,915231575;0,02604868;(-4.165597000, 0.776481500, 2.820002000);(-0.104918100, 1.645447000, -0.037223200);1,973787;0,08511931;;;-4,165597;0,7764815;2,820002
1,077779;-0,906076978;0,009154597;(-4.165847000, 0.769654500, 2.813908000);(-0.104897700, 1.645506000, -0.037248540);1,979168;0,07652862;;;-4,165847;0,7696545;2,813908
1,08889;-0,883422568;0,02265441;(-4.167449000, 0.759646800, 2.793647000);(-0.104911200, 1.645583000, -0.037318750);1,98478;0,05387665;;;-4,167449;0,7596468;2,793647
1,100002;-0,837961278;0,04546129;(-4.169101000, 0.728120400, 2.760935000);(-0.104862500, 1.645612000, -0.037422170);2,009507;0,01668384;;;-4,169101;0,7281204;2,760935
1,111113;-0,795581758;0,04237952;(-4.167985000, 0.687595500, 2.748586000);(-0.104751300, 1.645563000, -0.037617490);2,047299;0,04759485;;;-4,167985;0,6875955;2,748586
1,122224;-0,779788438;0,01579332;(-4.168648000, 0.677197000, 2.736717000);(-0.104680600, 1.645544000, -0.037743790);2,055549;0,05858551;;;-4,168648;0,677197;2,736717
1,133335;-0,793269118;0,01348068;(-4.169986000, 0.689464200, 2.731290000);(-0.104729900, 1.645488000, -0.037916760);2,042511;0,04783708;;;-4,169986;0,6894642;2,73129
1,144446;-0,830491858;0,03722274;(-4.169215000, 0.718519000, 2.754544000);(-0.104717800, 1.645527000, -0.038107260);2,01782;0,01872765;;;-4,169215;0,718519;2,754544
1,155557;-0,863233138;0,03274128;(-4.168463000, 0.743697900, 2.775459000);(-0.104746300, 1.645589000, -0.038191360);1,996883;0,03094827;;;-4,168463;0,7436979;2,775459
1,166668;-0,905634248;0,04240111;(-4.168545000, 0.781051700, 2.795523000);(-0.104746700, 1.645728000, -0.038092900);1,964135;0,06776014;;;-4,168545;0,7810517;2,795523
1,17778;-0,920237708;0,01460346;(-4.169121000, 0.795391600, 2.798224000);(-0.104738300, 1.645764000, -0.038109470);1,950615;0,07994017;;;-4,169121;0,7953916;2,798224
1,188891;-0,904797958;0,01543975;(-4.169570000, 0.784027000, 2.787782000);(-0.104680000, 1.645779000, -0.038140940);1,959636;0,06450853;;;-4,16957;0,784027;2,787782
1,200002;-0,865546418;0,03925154;(-4.170077000, 0.751901100, 2.765235000);(-0.104630900, 1.645797000, -0.038221580);1,986862;0,0257148;;;-4,170077;0,7519011;2,765235
1,211113;-0,828732918;0,0368135;(-4.169528000, 0.717835700, 2.751290000);(-0.104584900, 1.645809000, -0.038325240);2,017912;0,01807757;;;-4,169528;0,7178357;2,75129
1,222224;-0,810840268;0,01789265;(-4.169193000, 0.701078500, 2.745026000);(-0.104583400, 1.645811000, -0.038464110);2,03336;0,03399626;;;-4,169193;0,7010785;2,745026
1,233335;-0,815832732;0,004992464;(-4.169425000, 0.706025300, 2.745659000);(-0.104582200, 1.645881000, -0.038566750);2,028584;0,02903459;;;-4,169425;0,7060253;2,745659
1,244446;-0,855927472;0,04009474;(-4.169349000, 0.740751100, 2.765702000);(-0.104479200, 1.645854000, -0.038568420);1,997938;0,02071755;;;-4,169349;0,7407511;2,765702
1,255558;-0,888576412;0,03264894;(-4.169659000, 0.770397400, 2.779375000);(-0.104507300, 1.645993000, -0.038560020);1,971364;0,0487515;;;-4,169659;0,7703974;2,779375
1,266669;-0,923056032;0,03447962;(-4.170943000, 0.804131600, 2.786389000);(-0.104502600, 1.646035000, -0.038551380);1,939598;0,08012048;;;-4,170943;0,8041316;2,786389
1,27778;-0,936002202;0,01294617;(-4.172202000, 0.816048300, 2.781489000);(-0.104513300, 1.646066000, -0.038534210);1,926896;0,08852573;;;-4,172202;0,8160483;2,781489
1,288891;-0,910888282;0,02511392;(-4.172837000, 0.797051100, 2.765075000);(-0.104495300, 1.646094000, -0.038508580);1,942355;0,06496727;;;-4,172837;0,7970511;2,765075
1,300002;-0,867932802;0,04295548;(-4.172911000, 0.759815700, 2.743658000);(-0.104482300, 1.646117000, -0.038507980);1,975112;0,02496926;;;-4,172911;0,7598157;2,743658
1,311113;-0,841203682;0,02672912;(-4.172690000, 0.735656300, 2.732224000);(-0.104435300, 1.646127000, -0.038503570);1,996991;0,0137553;;;-4,17269;0,7356563;2,732224
1,322224;-0,817110032;0,02409365;(-4.172509000, 0.713941700, 2.721787000);(-0.104413800, 1.646127000, -0.038493560);2,016728;0,0320314;;;-4,172509;0,7139417;2,721787
1,333336;-0,806326222;0,01078381;(-4.172389000, 0.704090300, 2.717402000);(-0.104432700, 1.646152000, -0.038500170);2,02577;0,04205119;;;-4,172389;0,7040903;2,717402
1,344447;-0,831855312;0,02552909;(-4.171681000, 0.723064800, 2.734467000);(-0.104409700, 1.646190000, -0.038378520);2,009819;0,01652676;;;-4,171681;0,7230648;2,734467
1,355558;-0,859739852;0,02788454;(-4.171239000, 0.745502500, 2.751017000);(-0.104387400, 1.646261000, -0.038255970);1,990556;0,0116856;;;-4,171239;0,7455025;2,751017
1,366669;-0,891124352;0,0313845;(-4.170895000, 0.771469600, 2.768640000);(-0.104370500, 1.646387000, -0.038080260);1,968229;0,04298412;;;-4,170895;0,7714696;2,76864
1,37778;-0,897882677;0,006758325;(-4.170608000, 0.775894500, 2.773740000);(-0.104397800, 1.646461000, -0.037944960);1,964855;0,04948051;;;-4,170608;0,7758945;2,77374
1,388891;-0,878013037;0,01986964;(-4.170027000, 0.756763900, 2.768403000);(-0.104627900, 1.646423000, -0.037768830);1,982668;0,03133644;;;-4,170027;0,7567639;2,768403
1,400002;-0,855102567;0,02291047;(-4.169713000, 0.735647900, 2.759520000);(-0.104734700, 1.646461000, -0.037759710);2,001824;0,01373255;;;-4,169713;0,7356479;2,75952
1,411114;-0,832476637;0,02262593;(-4.170424000, 0.719304500, 2.743889000);(-0.104783700, 1.646432000, -0.037638950);2,015158;0,01584528;;;-4,170424;0,7193045;2,743889
1,422225;-0,841066392;0,008589755;(-4.171284000, 0.718226400, 2.735411000);(-0.104834400, 1.646262000, -0.037544590);2,014762;0,01977848;;;-4,171284;0,7182264;2,735411
1,433336;-0,845072535;0,004006143;(-4.171745000, 0.718733500, 2.731464000);(-0.104820200, 1.646199000, -0.037392540);2,013592;0,02174781;;;-4,171745;0,7187335;2,731464
1,444447;-0,856289595;0,01121706;(-4.172162000, 0.729706700, 2.733753000);(-0.104785300, 1.646187000, -0.037211220);2,003132;0,01327197;;;-4,172162;0,7297067;2,733753
1,455558;-0,866968315;0,01067872;(-4.172579000, 0.740185700, 2.735766000);(-0.104761300, 1.646140000, -0.037028720);1,99312;0,01145034;;;-4,172579;0,7401857;2,735766
1,466669;-0,877916435;0,01094812;(-4.173207000, 0.751110800, 2.736095000);(-0.104777800, 1.646082000, -0.036878390);1,982382;0,01895355;;;-4,173207;0,7511108;2,736095
1,47778;-0,884658189;0,006741754;(-4.173512000, 0.757782800, 2.737014000);(-0.104826200, 1.646025000, -0.036747980);1,97595;0,02455317;;;-4,173512;0,7577828;2,737014
1,488891;-0,880970868;0,003687321;(-4.173866000, 0.757123200, 2.733403000);(-0.104713900, 1.645894000, -0.036634790);1,975976;0,02553613;;;-4,173866;0,7571232;2,733403
1,500003;-0,871113877;0,009856991;(-4.173757000, 0.748120500, 2.729391000);(-0.104740900, 1.645850000, -0.036494060);1,984188;0,0212266;;;-4,173757;0,7481205;2,729391
