time;total distance traveled;distance to prev position;controller position;controller rotation;camera position;tracker distance to hmd;distance to prev target;distance to current target
(2.056658000, 0.781051500, 4.605890000);(3.099006000, 2.386142000, 4.025206000)

0;-0,0004492807;0,0004492807;(0.299365800, 1.216712000, 0.757093900);(5.54, 24.47, 291.58);(-0.018353660, 1.614450000, 0.172999600);0,774795200;4,253365;4,459384;;;0,2993658;1,216712;0,7570939
0,01111111;-0,0004492807;0;(0.299365800, 1.216712000, 0.757093900);(5.56, 24.46, 291.46);(-0.018353660, 1.614450000, 0.172999600);0,774795200;4,253365;4,459384;;;0,2993658;1,216712;0,7570939
0,02222222;-0,0012884282;0,0008391475;(0.300065700, 1.217089000, 0.756824600);(5.56, 24.46, 291.46);(-0.018277300, 1.614385000, 0.172747400);0,774811300;4,253358;4,459044;;;0,3000657;1,217089;0,7568246
0,03333334;-0,0007370355;0,0005513927;(0.300534800, 1.217216000, 0.756564100);(5.58, 24.51, 291.34);(-0.018376220, 1.614375000, 0.172547800);0,774928700;4,253413;4,458907;;;0,3005348;1,217216;0,7565641
0,04444445;-0,0000418359;0,0006951996;(0.301018400, 1.217376000, 0.756091200);(5.57, 24.61, 291.41);(-0.018319640, 1.614399000, 0.172402800);0,774787900;4,253658;4,458908;;;0,3010184;1,217376;0,7560912
0,05555556;-0,0006017927;0,0005599568;(0.301527100, 1.217484000, 0.755883300);(5.54, 24.66, 291.49);(-0.018185770, 1.614383000, 0.172206600);0,774870100;4,253647;4,458713;;;0,3015271;1,217484;0,7558833
0,06666667;0,0000424255;0,0006442182;(0.302046000, 1.217605000, 0.755521300);(5.52, 24.69, 291.52);(-0.018363820, 1.614466000, 0.172184000);0,774882700;4,253773;4,458621;;;0,302046;1,217605;0,7555213
0,07777778;-0,0004457717;0,0004881972;(0.302497800, 1.217573000, 0.755339300);(5.49, 24.71, 291.56);(-0.018308050, 1.614479000, 0.172061200);0,775025100;4,253748;4,458479;;;0,3024978;1,217573;0,7553393
0,08888889;-0,0000171948;0,0004285769;(0.302829400, 1.217466000, 0.755089600);(5.46, 24.74, 291.73);(-0.018280390, 1.614537000, 0.171963500);0,775121000;4,253826;4,458483;;;0,3028294;1,217466;0,7550896
0,1;0,0005844944;0,0006016892;(0.303291400, 1.217514000, 0.754707100);(5.45, 24.72, 291.83);(-0.018309310, 1.614696000, 0.171856400);0,775174600;4,253987;4,458461;;;0,3032914;1,217514;0,7547071
0,1111111;0,0010520508;0,0004675564;(0.303655900, 1.217365000, 0.754454900);(5.47, 24.72, 291.85);(-0.018127650, 1.614706000, 0.171579300);0,775350500;4,25405;4,458457;;;0,3036559;1,217365;0,7544549
0,1222222;0,0006102676;0,0004417832;(0.304097500, 1.217353000, 0.754449400);(5.52, 24.69, 291.79);(-0.018082650, 1.614724000, 0.171517400);0,775573000;4,253872;4,458187;;;0,3040975;1,217353;0,7544494
0,1333333;0,0011983617;0,0005880941;(0.304568200, 1.217168000, 0.754149000);(5.61, 24.72, 291.65);(-0.018312290, 1.614852000, 0.171647000);0,775701200;4,253931;4,45816;;;0,3045682;1,217168;0,754149
0,1444445;0,0018750004;0,0006766387;(0.305055700, 1.216789000, 0.753872800);(5.68, 24.79, 291.58);(-0.018278000, 1.614891000, 0.171583600);0,775944900;4,253942;4,458157;;;0,3050557;1,216789;0,7538728
0,1555556;0,0024594604;0,00058446;(0.305499600, 1.216515000, 0.753609200);(5.77, 24.91, 291.49);(-0.018214050, 1.614952000, 0.171525900);0,776120600;4,253969;4,458144;;;0,3054996;1,216515;0,7536092
0,1666667;0,0029886739;0,0005292135;(0.305914500, 1.216269000, 0.753391300);(5.79, 24.98, 291.50);(-0.018193170, 1.615031000, 0.171357500);0,776415200;4,253971;4,458109;;;0,3059145;1,216269;0,7533913
0,1777778;0,0025369880;0,0004516859;(0.306229500, 1.215993000, 0.753221900);(5.81, 25.02, 291.54);(-0.018122230, 1.615094000, 0.171308000);0,776601100;4,253966;4,458108;;;0,3062295;1,215993;0,7532219
0,1888889;0,0028631319;0,0003261439;(0.306345300, 1.215727000, 0.753073200);(5.78, 24.98, 291.66);(-0.018059820, 1.615141000, 0.171248300);0,776717800;4,254026;4,458215;;;0,3063453;1,215727;0,7530732
0,2;0,0023447607;0,0005183712;(0.306644900, 1.215337000, 0.752908600);(5.77, 24.95, 291.76);(-0.017667800, 1.615153000, 0.170953200);0,776983600;4,254012;4,45825;;;0,3066449;1,215337;0,7529086
0,2111111;0,0027952856;0,0004505249;(0.306840900, 1.214969000, 0.752737900);(5.79, 24.91, 291.82);(-0.017647270, 1.615121000, 0.170939000);0,777112400;4,254048;4,458349;;;0,3068409;1,214969;0,7527379
0,2222222;0,0033959716;0,000600686;(0.307227200, 1.214612000, 0.752448800);(5.85, 24.88, 291.83);(-0.017560480, 1.615120000, 0.170893700);0,777238700;4,254115;4,458414;;;0,3072272;1,214612;0,7524488
0,2333333;0,0027994060;0,0005965656;(0.307790700, 1.214481000, 0.752302500);(5.93, 24.90, 291.80);(-0.017644820, 1.615304000, 0.170958100);0,777514300;4,254003;4,458202;;;0,3077907;1,214481;0,7523025
0,2444444;0,0022226578;0,0005767482;(0.308359100, 1.214434000, 0.752217200);(6.00, 24.97, 291.77);(-0.017486830, 1.615433000, 0.170937900);0,777728400;4,253841;4,457922;;;0,3083591;1,214434;0,7522172
0,2555556;0,0014618745;0,0007607833;(0.309060400, 1.214726000, 0.752175500);(5.99, 25.03, 291.80);(-0.017487660, 1.615629000, 0.170964400);0,777922500;4,253621;4,457437;;;0,3090604;1,214726;0,7521755
0,2666667;0,0006070132;0,0008548613;(0.309807900, 1.215139000, 0.752213000);(5.89, 25.13, 291.89);(-0.017306090, 1.615781000, 0.170961100);0,778056300;4,253322;4,456833;;;0,3098079;1,215139;0,752213
0,2777778;-0,0007778088;0,001384822;(0.310809300, 1.216084000, 0.752361400);(5.80, 25.18, 291.93);(-0.017240910, 1.616075000, 0.171125300);0,778103600;4,252873;4,455849;;;0,3108093;1,216084;0,7523614
0,2888889;-0,0027961748;0,002018366;(0.312066500, 1.217650000, 0.752563700);(5.79, 25.17, 291.84);(-0.016844530, 1.616291000, 0.171019500);0,778004300;4,252334;4,454503;;;0,3120665;1,21765;0,7525637
0,3;-0,0050814068;0,002285232;(0.313626000, 1.219314000, 0.752704900);(5.76, 25.19, 291.72);(-0.016584250, 1.616566000, 0.171036400);0,777936900;4,251738;4,452987;;;0,313626;1,219314;0,7527049
0,3111111;-0,0086932168;0,00361181;(0.315939300, 1.222087000, 0.752763500);(5.63, 25.26, 291.56);(-0.016397790, 1.616817000, 0.171117900);0,777541600;4,251023;4,450771;;;0,3159393;1,222087;0,7527635
0,3222222;-0,0122625558;0,003569339;(0.318204400, 1.224813000, 0.753187400);(5.35, 25.49, 291.62);(-0.016087820, 1.617057000, 0.171123800);0,777434800;4,249996;4,448331;;;0,3182044;1,224813;0,7531874
0,3333333;-0,0175858098;0,005323254;(0.321392000, 1.229076000, 0.753251600);(5.09, 25.72, 291.90);(-0.015758700, 1.617359000, 0.171116800);0,776733600;4,249082;4,44518;;;0,321392;1,229076;0,7532516
0,3444445;-0,0236792298;0,00609342;(0.324818400, 1.234106000, 0.753552300);(4.61, 26.02, 292.36);(-0.015471010, 1.617557000, 0.171102500);0,775938000;4,247945;4,441511;;;0,3248184;1,234106;0,7535523
0,3555556;-0,0297025478;0,006023318;(0.328246900, 1.239055000, 0.753728200);(4.14, 26.22, 292.44);(-0.015326950, 1.617804000, 0.171127100);0,775189000;4,24692;4,437959;;;0,3282469;1,239055;0,7537282
0,3666667;-0,0373317018;0,007629154;(0.332518500, 1.245375000, 0.753837900);(3.79, 26.42, 292.43);(-0.014882770, 1.618094000, 0.171006200);0,774144500;4,24577;4,433582;;;0,3325185;1,245375;0,7538379
0,3777778;-0,0466303568;0,009298655;(0.337752600, 1.253053000, 0.754188900);(3.43, 26.63, 292.51);(-0.014587310, 1.618373000, 0.171043100);0,773085200;4,244175;4,428088;;;0,3377526;1,253053;0,7541889
0,3888889;-0,0567571268;0,01012677;(0.343451500, 1.261423000, 0.754330900);(2.96, 26.91, 292.73);(-0.014431080, 1.618721000, 0.171313600);0,771784100;4,242681;4,422296;;;0,3434515;1,261423;0,7543309
0,4;-0,0679392668;0,01118214;(0.349607300, 1.270745000, 0.754817700);(2.37, 27.21, 293.15);(-0.014137670, 1.619034000, 0.171421100);0,770692400;4,240823;4,415738;;;0,3496073;1,270745;0,7548177
0,4111111;-0,0793633768;0,01142411;(0.355880900, 1.280288000, 0.755118000);(1.71, 27.58, 293.38);(-0.013865200, 1.619376000, 0.171524700);0,769593500;4,239142;4,409209;;;0,3558809;1,280288;0,755118
0,4222222;-0,0947636868;0,01540031;(0.363993600, 1.293378000, 0.755009500);(1.05, 27.97, 293.52);(-0.013512880, 1.619889000, 0.171790600);0,767636400;4,237555;4,400979;;;0,3639936;1,293378;0,7550095
0,4333333;-0,1078177868;0,0130541;(0.370834500, 1.304489000, 0.755381600);(0.18, 28.68, 293.22);(-0.013124840, 1.620453000, 0.172047400);0,766509200;4,235848;4,393705;;;0,3708345;1,304489;0,7553816
0,4444444;-0,1238823168;0,01606453;(0.379045400, 1.318266000, 0.754452400);(359.39, 29.36, 292.82);(-0.012640550, 1.621277000, 0.172376300);0,764229300;4,235157;4,385929;;;0,3790454;1,318266;0,7544524
0,4555556;-0,1382859768;0,01440366;(0.386488200, 1.330574000, 0.753684600);(358.28, 30.56, 291.74);(-0.012157260, 1.622363000, 0.172659200);0,762659700;4,234493;4,378907;;;0,3864882;1,330574;0,7536846
0,4666667;-0,1539074768;0,0156215;(0.394240700, 1.344080000, 0.752462600);(357.33, 31.50, 291.06);(-0.011565790, 1.623740000, 0.172984600);0,760712300;4,234329;4,371784;;;0,3942407;1,34408;0,7524626
0,4777778;-0,1386072368;0,01530024;(0.401626300, 1.357417000, 0.751158700);(356.29, 32.61, 290.29);(-0.010935650, 1.625292000, 0.173104300);0,759020100;4,234416;4,365034;;;0,4016263;1,357417;0,7511587
0,4888889;-0,1241264468;0,01448079;(0.408515600, 1.370082000, 0.749808100);(355.27, 33.50, 289.84);(-0.010430830, 1.626806000, 0.173166200);0,757587700;4,234702;4,358824;;;0,4085156;1,370082;0,7498081
0,5;-0,1095864968;0,01453995;(0.415006100, 1.382985000, 0.748140200);(354.25, 34.27, 289.52);(-0.009709582, 1.628239000, 0.172930300);0,755909600;4,235514;4,353084;;;0,4150061;1,382985;0,7481402
0,5111111;-0,0961900868;0,01339641;(0.420769900, 1.394917000, 0.746169600);(353.21, 34.83, 289.66);(-0.008893281, 1.629664000, 0.172487000);0,754207100;4,236792;4,348282;;;0,4207699;1,394917;0,7461696
0,5222223;-0,0836187268;0,01257136;(0.426129600, 1.406122000, 0.744233400);(352.31, 35.25, 289.84);(-0.008114815, 1.630993000, 0.171968100);0,752743500;4,238128;4,343903;;;0,4261296;1,406122;0,7442334
0,5333334;-0,0721065368;0,01151219;(0.430792600, 1.416380000, 0.741873700);(351.63, 35.58, 289.98);(-0.007343262, 1.632171000, 0.171352600);0,751014800;4,240012;4,340515;;;0,4307926;1,41638;0,7418737
0,5444446;-0,0606647368;0,0114418;(0.435445200, 1.426683000, 0.740109300);(351.13, 35.92, 289.78);(-0.006775886, 1.633198000, 0.170796800);0,749883200;4,241395;4,336701;;;0,4354452;1,426683;0,7401093
0,5555557;-0,0503681268;0,01029661;(0.439572300, 1.435831000, 0.737808300);(350.85, 36.30, 289.10);(-0.006150931, 1.634022000, 0.170129200);0,748470500;4,24332;4,333897;;;0,4395723;1,435831;0,7378083
0,5666668;-0,0417864358;0,008581691;(0.443033500, 1.443357000, 0.735565500);(350.70, 36.63, 288.40);(-0.005593940, 1.634662000, 0.169434100);0,747241000;4,245215;4,331832;;;0,4430335;1,443357;0,7355655
0,577778;-0,0329092698;0,008877166;(0.446683100, 1.451185000, 0.733515900);(350.62, 36.90, 287.89);(-0.005081236, 1.635363000, 0.168821100);0,746252400;4,246926;4,329455;;;0,4466831;1,451185;0,7335159
0,5888891;-0,0259081918;0,007001078;(0.449385500, 1.457283000, 0.731388300);(350.39, 37.21, 287.54);(-0.004887744, 1.636008000, 0.168275600);0,745253300;4,248809;4,328106;;;0,4493855;1,457283;0,7313883
0,6000003;-0,0194428608;0,006465331;(0.451878900, 1.462913000, 0.729416300);(350.13, 37.35, 287.73);(-0.004454612, 1.636470000, 0.167489500);0,744395000;4,250565;4,326877;;;0,4518789;1,462913;0,7294163
0,6111114;-0,0109349918;0,008507869;(0.455092300, 1.470389000, 0.726932500);(349.72, 37.46, 288.04);(-0.004067525, 1.636829000, 0.166856600);0,743111700;4,252824;4,325216;;;0,4550923;1,470389;0,7269325
0,6222225;-0,0055098158;0,005425176;(0.457218100, 1.475072000, 0.725206000);(349.32, 37.57, 288.27);(-0.003686785, 1.637134000, 0.166266300);0,742368500;4,254361;4,324244;;;0,4572181;1,475072;0,725206
0,6333337;0,0001548982;0,005664714;(0.459525300, 1.479762000, 0.723021700);(348.94, 37.71, 288.40);(-0.003329545, 1.637241000, 0.165750400);0,741340300;4,256254;4,323517;;;0,4595253;1,479762;0,7230217
0,6444448;0,0051962892;0,005041391;(0.461543600, 1.484076000, 0.721368800);(348.63, 37.89, 288.51);(-0.003027811, 1.637345000, 0.165204800);0,740700000;4,257716;4,322646;;;0,4615436;1,484076;0,7213688
0,655556;0,0094700512;0,004273762;(0.462707800, 1.487831000, 0.719692000);(348.33, 38.09, 288.47);(-0.002727046, 1.637251000, 0.164706900);0,739570600;4,259431;4,322436;;;0,4627078;1,487831;0,719692
0,6666671;0,0127023182;0,003232267;(0.463737100, 1.490676000, 0.718555200);(348.07, 38.34, 288.37);(-0.002458005, 1.637120000, 0.164172900);0,739001600;4,260556;4,322088;;;0,4637371;1,490676;0,7185552
0,6777782;0,0161292952;0,003426977;(0.464715200, 1.493705000, 0.717284400);(347.81, 38.51, 288.07);(-0.002222180, 1.637050000, 0.163786500);0,738199400;4,261856;4,321837;;;0,4647152;1,493705;0,7172844
0,6888894;0,0180993542;0,001970059;(0.465418900, 1.494772000, 0.715785700);(347.57, 38.69, 287.59);(-0.002089619, 1.636941000, 0.163465300);0,737451100;4,263139;4,322335;;;0,4654189;1,494772;0,7157857
0,7000005;0,0203296102;0,002230256;(0.466267400, 1.496477000, 0.714624400);(347.63, 38.82, 286.83);(-0.001847386, 1.636801000, 0.163162100);0,736839900;4,264168;4,322357;;;0,4662674;1,496477;0,7146244
0,7111117;0,0215143292;0,001184719;(0.466438900, 1.497153000, 0.713666900);(347.65, 38.97, 286.57);(-0.001689746, 1.636642000, 0.162910500);0,736161800;4,265091;4,322846;;;0,4664389;1,497153;0,7136669
0,7222228;0,0225393622;0,001025033;(0.466676500, 1.497830000, 0.712934700);(347.74, 39.01, 286.83);(-0.001533180, 1.636529000, 0.162702900);0,735671800;4,265784;4,323123;;;0,4666765;1,49783;0,7129347
0,7333339;0,0240186632;0,001479301;(0.467097300, 1.498781000, 0.711883000);(347.74, 38.94, 287.07);(-0.001586466, 1.636297000, 0.162482500);0,735130000;4,266747;4,323478;;;0,4670973;1,498781;0,711883
0,7444451;0,0245942472;0,000575584;(0.467115700, 1.498729000, 0.711310100);(347.65, 38.87, 287.19);(-0.001532003, 1.636212000, 0.162390000);0,734741800;4,267254;4,323916;;;0,4671157;1,498729;0,7113101
0,7555562;0,0252663294;0,0006720822;(0.466944200, 1.498437000, 0.710729500);(347.53, 38.72, 287.50);(-0.001481681, 1.635878000, 0.162262200);0,734254200;4,267799;4,324526;;;0,4669442;1,498437;0,7107295
0,7666674;0,0258263433;0,0005600139;(0.466950800, 1.498102000, 0.710280800);(347.51, 38.64, 287.88);(-0.001285954, 1.635669000, 0.162161500);0,733897300;4,26815;4,324934;;;0,4669508;1,498102;0,7102808
0,7777785;0,0263852255;0,0005588822;(0.467116800, 1.497866000, 0.709802300);(347.61, 38.60, 288.02);(-0.001200213, 1.635465000, 0.162066800);0,733667900;4,268486;4,325249;;;0,4671168;1,497866;0,7098023
0,7888896;0,0253743025;0,001010923;(0.467328800, 1.496881000, 0.709721600);(347.68, 38.60, 287.95);(-0.001342430, 1.635285000, 0.162062300);0,733988600;4,268315;4,325384;;;0,4673288;1,496881;0,7097216
0,8000008;0,0265163675;0,001142065;(0.467556500, 1.495871000, 0.709239500);(347.84, 38.76, 287.44);(-0.001291349, 1.635082000, 0.161982700);0,733953700;4,268501;4,325823;;;0,4675565;1,495871;0,7092395
0,8111119;0,0274881086;0,0009717411;(0.467674200, 1.494934000, 0.709010400);(347.97, 38.96, 287.36);(-0.001268103, 1.634957000, 0.161858700);0,734090100;4,268509;4,32612;;;0,4676742;1,494934;0,7090104
0,8222231;0,0282044381;0,0007163295;(0.467860000, 1.494285000, 0.708770700);(348.09, 39.06, 287.37);(-0.001249715, 1.634815000, 0.161825300);0,734140300;4,26855;4,326324;;;0,46786;1,494285;0,7087707
0,8333342;0,0273839944;0,0008204437;(0.467762100, 1.493493000, 0.708964000);(348.21, 39.09, 287.39);(-0.001218765, 1.634681000, 0.161775800);0,734365000;4,268278;4,326399;;;0,4677621;1,493493;0,708964
0,8444453;0,0265314739;0,0008525205;(0.467734600, 1.492642000, 0.708929800);(348.26, 38.94, 287.58);(-0.001117676, 1.634620000, 0.161735900);0,734439600;4,268178;4,326618;;;0,4677346;1,492642;0,7089298
0,8555565;0,0255966356;0,0009348383;(0.467790000, 1.491739000, 0.709164800);(348.31, 38.78, 287.56);(-0.001059755, 1.634521000, 0.161707000);0,734790300;4,267792;4,32659;;;0,46779;1,491739;0,7091648
0,8666676;0,0249577466;0,000638889;(0.467837600, 1.491148000, 0.709403000);(348.37, 38.58, 287.53);(-0.001202344, 1.634521000, 0.161665900);0,735234700;4,267458;4,326501;;;0,4678376;1,491148;0,709403
0,8777788;0,0244495759;0,0005081707;(0.467894600, 1.490644000, 0.709437500);(348.41, 38.53, 287.74);(-0.001133337, 1.634484000, 0.161661900);0,735347000;4,267322;4,326544;;;0,4678946;1,490644;0,7094375
0,8888899;0,0240876988;0,0003618771;(0.467924900, 1.490565000, 0.709789300);(348.44, 38.47, 287.90);(-0.001086309, 1.634252000, 0.161450800);0,735725900;4,266976;4,326272;;;0,4679249;1,490565;0,7097893
0,900001;0,0237411060;0,0003465928;(0.468167400, 1.490341000, 0.709895800);(348.34, 38.37, 288.07);(-0.001115262, 1.634314000, 0.161574500);0,735942000;4,266751;4,32609;;;0,4681674;1,490341;0,7098958
0,9111122;0,0232349730;0,000506133;(0.468551600, 1.490013000, 0.709928700);(348.17, 38.33, 288.11);(-0.001047983, 1.634264000, 0.161643200);0,736172000;4,266524;4,325899;;;0,4685516;1,490013;0,7099287
0,9222233;0,0227746901;0,0004602829;(0.469004400, 1.489941000, 0.709968300);(348.11, 38.49, 287.90);(-0.000909536, 1.634339000, 0.161791600);0,736320400;4,266307;4,325608;;;0,4690044;1,489941;0,7099683
0,9333345;0,0223898491;0,000384841;(0.469384100, 1.490002000, 0.709982600);(348.11, 38.74, 287.88);(-0.000798627, 1.634416000, 0.161955600);0,736383700;4,266163;4,325354;;;0,4693841;1,490002;0,7099826
0,9444456;0,0220198298;0,0003700193;(0.469484400, 1.489916000, 0.710328300);(348.05, 38.94, 287.87);(-0.000823065, 1.634436000, 0.162283400);0,736497300;4,265796;4,325046;;;0,4694844;1,489916;0,7103283
0,9555568;0,0217814228;0,000238407;(0.469628100, 1.489807000, 0.710483800);(347.94, 38.98, 287.89);(-0.000696107, 1.634458000, 0.162506200);0,736483800;4,265582;4,324862;;;0,4696281;1,489807;0,7104838
0,9666679;0,0215290770;0,0002523458;(0.469645400, 1.489760000, 0.710731300);(347.87, 38.96, 287.92);(-0.000515624, 1.634442000, 0.162732900);0,736401100;4,265342;4,324671;;;0,4696454;1,48976;0,7107313
0,977779;0,0212443934;0,0002846836;(0.469620900, 1.489576000, 0.710946900);(347.86, 38.87, 288.01);(-0.000397085, 1.634438000, 0.162926200);0,736361700;4,265123;4,324559;;;0,4696209;1,489576;0,7109469
0,9888902;0,0209207255;0,0003236679;(0.469558500, 1.489448000, 0.711237500);(347.94, 38.78, 288.04);(-0.000348910, 1.634417000, 0.163265000);0,736276400;4,26486;4,324401;;;0,4695585;1,489448;0,7112375
