time;total distance traveled;distance to prev position;ray position;hmd position;distance to prev target;distance to current target
(2.056658000, 0.781051500, 4.605890000);(3.099006000, 2.386142000, 4.025206000);0,3333333;0,3333333

0;-0,004859035;0,004859035;(2.054211000, 0.801946000, 4.609700000);(-0.018353660, 1.614450000, 0.172999600);0,02137952;1,985676;;;2,054211;0,801946;4,6097
0,01111111;-0,001258974;0,003600061;(2.052456000, 0.804698900, 4.611217000);(-0.018353660, 1.614450000, 0.172999600);0,02460159;1,984852;;;2,052456;0,8046989;4,611217
0,02222222;-0,001258974;0;(2.052456000, 0.804698900, 4.611217000);(-0.018277300, 1.614385000, 0.172747400);0,02460159;1,984852;;;2,052456;0,8046989;4,611217
0,03333334;-0,003113624;0,00185465;(2.053413000, 0.803334500, 4.610404000);(-0.018376220, 1.614375000, 0.172547800);0,02296589;1,985196;;;2,053413;0,8033345;4,610404
0,04444445;-0,006343284;0,00322966;(2.056050000, 0.803608500, 4.608559000);(-0.018319640, 1.614399000, 0.172402800);0,0227224;1,983046;;;2,05605;0,8036085;4,608559
0,05555556;0,001687436;0,00803072;(2.062607000, 0.804281600, 4.603971000);(-0.018185770, 1.614383000, 0.172206600);0,02405625;1,97772;;;2,062607;0,8042816;4,603971
0,06666667;0,007024011;0,005336575;(2.066549000, 0.806821600, 4.601425000);(-0.018363820, 1.614466000, 0.172184000);0,02796186;1,972878;;;2,066549;0,8068216;4,601425
0,07777778;0,010409405;0,003385394;(2.068942000, 0.808677600, 4.599911000);(-0.018308050, 1.614479000, 0.172061200);0,03081936;1,969699;;;2,068942;0,8086776;4,599911
0,08888889;0,013775245;0,00336584;(2.070778000, 0.811298300, 4.598867000);(-0.018280390, 1.614537000, 0.171963500);0,03411089;1,966335;;;2,070778;0,8112983;4,598867
0,1;0,016756431;0,002981186;(2.072740000, 0.813192300, 4.597662000);(-0.018309310, 1.614696000, 0.171856400);0,03686919;1,963441;;;2,07274;0,8131923;4,597662
0,1111111;0,0177345299;0,0009780989;(2.072356000, 0.814019100, 4.598017000);(-0.018127650, 1.614706000, 0.171579300);0,03735328;1,963083;;;2,072356;0,8140191;4,598017
0,1222222;0,0162471859;0,001487344;(2.072600000, 0.812586200, 4.597702000);(-0.018082650, 1.614724000, 0.171517400);0,03627145;1,964011;;;2,0726;0,8125862;4,597702
0,1333333;0,0119327229;0,004314463;(2.071008000, 0.808645000, 4.598441000);(-0.018312290, 1.614852000, 0.171647000);0,03198116;1,968217;;;2,071008;0,808645;4,598441
0,1444445;0,0051156119;0,006817111;(2.072595000, 0.802253100, 4.596681000);(-0.018278000, 1.614891000, 0.171583600);0,02807657;1,972006;;;2,072595;0,8022531;4,596681
0,1555556;0,0133659609;0,008250349;(2.077181000, 0.796557100, 4.592861000);(-0.018214050, 1.614952000, 0.171525900);0,0288333;1,973104;;;2,077181;0,7965571;4,592861
0,1666667;0,0255711409;0,01220518;(2.085297000, 0.790070700, 4.586456000);(-0.018193170, 1.615031000, 0.171357500);0,03576602;1,972321;;;2,085297;0,7900707;4,586456
0,1777778;0,0316340399;0,006062899;(2.089903000, 0.788174300, 4.582999000);(-0.018122230, 1.615094000, 0.171308000);0,04098685;1,970514;;;2,089903;0,7881743;4,582999
0,1888889;0,0351909989;0,003556959;(2.092458000, 0.786668200, 4.581036000);(-0.018059820, 1.615141000, 0.171248300);0,043942;1,969874;;;2,092458;0,7866682;4,581036
0,2;0,0320703939;0,003120605;(2.090466000, 0.788467200, 4.582628000);(-0.017667800, 1.615153000, 0.170953200);0,04170245;1,969883;;;2,090466;0,7884672;4,582628
0,2111111;0,0297385949;0,002331799;(2.088570000, 0.788554500, 4.583983000);(-0.017647270, 1.615121000, 0.170939000);0,03942852;1,971167;;;2,08857;0,7885545;4,583983
0,2222222;0,0268652969;0,002873298;(2.086584000, 0.786893100, 4.585228000);(-0.017560480, 1.615120000, 0.170893700);0,03683218;1,973885;;;2,086584;0,7868931;4,585228
0,2333333;0,0219250559;0,004940241;(2.084816000, 0.782350500, 4.586032000);(-0.017644820, 1.615304000, 0.170958100);0,0344808;1,9787;;;2,084816;0,7823505;4,586032
0,2444444;0,0287257399;0,006800684;(2.085816000, 0.775763100, 4.584669000);(-0.017486830, 1.615433000, 0.170937900);0,03644803;1,983148;;;2,085816;0,7757631;4,584669
0,2555556;0,0366779749;0,007952235;(2.090737000, 0.770941700, 4.580698000);(-0.017487660, 1.615629000, 0.170964400);0,04356881;1,983444;;;2,090737;0,7709417;4,580698
0,2666667;0,0417512679;0,005073293;(2.094879000, 0.771055700, 4.577770000);(-0.017306090, 1.615781000, 0.170961100);0,04849206;1,98043;;;2,094879;0,7710557;4,57777
0,2777778;0,0534262779;0,01167501;(2.101744000, 0.779598100, 4.573744000);(-0.017240910, 1.616075000, 0.171125300);0,05539108;1,96886;;;2,101744;0,7795981;4,573744
0,2888889;0,0613617369;0,007935459;(2.105326000, 0.786428600, 4.571878000);(-0.016844530, 1.616291000, 0.171019500);0,05961781;1,960952;;;2,105326;0,7864286;4,571878
0,3;0,0628909959;0,001529259;(2.105822000, 0.787860000, 4.571669000);(-0.016584250, 1.616566000, 0.171036400);0,0602871;1,959475;;;2,105822;0,78786;4,571669
0,3111111;0,0676248399;0,004733844;(2.107861000, 0.792004900, 4.570633000);(-0.016397790, 1.616817000, 0.171117900);0,06312474;1,954772;;;2,107861;0,7920049;4,570633
0,3222222;0,0810806399;0,0134558;(2.113926000, 0.803594400, 4.567477000);(-0.016087820, 1.617057000, 0.171123800);0,07254861;1,941365;;;2,113926;0,8035944;4,567477
0,3333333;0,1109216799;0,02984104;(2.129949000, 0.827088500, 4.558434000);(-0.015758700, 1.617359000, 0.171116800);0,09870651;1,911558;;;2,129949;0,8270885;4,558434
0,3444445;0,1403162699;0,02939459;(2.146597000, 0.849325700, 4.548822000);(-0.015471010, 1.617557000, 0.171102500);0,1265191;1,882302;;;2,146597;0,8493257;4,548822
0,3555556;0,1876587399;0,04734247;(2.168642000, 0.889568200, 4.537166000);(-0.015326950, 1.617804000, 0.171127100);0,1704089;1,835052;;;2,168642;0,8895682;4,537166
0,3666667;0,2312416099;0,04358287;(2.184767000, 0.929357200, 4.529665000);(-0.014882770, 1.618094000, 0.171006200);0,210278;1,792354;;;2,184767;0,9293572;4,529665
0,3777778;0,2668658799;0,03562427;(2.200183000, 0.960498400, 4.521811000);(-0.014587310, 1.618373000, 0.171043100);0,244683;1,756975;;;2,200183;0,9604984;4,521811
0,3888889;0,3051260299;0,03826015;(2.217112000, 0.993681200, 4.513086000);(-0.014431080, 1.618721000, 0.171313600);0,2820807;1,718927;;;2,217112;0,9936812;4,513086
0,4;0,3538789999;0,04875297;(2.239328000, 1.035493000, 4.501464000);(-0.014137670, 1.619034000, 0.171421100);0,3301722;1,670365;;;2,239328;1,035493;4,501464
0,4111111;0,4126319099;0,05875291;(2.264055000, 1.087324000, 4.489052000);(-0.013865200, 1.619376000, 0.171524700);0,3879014;1,612211;;;2,264055;1,087324;4,489052
0,4222222;0,4793216799;0,06668977;(2.292837000, 1.145674000, 4.474410000);(-0.013512880, 1.619889000, 0.171790600);0,453891;1,546109;;;2,292837;1,145674;4,47441
0,4333333;0,5463650199;0,06704334;(2.323031000, 1.203436000, 4.458705000);(-0.013124840, 1.620453000, 0.172047400);0,5206025;1,479477;;;2,323031;1,203436;4,458705
0,4444444;0,6429632299;0,09659821;(2.374417000, 1.279964000, 4.429821000);(-0.012640550, 1.621277000, 0.172376300);0,6171582;1,382886;;;2,374417;1,279964;4,429821
0,4555556;0,7310765799;0,08811335;(2.422374000, 1.348687000, 4.402596000);(-0.012157260, 1.622363000, 0.172659200);0,7051854;1,294824;;;2,422374;1,348687;4,402596
0,4666667;0,8660287799;0,1349522;(2.504427000, 1.444080000, 4.353815000);(-0.011565790, 1.623740000, 0.172984600);0,8388356;1,16146;;;2,504427;1,44408;4,353815
0,4777778;0,9768391799;0,1108104;(2.569371000, 1.525411000, 4.315783000);(-0.010935650, 1.625292000, 0.173104300);0,949267;1,051573;;;2,569371;1,525411;4,315783
0,4888889;1,1024240799;0,1255849;(2.645301000, 1.614730000, 4.270746000);(-0.010430830, 1.626806000, 0.173166200);1,07417;0,9280166;;;2,645301;1,61473;4,270746
0,5;1,2162356799;0,1138116;(2.707523000, 1.703211000, 4.235355000);(-0.009709582, 1.628239000, 0.172930300);1,187982;0,814749;;;2,707523;1,703211;4,235355
0,5111111;1,3245636799;0,108328;(2.762988000, 1.791068000, 4.204698000);(-0.008893281, 1.629664000, 0.172487000);1,296144;0,7065685;;;2,762988;1,791068;4,204698
0,5222223;1,4260464799;0,1014828;(2.805082000, 1.880999000, 4.183739000);(-0.008114815, 1.630993000, 0.171968100);1,395792;0,6055526;;;2,805082;1,880999;4,183739
0,5333334;1,5138928399;0,08784636;(2.838821000, 1.960501000, 4.167674000);(-0.007343262, 1.632171000, 0.171352600);1,481524;0,5188101;;;2,838821;1,960501;4,167674
0,5444446;1,5832528799;0,06936004;(2.866181000, 2.022847000, 4.154438000);(-0.006775886, 1.633198000, 0.170796800);1,549578;0,4504351;;;2,866181;2,022847;4,154438
0,5555557;1,6402390099;0,05698613;(2.892623000, 2.071359000, 4.140480000);(-0.006150931, 1.634022000, 0.170129200);1,606343;0,3936629;;;2,892623;2,071359;4,14048
0,5666668;1,6855348199;0,04529581;(2.920815000, 2.102514000, 4.123559000);(-0.005593940, 1.634662000, 0.169434100);1,650961;0,3490996;;;2,920815;2,102514;4,123559
0,577778;1,7214327699;0,03589795;(2.945383000, 2.123724000, 4.108223000);(-0.005081236, 1.635363000, 0.168821100);1,685311;0,3152064;;;2,945383;2,123724;4,108223
0,5888891;1,7492278599;0,02779509;(2.965813000, 2.137211000, 4.095060000);(-0.004887744, 1.636008000, 0.168275600);1,710754;0,2908379;;;2,965813;2,137211;4,09506
0,6000003;1,7862984999;0,03707064;(2.988579000, 2.163120000, 4.081470000);(-0.004454612, 1.636470000, 0.167489500);1,747457;0,2551447;;;2,988579;2,16312;4,08147
0,6111114;1,8161990699;0,02990057;(3.001291000, 2.189412000, 4.075054000);(-0.004067525, 1.636829000, 0.166856600);1,776963;0,2252461;;;3,001291;2,189412;4,075054
0,6222225;1,8552188799;0,03901981;(3.012257000, 2.226635000, 4.070962000);(-0.003686785, 1.637134000, 0.166266300);1,813568;0,1872475;;;3,012257;2,226635;4,070962
0,6333337;1,8954003199;0,04018144;(3.023992000, 2.264795000, 4.066417000);(-0.003329545, 1.637241000, 0.165750400);1,851556;0,1484945;;;3,023992;2,264795;4,066417
0,6444448;1,9326712599;0,03727094;(3.036459000, 2.299500000, 4.061009000);(-0.003027811, 1.637345000, 0.165204800);1,887483;0,112698;;;3,036459;2,2995;4,061009
0,655556;1,9656188999;0,03294764;(3.050975000, 2.328120000, 4.053544000);(-0.002727046, 1.637251000, 0.164706900);1,920201;0,08047724;;;3,050975;2,32812;4,053544
0,6666671;1,9989671699;0,03334827;(3.067039000, 2.356040000, 4.044910000);(-0.002458005, 1.637120000, 0.164172900);1,953498;0,04812764;;;3,067039;2,35604;4,04491
0,6777782;2,0308361899;0,03186902;(3.084370000, 2.380910000, 4.035075000);(-0.002222180, 1.637050000, 0.163786500);1,985339;0,01841124;;;3,08437;2,38091;4,035075
0,6888894;2,0585375799;0,02770139;(3.097365000, 2.404383000, 4.028180000);(-0.002089619, 1.636941000, 0.163465300);2,012964;0,01855395;;;3,097365;2,404383;4,02818
0,7000005;2,0851076399;0,02657006;(3.110313000, 2.426504000, 4.021183000);(-0.001847386, 1.636801000, 0.163162100);2,039506;0,04210844;;;3,110313;2,426504;4,021183
0,7111117;2,0968426699;0,01173503;(3.119359000, 2.423276000, 4.014441000);(-0.001689746, 1.636642000, 0.162910500);2,043538;0,04369264;;;3,119359;2,423276;4,014441
0,7222228;2,1092524999;0,01240983;(3.129484000, 2.423397000, 4.007267000);(-0.001533180, 1.636529000, 0.162702900);2,051001;0,05136763;;;3,129484;2,423397;4,007267
0,7333339;2,1022811389;0,006971361;(3.132571000, 2.417782000, 4.004519000);(-0.001586466, 1.636297000, 0.162482500);2,048932;0,05055295;;;3,132571;2,417782;4,004519
0,7444451;2,0974513449;0,004829794;(3.128676000, 2.418273000, 4.007333000);(-0.001532003, 1.636212000, 0.162390000);2,046458;0,04724591;;;3,128676;2,418273;4,007333
0,7555562;2,1063174709;0,008866126;(3.125509000, 2.425988000, 4.010345000);(-0.001481681, 1.635878000, 0.162262200);2,050105;0,05010936;;;3,125509;2,425988;4,010345
0,7666674;2,1206735309;0,01435606;(3.117198000, 2.435486000, 4.017186000);(-0.001285954, 1.635669000, 0.162161500);2,051456;0,05319855;;;3,117198;2,435486;4,017186
0,7777785;2,1152804609;0,00539307;(3.113015000, 2.436876000, 4.020293000);(-0.001200213, 1.635465000, 0.162066800);2,049529;0,05286087;;;3,113015;2,436876;4,020293
0,7888896;2,1066751459;0,008605315;(3.110102000, 2.428880000, 4.021568000);(-0.001342430, 1.635285000, 0.162062300);2,041204;0,0443038;;;3,110102;2,42888;4,021568
0,8000008;2,1005481049;0,006127041;(3.110113000, 2.422783000, 4.020956000);(-0.001291349, 1.635082000, 0.161982700);2,036467;0,03852256;;;3,110113;2,422783;4,020956
0,8111119;2,0826732549;0,01787485;(3.119695000, 2.410031000, 4.012890000);(-0.001268103, 1.634957000, 0.161858700);2,033536;0,03391751;;;3,119695;2,410031;4,01289
0,8222231;2,0635898349;0,01908342;(3.131559000, 2.398542000, 4.003328000);(-0.001249715, 1.634815000, 0.161825300);2,033413;0,04113518;;;3,131559;2,398542;4,003328
0,8333342;2,0511356149;0,01245422;(3.137231000, 2.388649000, 3.998322000);(-0.001218765, 1.634681000, 0.161775800);2,030061;0,04680024;;;3,137231;2,388649;3,998322
0,8444453;2,0407597749;0,01037584;(3.138701000, 2.378583000, 3.996280000);(-0.001117676, 1.634620000, 0.161735900);2,023499;0,04969516;;;3,138701;2,378583;3,99628
0,8555565;2,0284749049;0,01228487;(3.129375000, 2.373424000, 4.002389000);(-0.001059755, 1.634521000, 0.161707000);2,012607;0,04005794;;;3,129375;2,373424;4,002389
0,8666676;2,0154505249;0,01302438;(3.119287000, 2.368603000, 4.009070000);(-0.001202344, 1.634521000, 0.161665900);2,001423;0,0312945;;;3,119287;2,368603;4,00907
0,8777788;1,9993603249;0,0160902;(3.106900000, 2.362390000, 4.017247000);(-0.001133337, 1.634484000, 0.161661900);1,987496;0,02626485;;;3,1069;2,36239;4,017247
0,8888899;1,9938108429;0,005549482;(3.103473000, 2.358537000, 4.019297000);(-0.001086309, 1.634252000, 0.161450800);1,982012;0,02858216;;;3,103473;2,358537;4,019297
0,900001;1,9886223339;0,005188509;(3.099833000, 2.355639000, 4.021593000);(-0.001115262, 1.634314000, 0.161574500);1,977105;0,03072788;;;3,099833;2,355639;4,021593
0,9111122;2,0000353139;0,01141298;(3.093766000, 2.363838000, 4.026713000);(-0.001047983, 1.634264000, 0.161643200);1,978952;0,02296107;;;3,093766;2,363838;4,026713
0,9222233;2,0132307439;0,01319543;(3.092120000, 2.376701000, 4.029157000);(-0.000909536, 1.634339000, 0.161791600);1,987687;0,01233544;;;3,09212;2,376701;4,029157
0,9333345;2,0259745339;0,01274379;(3.102112000, 2.380951000, 4.022486000);(-0.000798627, 1.634416000, 0.161955600);1,998253;0,006633522;;;3,102112;2,380951;4,022486
0,9444456;2,0451111939;0,01913666;(3.117728000, 2.381217000, 4.011428000);(-0.000823065, 1.634436000, 0.162283400);2,009921;0,02376229;;;3,117728;2,381217;4,011428
0,9555568;2,0611133039;0,01600211;(3.130367000, 2.386158000, 4.002947000);(-0.000696107, 1.634458000, 0.162506200);2,023057;0,0384574;;;3,130367;2,386158;4,002947
0,9666679;2,0701132929;0,008999989;(3.132754000, 2.394795000, 4.002110000);(-0.000515624, 1.634442000, 0.162732900);2,031429;0,04180007;;;3,132754;2,394795;4,00211
0,977779;2,0750509049;0,004937612;(3.132400000, 2.399665000, 4.002843000);(-0.000397085, 1.634438000, 0.162926200);2,034895;0,0424043;;;3,1324;2,399665;4,002843
0,9888902;2,0674910409;0,007559864;(3.126299000, 2.400403000, 4.007247000);(-0.000348910, 1.634417000, 0.163265000);2,030962;0,035649;;;3,126299;2,400403;4,007247
