time;total distance traveled;distance to prev position;ray position;hmd position;distance to prev target;distance to current target
(4.270755000, 3.286942000, 2.251054000);(3.827026000, 1.694510000, 3.376781000);0,4;0,4

0,3777778;-0,6745961;0,6745961;(4.080252000, 2.935569000, 2.766221000);(0.006995948, 1.633999000, 0.138631400);0,6520365;1,406107;;;4,080252;2,935569;2,766221
0,3888889;-0,5455534;0,1290427;(4.050573000, 2.835528000, 2.842135000);(0.007121550, 1.633319000, 0.138463800);0,7756494;1,279744;;;4,050573;2,835528;2,842135
0,4;-0,4315564;0,113997;(4.026706000, 2.741418000, 2.901875000);(0.006942408, 1.632730000, 0.138431200);0,8835868;1,166801;;;4,026706;2,741418;2,901875
0,4111111;-0,33621867;0,09533773;(4.006933000, 2.662300000, 2.951258000);(0.006744312, 1.632182000, 0.138403600);0,9747134;1,072406;;;4,006933;2,6623;2,951258
0,4222222;-0,25194240;0,08427627;(3.993220000, 2.585615000, 2.983412000);(0.006385179, 1.631801000, 0.138623500);1,051301;0,988144;;;3,99322;2,585615;2,983412
0,4333333;-0,17585926;0,07608314;(3.979570000, 2.518375000, 3.016292000);(0.006176041, 1.631554000, 0.138732200);1,122976;0,9121273;;;3,97957;2,518375;3,016292
0,4444444;-0,10209130;0,07376796;(3.962410000, 2.461710000, 3.060296000);(0.006133648, 1.631352000, 0.138734600);1,196227;0,8408854;;;3,96241;2,46171;3,060296
0,4555556;-0,02375388;0,07833742;(3.943146000, 2.404587000, 3.110322000);(0.005920352, 1.631329000, 0.139054400);1,274449;0,7672639;;;3,943146;2,404587;3,110322
0,4666667;0,05412111;0,07787499;(3.926905000, 2.340155000, 3.150933000);(0.005708100, 1.631282000, 0.139408000);1,350712;0,6912603;;;3,926905;2,340155;3,150933
0,4777778;0,13143714;0,07731603;(3.914361000, 2.269751000, 3.180322000);(0.005542935, 1.631415000, 0.139808100);1,423107;0,614106;;;3,914361;2,269751;3,180322
0,4888889;0,20705677;0,07561963;(3.900968000, 2.202629000, 3.212473000);(0.005285279, 1.631599000, 0.140285600);1,495595;0,5391201;;;3,900968;2,202629;3,212473
0,5;0,27392439;0,06686762;(3.889050000, 2.143403000, 3.241133000);(0.005353840, 1.631893000, 0.140691300);1,560013;0,4730246;;;3,88905;2,143403;3,241133
0,5111111;0,33864978;0,06472539;(3.876700000, 2.087514000, 3.271354000);(0.005368085, 1.632199000, 0.141188800);1,623244;0,4099205;;;3,8767;2,087514;3,271354
0,5222223;0,38591554;0,04726576;(3.869599000, 2.043704000, 3.287611000);(0.005472676, 1.632395000, 0.141571300);1,667639;0,3629054;;;3,869599;2,043704;3,287611
0,5333334;0,43784326;0,05192772;(3.863415000, 1.993820000, 3.300644000);(0.005522580, 1.632641000, 0.142086300);1,714564;0,3109786;;;3,863415;1,99382;3,300644
0,5444446;0,47904499;0,04120173;(3.863440000, 1.952813000, 3.296639000);(0.005595879, 1.632819000, 0.142696800);1,743289;0,2728908;;;3,86344;1,952813;3,296639
0,5555557;0,51291163;0,03386664;(3.860965000, 1.919264000, 3.300552000);(0.005725966, 1.633030000, 0.143233700);1,771981;0,2397446;;;3,860965;1,919264;3,300552
0,5666668;0,52905644;0,01614481;(3.857644000, 1.905807000, 3.308830000);(0.005912500, 1.633193000, 0.143798800);1,78804;0,2240568;;;3,857644;1,905807;3,30883
0,577778;0,54630834;0,0172519;(3.852003000, 1.902272000, 3.324746000);(0.006094383, 1.633251000, 0.144306300);1,801522;0,2156311;;;3,852003;1,902272;3,324746
0,5888891;0,56465230;0,01834396;(3.846392000, 1.893974000, 3.340114000);(0.006282540, 1.633246000, 0.144799800);1,818378;0,203729;;;3,846392;1,893974;3,340114
0,6000003;0,58139536;0,01674306;(3.842194000, 1.882022000, 3.351062000);(0.006565677, 1.633330000, 0.145357300);1,83507;0,1898748;;;3,842194;1,882022;3,351062
0,6111114;0,60655695;0,02516159;(3.844647000, 1.858769000, 3.341767000);(0.006828861, 1.633299000, 0.145868700);1,846863;0,1688718;;;3,844647;1,858769;3,341767
0,6222225;0,64822475;0,0416678;(3.851700000, 1.825125000, 3.318219000);(0.007093864, 1.633170000, 0.146320500);1,857784;0,1452536;;;3,8517;1,825125;3,318219
0,6333337;0,67101698;0,02279223;(3.852034000, 1.802550000, 3.315092000);(0.007305192, 1.632998000, 0.146701000);1,873746;0,1269009;;;3,852034;1,80255;3,315092
0,6444448;0,68800716;0,01699018;(3.851054000, 1.785631000, 3.316292000);(0.007613795, 1.632838000, 0.147061000);1,888072;0,1119796;;;3,851054;1,785631;3,316292
0,655556;0,70281190;0,01480474;(3.848025000, 1.773256000, 3.323833000);(0.007902296, 1.632641000, 0.147506700);1,90284;0,09718798;;;3,848025;1,773256;3,323833
0,6666671;0,72125925;0,01844735;(3.845876000, 1.755492000, 3.328321000);(0.008099275, 1.632452000, 0.147859700);1,919991;0,08014152;;;3,845876;1,755492;3,328321
0,6777782;0,74366840;0,02240915;(3.845348000, 1.733098000, 3.327695000);(0.008350985, 1.632229000, 0.148297400);1,937668;0,06507114;;;3,845348;1,733098;3,327695
0,6888894;0,76120934;0,01754094;(3.845550000, 1.715703000, 3.325445000);(0.008729281, 1.631899000, 0.148581800);1,950361;0,05854663;;;3,84555;1,715703;3,325445
0,7000005;0,77150940;0,01030006;(3.844609000, 1.705595000, 3.327186000);(0.008896368, 1.631667000, 0.148846300);1,959674;0,05377461;;;3,844609;1,705595;3,327186
0,7111117;0,781421297;0,009911897;(3.841437000, 1.707049000, 3.336464000);(0.009139882, 1.631485000, 0.149239800);1,964304;0,04461415;;;3,841437;1,707049;3,336464
0,7222228;0,769147937;0,01227336;(3.838456000, 1.714480000, 3.345766000);(0.009441825, 1.631203000, 0.149489100);1,964158;0,03861874;;;3,838456;1,71448;3,345766
0,7333339;0,763948897;0,00519904;(3.840159000, 1.715461000, 3.340953000);(0.009713547, 1.630971000, 0.149810900);1,960318;0,04353291;;;3,840159;1,715461;3,340953
0,7444451;0,747021027;0,01692787;(3.845028000, 1.708593000, 3.326267000);(0.009883555, 1.630718000, 0.150198100);1,956659;0,05544466;;;3,845028;1,708593;3,326267
0,7555562;0,733870917;0,01315011;(3.848993000, 1.704425000, 3.314442000);(0.010167780, 1.630566000, 0.150651400);1,9527;0,06683621;;;3,848993;1,704425;3,314442
0,7666674;0,725695441;0,008175476;(3.851140000, 1.709921000, 3.308783000);(0.010333030, 1.630287000, 0.150975600);1,944702;0,07377499;;;3,85114;1,709921;3,308783
0,7777785;0,714508621;0,01118682;(3.851065000, 1.721034000, 3.310065000);(0.010525170, 1.630108000, 0.151231200);1,936417;0,07571355;;;3,851065;1,721034;3,310065
0,7888896;0,721700482;0,007191861;(3.849275000, 1.715860000, 3.314728000);(0.010808450, 1.629932000, 0.151313900);1,94354;0,06929292;;;3,849275;1,71586;3,314728
0,8000008;0,735729382;0,0140289;(3.848890000, 1.701838000, 3.314491000);(0.011021910, 1.629746000, 0.151468800);1,954846;0,06642195;;;3,84889;1,701838;3,314491
0,8111119;0,755984122;0,02025474;(3.848646000, 1.681623000, 3.313255000);(0.011175440, 1.629504000, 0.151642300);1,970659;0,0683313;;;3,848646;1,681623;3,313255
0,8222231;0,763815346;0,007831224;(3.846150000, 1.678980000, 3.320191000);(0.011458220, 1.629312000, 0.151652900);1,977091;0,06172014;;;3,84615;1,67898;3,320191
0,8333342;0,745558396;0,01825695;(3.842334000, 1.691975000, 3.332434000);(0.011596650, 1.629198000, 0.151770700);1,974044;0,04698355;;;3,842334;1,691975;3,332434
0,8444453;0,727775136;0,01778326;(3.842172000, 1.709626000, 3.334592000);(0.011643370, 1.629102000, 0.151885200);1,961037;0,04730589;;;3,842172;1,709626;3,334592
0,8555565;0,711825446;0,01594969;(3.844658000, 1.724291000, 3.328836000);(0.011768300, 1.629065000, 0.151989600);1,945521;0,05913233;;;3,844658;1,724291;3,328836
0,8666676;0,705078834;0,006746612;(3.845676000, 1.730539000, 3.326501000);(0.011938410, 1.628985000, 0.152003300);1,938987;0,06460676;;;3,845676;1,730539;3,326501
0,8777788;0,713240053;0,008161219;(3.846319000, 1.722826000, 3.323911000);(0.012037030, 1.628942000, 0.152068400);1,943613;0,0630021;;;3,846319;1,722826;3,323911
0,8888899;0,729457523;0,01621747;(3.848130000, 1.708136000, 3.317284000);(0.012170260, 1.628971000, 0.152046500);1,951433;0,06458317;;;3,84813;1,708136;3,317284
0,900001;0,738439856;0,008982333;(3.848926000, 1.699742000, 3.314186000);(0.012183160, 1.628984000, 0.152147800);1,956373;0,06652192;;;3,848926;1,699742;3,314186
0,9111122;0,741834539;0,003394683;(3.847814000, 1.699777000, 3.317393000);(0.012222430, 1.628955000, 0.152186600);1,95833;0,06314138;;;3,847814;1,699777;3,317393
0,9222233;0,722013519;0,01982102;(3.843939000, 1.714592000, 3.329978000);(0.012229500, 1.628938000, 0.152221900);1,954108;0,05366483;;;3,843939;1,714592;3,329978
0,9333345;0,713945317;0,008068202;(3.842774000, 1.721491000, 3.333995000);(0.012353230, 1.628884000, 0.152151400);1,951042;0,0529783;;;3,842774;1,721491;3,333995
0,9444456;0,705459419;0,008485898;(3.843800000, 1.729630000, 3.331822000);(0.012265100, 1.628906000, 0.152283300);1,943084;0,0594654;;;3,8438;1,72963;3,331822
0,9555568;0,697555157;0,007904262;(3.846224000, 1.727432000, 3.324627000);(0.012278930, 1.628991000, 0.152370800);1,940324;0,06459545;;;3,846224;1,727432;3,324627
0,9666679;0,700904654;0,003349497;(3.846133000, 1.724084000, 3.324569000);(0.012366700, 1.628947000, 0.152389900);1,943004;0,06297515;;;3,846133;1,724084;3,324569
0,977779;0,705678648;0,004773994;(3.844575000, 1.723017000, 3.328954000);(0.012328900, 1.628970000, 0.152446900);1,946628;0,05837918;;;3,844575;1,723017;3,328954
0,9888902;0,717014618;0,01133597;(3.840872000, 1.720598000, 3.339391000);(0.012280840, 1.629009000, 0.152443300);1,955176;0,04764802;;;3,840872;1,720598;3,339391
1,000001;0,724110111;0,007095493;(3.838788000, 1.716833000, 3.345033000);(0.012245630, 1.629017000, 0.152492100);1,961793;0,04055421;;;3,838788;1,716833;3,345033
1,011112;0,730667244;0,006557133;(3.837332000, 1.711615000, 3.348727000);(0.012298080, 1.629057000, 0.152382800);1,968349;0,03443591;;;3,837332;1,711615;3,348727
1,022224;0,734172322;0,003505078;(3.836262000, 1.710019000, 3.351659000);(0.012297110, 1.629053000, 0.152503600);1,971498;0,03093516;;;3,836262;1,710019;3,351659
1,033335;0,739303125;0,005130803;(3.834657000, 1.711173000, 3.356394000);(0.012282330, 1.629078000, 0.152532400);1,973577;0,02741469;;;3,834657;1,711173;3,356394
1,044446;0,742530937;0,003227812;(3.833812000, 1.712891000, 3.358992000);(0.012356900, 1.629145000, 0.152839600);1,97385;0,02646501;;;3,833812;1,712891;3,358992
1,055557;0,740891790;0,001639147;(3.834349000, 1.713191000, 3.357473000);(0.012362020, 1.629135000, 0.152908300);1,972639;0,02784707;;;3,834349;1,713191;3,357473
1,066668;0,736354921;0,004536869;(3.835797000, 1.714703000, 3.353447000);(0.012345940, 1.629143000, 0.152909700);1,968857;0,0320805;;;3,835797;1,714703;3,353447
1,077779;0,733705359;0,002649562;(3.836118000, 1.717242000, 3.352765000);(0.012327810, 1.629103000, 0.152933200);1,966376;0,03429645;;;3,836118;1,717242;3,352765
1,08889;0,735199190;0,001493831;(3.835627000, 1.717114000, 3.354170000);(0.012481080, 1.629086000, 0.152976600);1,967374;0,0331093;;;3,835627;1,717114;3,35417
1,100002;0,740437998;0,005238808;(3.833904000, 1.716871000, 3.359111000);(0.012477610, 1.629058000, 0.153014000);1,970724;0,02931873;;;3,833904;1,716871;3,359111
1,111113;0,749130288;0,00869229;(3.831048000, 1.715487000, 3.367203000);(0.012473600, 1.629028000, 0.153120900);1,977019;0,02340871;;;3,831048;1,715487;3,367203
1,122224;0,758927043;0,009796755;(3.828163000, 1.719055000, 3.375859000);(0.012352930, 1.629047000, 0.153263700);1,979733;0,0245893;;;3,828163;1,719055;3,375859
1,133335;0,745664573;0,01326247;(3.825572000, 1.728971000, 3.384277000);(0.012332170, 1.629023000, 0.153233000);1,977286;0,03529684;;;3,825572;1,728971;3,384277
1,144446;0,739433389;0,006231184;(3.827574000, 1.730875000, 3.378692000);(0.012387340, 1.628982000, 0.153261900);1,972137;0,0364194;;;3,827574;1,730875;3,378692
1,155557;0,723619639;0,01581375;(3.832518000, 1.727301000, 3.364102000);(0.012408690, 1.629032000, 0.153328700);1,965556;0,03558384;;;3,832518;1,727301;3,364102
1,166668;0,713394399;0,01022524;(3.835722000, 1.725057000, 3.354655000);(0.012287070, 1.629062000, 0.153476700);1,961294;0,03870872;;;3,835722;1,725057;3,354655
1,17778;0,710039859;0,00335454;(3.836821000, 1.725012000, 3.351485000);(0.012318090, 1.629098000, 0.153512600);1,959305;0,04081946;;;3,836821;1,725012;3,351485
1,188891;0,718032822;0,007992963;(3.834792000, 1.729525000, 3.357763000);(0.012283030, 1.629020000, 0.153502700);1,959699;0,04059624;;;3,834792;1,729525;3,357763
