time;total distance traveled;distance to prev position;ray position;hmd position;distance to prev target;distance to current target
(3.571571000, 2.531076000, 3.526333000);(4.511635000, 1.306041000, 2.255282000);0,3;0,3333333

0;-0,01552358;0,01552358;(3.596666000, 2.541374000, 3.497262000);(0.020218180, 1.633333000, 0.160343200);0,03976066;1,976292;;;3,596666;2,541374;3,497262
0,01111111;-0,020459022;0,004935442;(3.594224000, 2.537928000, 3.499814000);(0.020061460, 1.633324000, 0.160661100);0,03554315;1,976878;;;3,594224;2,537928;3,499814
0,02222222;-0,023017642;0,00255862;(3.592925000, 2.536200000, 3.501184000);(0.020133630, 1.633254000, 0.160735700);0,03338743;1,977268;;;3,592925;2,5362;3,501184
0,03333334;-0,019748513;0,003269129;(3.594045000, 2.533605000, 3.499541000);(0.020080780, 1.633233000, 0.160883000);0,03506051;1,974098;;;3,594045;2,533605;3,499541
0,04444445;-0,017241283;0,00250723;(3.595146000, 2.531939000, 3.498026000);(0.019966770, 1.633235000, 0.161083800);0,03684864;1,971595;;;3,595146;2,531939;3,498026
0,05555556;-0,0181913018;0,0009500188;(3.594877000, 2.532749000, 3.498442000);(0.019925450, 1.633152000, 0.161355400);0,03638443;1,972487;;;3,594877;2,532749;3,498442
0,06666667;-0,0212350358;0,003043734;(3.593073000, 2.531351000, 3.500457000);(0.019929200, 1.633130000, 0.161542800);0,03364491;1,973727;;;3,593073;2,531351;3,500457
0,07777778;-0,0206354698;0,000599566;(3.593446000, 2.531549000, 3.500031000);(0.019899270, 1.633198000, 0.161788700);0,03421293;1,973408;;;3,593446;2,531549;3,500031
0,08888889;-0,0175931268;0,003042343;(3.594165000, 2.534456000, 3.499493000);(0.019871330, 1.633185000, 0.161973000);0,03524598;1,974541;;;3,594165;2,534456;3,499493
0,1;-0,0129173368;0,00467579;(3.595424000, 2.538841000, 3.498472000);(0.019820900, 1.633120000, 0.162189100);0,03748943;1,976047;;;3,595424;2,538841;3,498472
0,1111111;-0,0097171048;0,003200232;(3.597127000, 2.540843000, 3.496645000);(0.019709680, 1.633125000, 0.162332000);0,04037086;1,975359;;;3,597127;2,540843;3,496645
0,1222222;-0,0063402628;0,003376842;(3.599280000, 2.541476000, 3.494123000);(0.019726980, 1.632955000, 0.162476200);0,04374283;1,973174;;;3,59928;2,541476;3,494123
0,1333333;-0,0009427438;0,005397519;(3.601284000, 2.537372000, 3.491245000);(0.019663170, 1.632979000, 0.162686900);0,04640703;1,967872;;;3,601284;2,537372;3,491245
0,1444445;-0,0085176888;0,007574945;(3.598685000, 2.530664000, 3.493618000);(0.019510750, 1.632981000, 0.162884700);0,04249175;1,966381;;;3,598685;2,530664;3,493618
0,1555556;-0,0125613438;0,004043655;(3.596147000, 2.529506000, 3.496546000);(0.019452470, 1.633040000, 0.163105600);0,03864842;1,968685;;;3,596147;2,529506;3,496546
0,1666667;-0,0226918338;0,01013049;(3.589666000, 2.529274000, 3.504328000);(0.019393800, 1.633058000, 0.163309400);0,02854579;1,976472;;;3,589666;2,529274;3,504328
0,1777778;-0,0263824148;0,003690581;(3.587704000, 2.526960000, 3.506430000);(0.019321800, 1.633034000, 0.163538300);0,02594901;1,977286;;;3,587704;2,52696;3,50643
0,1888889;-0,0243605758;0,002021839;(3.587512000, 2.524947000, 3.506433000);(0.019261510, 1.633014000, 0.163793900);0,02622408;1,976135;;;3,587512;2,524947;3,506433
0,2;-0,0274963138;0,003135738;(3.586637000, 2.522024000, 3.507157000);(0.019245520, 1.633000000, 0.164064100);0,02601232;1,975203;;;3,586637;2,522024;3,507157
0,2111111;-0,0244981788;0,002998135;(3.588102000, 2.520291000, 3.505197000);(0.019178060, 1.632956000, 0.164489000);0,02891879;1,972208;;;3,588102;2,520291;3,505197
0,2222222;-0,0191272628;0,005370916;(3.591021000, 2.517852000, 3.501405000);(0.019149590, 1.632913000, 0.164692600);0,03427156;1,966936;;;3,591021;2,517852;3,501405
0,2333333;-0,0127364358;0,006390827;(3.595117000, 2.518466000, 3.496539000);(0.019108600, 1.632928000, 0.164871700);0,04001382;1,962319;;;3,595117;2,518466;3,496539
0,2444444;-0,0107363258;0,00200011;(3.596300000, 2.519393000, 3.495219000);(0.019042670, 1.632998000, 0.165167400);0,0414256;1,961506;;;3,5963;2,519393;3,495219
0,2555556;-0,0110936729;0,0003573471;(3.596362000, 2.519743000, 3.495183000);(0.019092590, 1.632925000, 0.165468900);0,04139274;1,96167;;;3,596362;2,519743;3,495183
0,2666667;-0,0017950659;0,009298607;(3.599011000, 2.511822000, 3.491096000);(0.019154300, 1.632914000, 0.165709100);0,04863473;1,952953;;;3,599011;2,511822;3,491096
0,2777778;0,0084584441;0,01025351;(3.602741000, 2.503934000, 3.485711000);(0.019244390, 1.632898000, 0.165875900);0,05795194;1,942933;;;3,602741;2,503934;3,485711
0,2888889;0,0210805841;0,01262214;(3.606015000, 2.492904000, 3.480520000);(0.019439880, 1.632826000, 0.166090700);0,06886446;1,93132;;;3,606015;2,492904;3,48052
0,3;0,0299453871;0,008864803;(3.608455000, 2.485277000, 3.476718000);(0.019691410, 1.632756000, 0.166309300);0,07693911;1,92308;;;3,608455;2,485277;3,476718
0,3111111;0,0375575311;0,007612144;(3.611815000, 2.480243000, 3.472101000);(0.019889610, 1.632601000, 0.166656000);0,08452607;1,915483;;;3,611815;2,480243;3,472101
0,3222222;0,0494959411;0,01193841;(3.618469000, 2.475278000, 3.463522000);(0.020146920, 1.632460000, 0.166858400);0,09621863;1,903866;;;3,618469;2,475278;3,463522
0,3333333;0,0651458811;0,01564994;(3.627646000, 2.470227000, 3.451895000);(0.020308590, 1.632416000, 0.167163300);0,1113015;1,889086;;;3,627646;2,470227;3,451895
0,3444445;0,0906695211;0,02552364;(3.641845000, 2.459531000, 3.433580000);(0.020588310, 1.632237000, 0.167354100);0,1366024;1,864258;;;3,641845;2,459531;3,43358
0,3555556;0,1193523611;0,02868284;(3.655080000, 2.441525000, 3.415599000);(0.020897150, 1.632068000, 0.167523200);0,1650914;1,835577;;;3,65508;2,441525;3,415599
0,3666667;0,1468588511;0,02750649;(3.666156000, 2.421746000, 3.400019000);(0.021183910, 1.631881000, 0.167699300);0,1919755;1,808329;;;3,666156;2,421746;3,400019
0,3777778;0,1780802711;0,03122142;(3.676661000, 2.396751000, 3.384537000);(0.021544850, 1.631676000, 0.167775800);0,221795;1,778215;;;3,676661;2,396751;3,384537
0,3888889;0,2036601911;0,02557992;(3.684761000, 2.375739000, 3.372404000);(0.021630560, 1.631583000, 0.167720900);0,2462429;1,753835;;;3,684761;2,375739;3,372404
0,4;0,2218022411;0,01814205;(3.694007000, 2.366047000, 3.360169000);(0.021947770, 1.631138000, 0.167654000);0,2642644;1,735771;;;3,694007;2,366047;3,360169
0,4111111;0,2394553611;0,01765312;(3.703569000, 2.357951000, 3.347733000);(0.022286180, 1.630902000, 0.167598900);0,2815916;1,71841;;;3,703569;2,357951;3,347733
0,4222222;0,2572618311;0,01780647;(3.712727000, 2.348620000, 3.335644000);(0.022687000, 1.630609000, 0.167555400);0,299295;1,700708;;;3,712727;2,34862;3,335644
0,4333333;0,2801864511;0,02292462;(3.717413000, 2.327659000, 3.327631000);(0.023159060, 1.630309000, 0.167510200);0,3195794;1,680602;;;3,717413;2,327659;3,327631
0,4444444;0,3097380511;0,0295516;(3.721109000, 2.299355000, 3.319979000);(0.023686430, 1.630146000, 0.167326900);0,3444389;1,656859;;;3,721109;2,299355;3,319979
0,4555556;0,3505988911;0,04086084;(3.727355000, 2.260763000, 3.308093000);(0.024252270, 1.630236000, 0.167128100);0,3807441;1,623269;;;3,727355;2,260763;3,308093
0,4666667;0,3910601911;0,0404613;(3.735931000, 2.223973000, 3.293602000);(0.024917030, 1.630281000, 0.166806000);0,4189161;1,588213;;;3,735931;2,223973;3,293602
0,4777778;0,4329726511;0,04191246;(3.747016000, 2.187526000, 3.276127000);(0.025822660, 1.630554000, 0.166307300);0,4597949;1,550413;;;3,747016;2,187526;3,276127
0,4888889;0,4697542911;0,03678164;(3.760870000, 2.159813000, 3.256304000);(0.026904170, 1.630752000, 0.165668400);0,496575;1,514799;;;3,76087;2,159813;3,256304
0,5;0,5099031811;0,04014889;(3.777670000, 2.131846000, 3.232903000);(0.028028020, 1.631265000, 0.164814700);0,5366213;1,475263;;;3,77767;2,131846;3,232903
0,5111111;0,5518758511;0,04197267;(3.794723000, 2.101878000, 3.208970000);(0.029173170, 1.631675000, 0.163840400);0,5785562;1,434168;;;3,794723;2,101878;3,20897
0,5222223;0,6011129811;0,04923713;(3.813932000, 2.065638000, 3.181731000);(0.030313900, 1.632039000, 0.162738700);0,6277916;1,386392;;;3,813932;2,065638;3,181731
0,5333334;0,6581027711;0,05698979;(3.837840000, 2.026031000, 3.148450000);(0.031677340, 1.632249000, 0.161388900);0,6846638;1,330464;;;3,83784;2,026031;3,14845
0,5444446;0,7172618611;0,05915909;(3.864557000, 1.987901000, 3.111952000);(0.032785550, 1.632384000, 0.160069700);0,7433645;1,27182;;;3,864557;1,987901;3,111952
0,5555557;0,7754867311;0,05822487;(3.894241000, 1.956817000, 3.072675000);(0.033893170, 1.632649000, 0.158762300);0,7998097;1,213596;;;3,894241;1,956817;3,072675
0,5666668;0,8308815811;0,05539485;(3.922111000, 1.926450000, 3.035665000);(0.035061230, 1.632674000, 0.157418600);0,8539355;1,158207;;;3,922111;1,92645;3,035665
0,577778;0,8877487711;0,05686719;(3.950029000, 1.893865000, 2.998346000);(0.036023110, 1.632704000, 0.156254300);0,909966;1,1014;;;3,950029;1,893865;2,998346
0,5888891;0,9430801811;0,05533141;(3.974483000, 1.857326000, 2.964754000);(0.036845760, 1.632834000, 0.155142100);0,9652194;1,046803;;;3,974483;1,857326;2,964754
0,6000003;0,9958315011;0,05275132;(3.997837000, 1.822555000, 2.932687000);(0.037697210, 1.632835000, 0.154175100);1,0179;0,9948127;;;3,997837;1,822555;2,932687
0,6111114;1,0501808611;0,05434936;(4.022409000, 1.787572000, 2.899128000);(0.038486310, 1.632784000, 0.153173000);1,072119;0,9411433;;;4,022409;1,787572;2,899128
0,6222225;1,1057485811;0,05556772;(4.049045000, 1.754487000, 2.863299000);(0.039207310, 1.632639000, 0.152396000);1,127247;0,8858768;;;4,049045;1,754487;2,863299
0,6333337;1,1668413411;0,06109276;(4.083884000, 1.731440000, 2.818719000);(0.039801240, 1.632465000, 0.151709800);1,184314;0,8254672;;;4,083884;1,73144;2,818719
0,900001;2,1258794411;0,9590381;(4.620548000, 1.338629000, 2.127744000);(0.046409550, 1.627706000, 0.152601400);2,116207;0,1708505;;;4,620548;1,338629;2,127744
0,9111122;2,1345282931;0,008648852;(4.619420000, 1.330063000, 2.128136000);(0.046590940, 1.627496000, 0.152530900);2,12023;0,1684068;;;4,61942;1,330063;2,128136
0,9222233;2,1225210231;0,01200727;(4.613909000, 1.320992000, 2.133749000);(0.046807280, 1.627227000, 0.152355300);2,118977;0,1595424;;;4,613909;1,320992;2,133749
0,9333345;2,1327334931;0,01021247;(4.611474000, 1.311245000, 2.135582000);(0.046934930, 1.627024000, 0.152127700);2,122162;0,1559579;;;4,611474;1,311245;2,135582
0,9444456;2,1152469031;0,01748659;(4.604071000, 1.297201000, 2.142915000);(0.047097410, 1.626879000, 0.151941700);2,121874;0,1457702;;;4,604071;1,297201;2,142915
0,9555568;2,1335216031;0,0182747;(4.597672000, 1.281130000, 2.148808000);(0.047197200, 1.626725000, 0.151788600);2,12434;0,1391385;;;4,597672;1,28113;2,148808
0,9666679;2,1562400731;0,02271847;(4.588675000, 1.262167000, 2.157503000);(0.047288810, 1.626544000, 0.151676400);2,125636;0,1319884;;;4,588675;1,262167;2,157503
0,977779;2,1704379431;0,01419787;(4.582651000, 1.250782000, 2.163475000);(0.047368240, 1.626447000, 0.151532900);2,125751;0,1285514;;;4,582651;1,250782;2,163475
0,9888902;2,1628961211;0,007541822;(4.578747000, 1.254677000, 2.168619000);(0.047503730, 1.626345000, 0.151286800);2,11825;0,1210486;;;4,578747;1,254677;2,168619
1,000001;2,1467144611;0,01618166;(4.573878000, 1.268221000, 2.176016000);(0.047627770, 1.626285000, 0.151046900);2,10304;0,1076465;;;4,573878;1,268221;2,176016
1,011112;2,1359646511;0,01074981;(4.569050000, 1.275193000, 2.182621000);(0.047649690, 1.626241000, 0.150871100);2,092311;0,09761;;;4,56905;1,275193;2,182621
1,022224;2,1403539901;0,004389339;(4.571864000, 1.275562000, 2.179272000);(0.047655870, 1.626261000, 0.150752200);2,095584;0,1016562;;;4,571864;1,275562;2,179272
1,033335;2,1476035441;0,007249554;(4.575207000, 1.271008000, 2.174729000);(0.047529390, 1.626307000, 0.150534100);2,102829;0,1084322;;;4,575207;1,271008;2,174729
1,044446;2,1508248421;0,003221298;(4.575906000, 1.268090000, 2.173558000);(0.047615730, 1.626344000, 0.150324600);2,105665;0,1106795;;;4,575906;1,26809;2,173558
1,055557;2,1488604401;0,001964402;(4.574737000, 1.268657000, 2.175031000);(0.047557610, 1.626411000, 0.150196900);2,10382;0,1087183;;;4,574737;1,268657;2,175031
1,066668;2,1417315471;0,007128893;(4.570518000, 1.270814000, 2.180357000);(0.047610340, 1.626382000, 0.150036900);2,097095;0,1015968;;;4,570518;1,270814;2,180357
1,077779;2,1259019871;0,01582956;(4.560536000, 1.272308000, 2.192552000);(0.047545230, 1.626472000, 0.149915800);2,083632;0,08639642;;;4,560536;1,272308;2,192552
1,08889;2,1065229571;0,01937903;(4.548140000, 1.271908000, 2.207442000);(0.047526320, 1.626550000, 0.149707900);2,068493;0,06918341;;;4,54814;1,271908;2,207442
1,100002;2,0875975471;0,01892541;(4.536228000, 1.266738000, 2.221210000);(0.047447820, 1.626609000, 0.149585200);2,057295;0,0575372;;;4,536228;1,266738;2,22121
1,111113;2,0753027371;0,01229481;(4.529275000, 1.260050000, 2.228832000);(0.047395060, 1.626686000, 0.149440800);2,053342;0,05591022;;;4,529275;1,26005;2,228832
1,122224;2,0806445151;0,005341778;(4.528109000, 1.254903000, 2.229654000);(0.047311490, 1.626865000, 0.149247100);2,05547;0,05952593;;;4,528109;1,254903;2,229654
1,133335;2,0833584241;0,002713909;(4.526934000, 1.252756000, 2.230827000);(0.047255090, 1.626924000, 0.149105300);2,055519;0,06059259;;;4,526934;1,252756;2,230827
1,144446;2,0758262231;0,007532201;(4.526859000, 1.260229000, 2.231761000);(0.047150900, 1.626917000, 0.149009500);2,050255;0,05370055;;;4,526859;1,260229;2,231761
1,155557;2,0612836631;0,01454256;(4.523210000, 1.273035000, 2.237607000);(0.047067630, 1.626944000, 0.148900100);2,036933;0,03918903;;;4,52321;1,273035;2,237607
1,166668;2,0481472331;0,01313643;(4.520567000, 1.285074000, 2.242151000);(0.046999770, 1.627026000, 0.148670400);2,025398;0,02630254;;;4,520567;1,285074;2,242151
1,17778;2,0378589831;0,01028825;(4.522534000, 1.295096000, 2.240913000);(0.046909120, 1.627044000, 0.148552900);2,020961;0,02109662;;;4,522534;1,295096;2,240913
1,188891;2,0458181611;0,007959178;(4.526986000, 1.299560000, 2.236054000);(0.046858020, 1.627001000, 0.148410900);2,023429;0,02544313;;;4,526986;1,29956;2,236054
1,200002;2,0474252701;0,001607109;(4.527756000, 1.300725000, 2.235258000);(0.046828170, 1.627044000, 0.148258600);2,023593;0,02625092;;;4,527756;1,300725;2,235258
1,211113;2,0373492701;0,010076;(4.521307000, 1.299292000, 2.242866000);(0.046715140, 1.627061000, 0.148098100);2,016575;0,01712458;;;4,521307;1,299292;2,242866
1,222224;2,0229307901;0,01441848;(4.512153000, 1.296076000, 2.253532000);(0.046605680, 1.627067000, 0.148066300);2,007472;0,010131;;;4,512153;1,296076;2,253532
1,233335;2,0150135101;0,00791728;(4.507078000, 1.295539000, 2.259585000);(0.046559070, 1.627136000, 0.148035400);2,001593;0,0122302;;;4,507078;1,295539;2,259585
1,244446;2,0068288221;0,008184688;(4.502567000, 1.299087000, 2.265421000);(0.046486260, 1.627274000, 0.148050700);1,993603;0,01527657;;;4,502567;1,299087;2,265421
1,255558;2,0055666241;0,001262198;(4.501760000, 1.298885000, 2.266370000);(0.046381630, 1.627267000, 0.147993100);1,992751;0,01648215;;;4,50176;1,298885;2,26637
1,266669;2,0031115701;0,002455054;(4.502533000, 1.301113000, 2.265690000);(0.046238680, 1.627332000, 0.147936600);1,992164;0,01467814;;;4,502533;1,301113;2,26569
1,27778;2,0100051681;0,006893598;(4.506410000, 1.304924000, 2.261451000);(0.046141020, 1.627346000, 0.147894000);1,994316;0,00816098;;;4,50641;1,304924;2,261451
1,288891;1,9988685881;0,01113658;(4.510388000, 1.314648000, 2.257756000);(0.045994330, 1.627454000, 0.147803500);1,992577;0,009041607;;;4,510388;1,314648;2,257756
1,300002;1,9869978681;0,01187072;(4.513273000, 1.325951000, 2.255558000);(0.045747580, 1.627536000, 0.147775500);1,988467;0,01997883;;;4,513273;1,325951;2,255558
1,311113;1,9765771381;0,01042073;(4.513812000, 1.336344000, 2.256084000);(0.045551600, 1.627477000, 0.147803000);1,982103;0,03039179;;;4,513812;1,336344;2,256084
1,322224;1,9715253481;0,00505179;(4.512781000, 1.340965000, 2.257848000);(0.045402560, 1.627528000, 0.147852500);1,9777;0,03503639;;;4,512781;1,340965;2,257848
1,333336;1,9752198841;0,003694536;(4.511593000, 1.337629000, 2.258902000);(0.045203670, 1.627520000, 0.147907500);1,978468;0,03179475;;;4,511593;1,337629;2,258902
1,344447;1,9869270341;0,01170715;(4.510025000, 1.326042000, 2.259482000);(0.044963410, 1.627564000, 0.148013400);1,984367;0,02050033;;;4,510025;1,326042;2,259482
1,355558;1,9958380161;0,008910982;(4.510027000, 1.317188000, 2.258478000);(0.044774660, 1.627560000, 0.148073300);1,990397;0,01170657;;;4,510027;1,317188;2,258478
