time;total distance traveled;distance to prev position;ray position;hmd position;distance to prev target;distance to current target
(1.795199000, 1.548649000, 4.836566000);(3.345817000, 0.821396600, 3.803760000);0,2555556;0,2777778

0;-0,004170146;0,004170146;(1.776149000, 1.530592000, 4.846824000);(-0.011737420, 1.629206000, 0.154124000);0,02818151;2,013653;;;1,776149;1,530592;4,846824
0,01111111;0,001501072;0,005671218;(1.776248000, 1.524951000, 4.846255000);(-0.011746450, 1.629049000, 0.154020700);0,03185361;2,011301;;;1,776248;1,524951;4,846255
0,02222222;0,006703436;0,005202364;(1.773880000, 1.520444000, 4.847326000);(-0.011782360, 1.629002000, 0.154023700);0,03695711;2,012134;;;1,77388;1,520444;4,847326
0,03333334;0,008490144;0,001786708;(1.772570000, 1.519472000, 4.848056000);(-0.011729690, 1.628976000, 0.153893500);0,03867031;2,013199;;;1,77257;1,519472;4,848056
0,04444445;0,0075090702;0,0009810738;(1.772853000, 1.520407000, 4.847964000);(-0.011763750, 1.629003000, 0.153899300);0,03777439;2,013255;;;1,772853;1,520407;4,847964
0,05555556;0,0002574382;0,007251632;(1.777001000, 1.525977000, 4.845878000);(-0.011957270, 1.629064000, 0.154068700);0,03052722;2,010877;;;1,777001;1,525977;4,845878
0,06666667;-0,0029130338;0,003170472;(1.778562000, 1.528637000, 4.845143000);(-0.011927460, 1.628901000, 0.153973800);0,0274017;2,010213;;;1,778562;1,528637;4,845143
0,07777778;-0,0066940788;0,003781045;(1.781641000, 1.527735000, 4.843142000);(-0.011944490, 1.628930000, 0.153914600);0,02577731;2,006459;;;1,781641;1,527735;4,843142
0,08888889;-0,0057000868;0,000993992;(1.782197000, 1.527021000, 4.842731000);(-0.012028020, 1.628879000, 0.154002500);0,02597735;2,005561;;;1,782197;1,527021;4,842731
0,1;-0,0007599008;0,004940186;(1.778175000, 1.525392000, 4.845092000);(-0.012032640, 1.628929000, 0.153975400);0,0300567;2,009349;;;1,778175;1,525392;4,845092
0,1111111;0,0030376922;0,003797593;(1.774951000, 1.525124000, 4.847080000);(-0.012074050, 1.628967000, 0.153933200);0,03277202;2,012802;;;1,774951;1,525124;4,84708
0,1222222;0,0048786042;0,001840912;(1.774793000, 1.523291000, 4.847013000);(-0.012139460, 1.629005000, 0.153931300);0,03418459;2,012249;;;1,774793;1,523291;4,847013
0,1333333;0,0087287622;0,003850158;(1.775846000, 1.519719000, 4.846035000);(-0.012146340, 1.629035000, 0.154011600);0,03607148;2,009676;;;1,775846;1,519719;4,846035
0,1444445;0,0153951332;0,006666371;(1.779708000, 1.515078000, 4.843207000);(-0.012103800, 1.629230000, 0.154041900);0,03756465;2,003583;;;1,779708;1,515078;4,843207
0,1555556;0,0113599922;0,004035141;(1.782939000, 1.513917000, 4.841087000);(-0.012183920, 1.629256000, 0.154155700);0,03710936;1,999555;;;1,782939;1,513917;4,841087
0,1666667;0,0056997202;0,005660272;(1.785122000, 1.519061000, 4.840189000);(-0.012044540, 1.629198000, 0.154035500);0,03146632;1,999172;;;1,785122;1,519061;4,840189
0,1777778;-0,0017118468;0,007411567;(1.787934000, 1.525822000, 4.839044000);(-0.011994140, 1.629150000, 0.153880300);0,02408301;1,998757;;;1,787934;1,525822;4,839044
0,1888889;-0,0055698998;0,003858053;(1.790857000, 1.527723000, 4.837391000);(-0.012034160, 1.629005000, 0.153763000);0,02138781;1,996295;;;1,790857;1,527723;4,837391
0,2;-0,0009556238;0,004614276;(1.794649000, 1.526776000, 4.834940000);(-0.011987820, 1.628911000, 0.153588000);0,02194037;1,991737;;;1,794649;1,526776;4,83494
0,2111111;-0,0074734348;0,006517811;(1.800029000, 1.528609000, 4.831749000);(-0.011802820, 1.628872000, 0.153442100);0,02116885;1,986548;;;1,800029;1,528609;4,831749
0,2222222;-0,0008589468;0,006614488;(1.805613000, 1.529653000, 4.828360000);(-0.011712940, 1.628935000, 0.153391600);0,02316543;1,980824;;;1,805613;1,529653;4,82836
0,2333333;0,0063006172;0,007159564;(1.811688000, 1.529693000, 4.824573000);(-0.011523660, 1.628928000, 0.153379500);0,0278399;1,974157;;;1,811688;1,529693;4,824573
0,2444444;0,0151348712;0,008834254;(1.817996000, 1.525278000, 4.820240000);(-0.011320890, 1.629074000, 0.153374000);0,03650204;1,965431;;;1,817996;1,525278;4,82024
0,2555556;0,0239036332;0,008768762;(1.823958000, 1.520375000, 4.816081000);(-0.011084780, 1.629213000, 0.153331600);0,04523413;1,95689;;;1,823958;1,520375;4,816081
0,2666667;0,0354814532;0,01157782;(1.830502000, 1.512132000, 4.811256000);(-0.010874940, 1.629282000, 0.153306800);0,05674814;1,946367;;;1,830502;1,512132;4,811256
0,2777778;0,0459529332;0,01047148;(1.839306000, 1.511142000, 4.805675000);(-0.010639400, 1.629278000, 0.153337200);0,06562371;1,936274;;;1,839306;1,511142;4,805675
0,2888889;0,0608715232;0,01491859;(1.851974000, 1.512177000, 4.797864000);(-0.010535700, 1.629349000, 0.153346700);0,07779119;1,922755;;;1,851974;1,512177;4,797864
0,3;0,0887194832;0,02784796;(1.875348000, 1.509218000, 4.783017000);(-0.010281770, 1.629416000, 0.153400400);0,1041445;1,89587;;;1,875348;1,509218;4,783017
0,3111111;0,1251088032;0,03638932;(1.905559000, 1.503245000, 4.763632000);(-0.009982035, 1.629375000, 0.153559500);0,1398578;1,860273;;;1,905559;1,503245;4,763632
0,3222222;0,1631365332;0,03802773;(1.936404000, 1.493721000, 4.743532000);(-0.009729877, 1.629273000, 0.153529400);0,1777952;1,822536;;;1,936404;1,493721;4,743532
0,3333333;0,1988437532;0,03570722;(1.964900000, 1.483129000, 4.724802000);(-0.009518951, 1.629168000, 0.153507100);0,2134999;1,786937;;;1,9649;1,483129;4,724802
0,3444445;0,2368754232;0,03803167;(1.995653000, 1.473246000, 4.704728000);(-0.009216204, 1.629046000, 0.153510300);0,2514926;1,74917;;;1,995653;1,473246;4,704728
0,3555556;0,2813298832;0,04445446;(2.031568000, 1.461578000, 4.681272000);(-0.008969218, 1.628931000, 0.153435800);0,2959182;1,705025;;;2,031568;1,461578;4,681272
0,3666667;0,3348707732;0,05354089;(2.073845000, 1.444283000, 4.653341000);(-0.008722618, 1.628815000, 0.153492600);0,3494382;1,651572;;;2,073845;1,444283;4,653341
0,3777778;0,3888951932;0,05402442;(2.116725000, 1.427510000, 4.625081000);(-0.008468345, 1.628670000, 0.153595000);0,403459;1,597689;;;2,116725;1,42751;4,625081
0,3888889;0,4556586232;0,06676343;(2.171810000, 1.414782000, 4.589571000);(-0.008227825, 1.628522000, 0.153688700);0,4698538;1,532285;;;2,17181;1,414782;4,589571
0,4;0,5229939832;0,06733536;(2.228112000, 1.406116000, 4.553668000);(-0.008004889, 1.628301000, 0.153926200);0,5364331;1,467489;;;2,228112;1,406116;4,553668
0,4111111;0,5852275432;0,06223356;(2.279397000, 1.393950000, 4.520579000);(-0.007823437, 1.628102000, 0.154113800);0,5985206;1,406734;;;2,279397;1,39395;4,520579
0,4222222;0,6395305132;0,05430297;(2.323323000, 1.379897000, 4.491911000);(-0.007546157, 1.627962000, 0.154308000);0,6528235;1,353133;;;2,323323;1,379897;4,491911
0,4333333;0,6853102432;0,04577973;(2.361410000, 1.372829000, 4.467515000);(-0.007310390, 1.627848000, 0.154394900);0,6983596;1,309086;;;2,36141;1,372829;4,467515
0,4444444;0,7258096732;0,04049943;(2.395535000, 1.369635000, 4.445939000);(-0.007009134, 1.627650000, 0.154639500);0,7382668;1,271219;;;2,395535;1,369635;4,445939
0,4555556;0,7715127132;0,04570304;(2.433158000, 1.360514000, 4.421648000);(-0.006712615, 1.627491000, 0.154856200);0,783928;1,226939;;;2,433158;1,360514;4,421648
0,4666667;0,8367980132;0,0652853;(2.481912000, 1.332250000, 4.388688000);(-0.006270453, 1.627234000, 0.155153600);0,8479372;1,161656;;;2,481912;1,33225;4,388688
0,4777778;0,9039077132;0,0671097;(2.531747000, 1.302579000, 4.354927000);(-0.005930603, 1.627121000, 0.155385200);0,9137993;1,094546;;;2,531747;1,302579;4,354927
0,4888889;0,9847684432;0,08086073;(2.584058000, 1.253306000, 4.317858000);(-0.005564197, 1.626921000, 0.155612800);0,9892342;1,01544;;;2,584058;1,253306;4,317858
0,5;1,0567000432;0,0719316;(2.631375000, 1.210616000, 4.284497000);(-0.005183115, 1.626747000, 0.155891400);1,057467;0,9450018;;;2,631375;1,210616;4,284497
0,5111111;1,1265444032;0,06984436;(2.672781000, 1.163107000, 4.254388000);(-0.004717439, 1.626529000, 0.156078100);1,121483;0,8790954;;;2,672781;1,163107;4,254388
0,5222223;1,1753517432;0,04880734;(2.703396000, 1.132034000, 4.232492000);(-0.004369810, 1.626329000, 0.156465600);1,167602;0,8324739;;;2,703396;1,132034;4,232492
0,5333334;1,2154371332;0,04008539;(2.730453000, 1.109306000, 4.213567000);(-0.003916308, 1.626125000, 0.156806100);1,206586;0,7934148;;;2,730453;1,109306;4,213567
0,5444446;1,2621883532;0,04675122;(2.764009000, 1.086278000, 4.190559000);(-0.003450855, 1.625937000, 0.157144500);1,252878;0,747179;;;2,764009;1,086278;4,190559
0,5555557;1,3141547532;0,0519664;(2.804142000, 1.066966000, 4.163785000);(-0.002727806, 1.625650000, 0.157327900);1,304845;0,6952221;;;2,804142;1,066966;4,163785
0,5666668;1,3660302632;0,05187551;(2.846343000, 1.054452000, 4.136333000);(-0.002151310, 1.625379000, 0.157731000);1,356267;0,6437346;;;2,846343;1,054452;4,136333
0,577778;1,4215914332;0,05556117;(2.892598000, 1.046053000, 4.106720000);(-0.001552924, 1.625207000, 0.158030200);1,410519;0,5896293;;;2,892598;1,046053;4,10672
0,5888891;1,4730154932;0,05142406;(2.933882000, 1.031623000, 4.079667000);(-0.000944867, 1.625154000, 0.158450000);1,461783;0,5385262;;;2,933882;1,031623;4,079667
0,6000003;1,5151122732;0,04209678;(2.966852000, 1.017233000, 4.057803000);(-0.000244989, 1.625036000, 0.158789400);1,503877;0,4964919;;;2,966852;1,017233;4,057803
0,6111114;1,5556000332;0,04048776;(2.997366000, 1.000333000, 4.037246000);(0.000466914, 1.625004000, 0.159161500);1,544269;0,4560182;;;2,997366;1,000333;4,037246
0,6222225;1,5820138532;0,02641382;(3.016894000, 0.988469200, 4.023995000);(0.001268164, 1.624864000, 0.159441800);1,570545;0,4296597;;;3,016894;0,9884692;4,023995
0,6333337;1,6076751332;0,02566128;(3.035697000, 0.976589000, 4.011196000);(0.002073244, 1.624844000, 0.159881400);1,596033;0,4040906;;;3,035697;0,976589;4,011196
0,6444448;1,6403324732;0,03265734;(3.060125000, 0.962539300, 3.994692000);(0.002817855, 1.624704000, 0.160188300);1,628592;0,371479;;;3,060125;0,9625393;3,994692
0,655556;1,6844288232;0,04409635;(3.094800000, 0.947865300, 3.971740000);(0.003634544, 1.624484000, 0.160482700);1,67267;0,3274468;;;3,0948;0,9478653;3,97174
0,6666671;1,7279813832;0,04355256;(3.129780000, 0.935701500, 3.948822000);(0.004294680, 1.624422000, 0.160897200);1,716071;0,2842193;;;3,12978;0,9357015;3,948822
0,6777782;1,7700935332;0,04211215;(3.163267000, 0.922821800, 3.926773000);(0.005042763, 1.624205000, 0.161031600);1,758122;0,2423711;;;3,163267;0,9228218;3,926773
0,6888894;1,8042467032;0,03415317;(3.190570000, 0.912846600, 3.908842000);(0.005998420, 1.624062000, 0.161226200);1,792198;0,2085837;;;3,19057;0,9128466;3,908842
0,7000005;1,8248035132;0,02055681;(3.207208000, 0.907563600, 3.897987000);(0.006818848, 1.623927000, 0.161475100);1,812647;0,1884568;;;3,207208;0,9075636;3,897987
0,7111117;1,8463787832;0,02157527;(3.223968000, 0.899805300, 3.886833000);(0.007672908, 1.623777000, 0.161773700);1,834222;0,1670219;;;3,223968;0,8998053;3,886833
0,7222228;1,8632103832;0,0168316;(3.236149000, 0.891707900, 3.878505000);(0.008495035, 1.623683000, 0.162019000);1,850889;0,150192;;;3,236149;0,8917079;3,878505
0,7333339;1,8912770432;0,02806666;(3.253355000, 0.873317100, 3.866116000);(0.009280311, 1.623438000, 0.162200200);1,877249;0,1230178;;;3,253355;0,8733171;3,866116
0,7444451;1,9178464732;0,02656943;(3.271313000, 0.858291800, 3.853560000);(0.010231030, 1.623262000, 0.162328300);1,903104;0,09691301;;;3,271313;0,8582918;3,85356
0,7555562;1,9419390032;0,02409253;(3.288981000, 0.847168700, 3.841536000);(0.011034370, 1.623137000, 0.162463700);1,927056;0,07294913;;;3,288981;0,8471687;3,841536
0,7666674;1,9613943732;0,01945537;(3.303621000, 0.838995000, 3.831668000);(0.011878090, 1.622936000, 0.162635300);1,946475;0,05356389;;;3,303621;0,838995;3,831668
0,7777785;1,9698469872;0,008452614;(3.310781000, 0.840020200, 3.827293000);(0.012634300, 1.622769000, 0.162906600);1,953912;0,04613285;;;3,310781;0,8400202;3,827293
0,7888896;1,9755117882;0,005664801;(3.313917000, 0.844473800, 3.825738000);(0.013240270, 1.622540000, 0.163188300);1,95554;0,04509151;;;3,313917;0,8444738;3,825738
0,8000008;1,9841645692;0,008652781;(3.321208000, 0.843799800, 3.821129000);(0.013932130, 1.622382000, 0.163377200);1,96383;0,03753894;;;3,321208;0,8437998;3,821129
0,8111119;1,9968327492;0,01266818;(3.331596000, 0.841086100, 3.814404000);(0.014635740, 1.622247000, 0.163558900);1,976354;0,02651839;;;3,331596;0,8410861;3,814404
0,8222231;2,0146372892;0,01780454;(3.345731000, 0.835568400, 3.805089000);(0.015275060, 1.622083000, 0.163735400);1,994135;0,0142343;;;3,345731;0,8355684;3,805089
0,8333342;2,0269480192;0,01231073;(3.355926000, 0.833408700, 3.798535000);(0.015885830, 1.621865000, 0.163750900);2,006226;0,01654584;;;3,355926;0,8334087;3,798535
0,8444453;2,0277597607;0,0008117415;(3.356613000, 0.833381000, 3.798104000);(0.016395870, 1.621763000, 0.163961800);2,006994;0,01709257;;;3,356613;0,833381;3,798104
0,8555565;2,0245873677;0,003172393;(3.354199000, 0.834652100, 3.799724000);(0.016895590, 1.621495000, 0.164044100);2,003825;0,01619432;;;3,354199;0,8346521;3,799724
0,8666676;2,0294490637;0,004861696;(3.357260000, 0.831571400, 3.797538000);(0.017599790, 1.621325000, 0.164071600);2,008435;0,01652791;;;3,35726;0,8315714;3,797538
0,8777788;2,0375505627;0,008101499;(3.363760000, 0.829287400, 3.793277000);(0.018103510, 1.621229000, 0.164227700);2,016511;0,0222289;;;3,36376;0,8292874;3,793277
0,8888899;2,0489608527;0,01141029;(3.373327000, 0.827998500, 3.787193000);(0.018556270, 1.621164000, 0.164440200);2,027562;0,03278486;;;3,373327;0,8279985;3,787193
0,900001;2,0546991527;0,0057383;(3.378201000, 0.828360400, 3.784185000);(0.019024280, 1.621083000, 0.164533700);2,032785;0,0384753;;;3,378201;0,8283604;3,784185
0,9111122;2,0568761897;0,002177037;(3.380046000, 0.828332400, 3.783031000);(0.019387980, 1.621005000, 0.164674100);2,03483;0,0406131;;;3,380046;0,8283324;3,783031
0,9222233;2,0526177157;0,004258474;(3.376429000, 0.828083500, 3.785265000);(0.019829330, 1.620881000, 0.164761700);2,030945;0,0363852;;;3,376429;0,8280835;3,785265
0,9333345;2,0477787027;0,004839013;(3.374177000, 0.823926600, 3.786296000);(0.020206870, 1.620777000, 0.164847300);2,030138;0,03340169;;;3,374177;0,8239266;3,786296
0,9444456;2,0426342037;0,005144499;(3.371065000, 0.820155700, 3.787897000);(0.020544460, 1.620672000, 0.164830900);2,028241;0,02984348;;;3,371065;0,8201557;3,787897
0,9555568;2,0400595687;0,002574635;(3.368890000, 0.820298200, 3.789267000);(0.020909710, 1.620593000, 0.164891500);2,025792;0,02726912;;;3,36889;0,8202982;3,789267
0,9666679;2,0419453437;0,001885775;(3.370039000, 0.821670400, 3.788673000);(0.021251930, 1.620475000, 0.164967500);2,026499;0,02853754;;;3,370039;0,8216704;3,788673
0,977779;2,0490242277;0,007078884;(3.376007000, 0.822866400, 3.785058000);(0.021617150, 1.620468000, 0.164932800);2,03258;0,0355433;;;3,376007;0,8228664;3,785058
