time;total distance traveled;distance to prev position;ray position;hmd position;distance to prev target;distance to current target
(-3.809546000, 0.485999900, 3.294923000);(-3.332862000, 2.342543000, 3.865905000);0,2777778;0,2333333

0;-0,002825261;0,002825261;(-3.834793000, 0.503859800, 3.278910000);(-0.097439810, 1.608470000, 0.126445400);0,03482507;1,994306;;;-3,834793;0,5038598;3,27891
0,01111111;0,000912187;0,003737448;(-3.836241000, 0.500724100, 3.277482000);(-0.097432000, 1.608002000, 0.126125500);0,03512266;1,997982;;;-3,836241;0,5007241;3,277482
0,02222222;0,006878916;0,005966729;(-3.838016000, 0.495366500, 3.275547000);(-0.097235110, 1.607997000, 0.126044100);0,03568921;2,003938;;;-3,838016;0,4953665;3,275547
0,03333334;0,011316671;0,004437755;(-3.840504000, 0.492391800, 3.273389000);(-0.097043710, 1.607982000, 0.126010500);0,03824876;2,007943;;;-3,840504;0,4923918;3,273389
0,04444445;0,015497149;0,004180478;(-3.843180000, 0.490064800, 3.271175000);(-0.096907510, 1.607918000, 0.125931300);0,04137294;2,011419;;;-3,84318;0,4900648;3,271175
0,05555556;0,020714706;0,005217557;(-3.842855000, 0.495200300, 3.272038000);(-0.096698660, 1.607928000, 0.125868900);0,04144736;2,006352;;;-3,842855;0,4952003;3,272038
0,06666667;0,02074825531;0,00003354931;(-3.842879000, 0.495186000, 3.272019000);(-0.096461240, 1.607958000, 0.125790800);0,04147369;2,006377;;;-3,842879;0,495186;3,272019
0,07777778;0,01725113131;0,003497124;(-3.841115000, 0.492309500, 3.272938000);(-0.096278890, 1.608022000, 0.125658400);0,03898404;2,008307;;;-3,841115;0,4923095;3,272938
0,08888889;0,02099596031;0,003744829;(-3.842301000, 0.488988900, 3.271677000);(-0.096020800, 1.608043000, 0.125569200);0,04027652;2,012039;;;-3,842301;0,4889889;3,271677
0,1;0,02803900431;0,007043044;(-3.846309000, 0.484343100, 3.268219000);(-0.095820040, 1.608016000, 0.125551300);0,04546821;2,018357;;;-3,846309;0,4843431;3,268219
0,1111111;0,03538263731;0,007343633;(-3.848055000, 0.477524400, 3.266125000);(-0.095622290, 1.608079000, 0.125500200);0,04882753;2,025699;;;-3,848055;0,4775244;3,266125
0,1222222;0,04372089131;0,008338254;(-3.846581000, 0.469317700, 3.266182000);(-0.095334260, 1.608162000, 0.125449000);0,04975831;2,032867;;;-3,846581;0,4693177;3,266182
0,1333333;0,04959728831;0,005876397;(-3.845660000, 0.463514100, 3.266136000);(-0.095171090, 1.608249000, 0.125425300);0,05136655;2,037998;;;-3,84566;0,4635141;3,266136
0,1444445;0,05187331731;0,002276029;(-3.844825000, 0.461425400, 3.266482000);(-0.094872880, 1.608351000, 0.125388800);0,05154967;2,039612;;;-3,844825;0,4614254;3,266482
0,1555556;0,04735792231;0,004515395;(-3.842104000, 0.464199200, 3.268783000);(-0.094675900, 1.608524000, 0.125357300);0,04710203;2,035696;;;-3,842104;0,4641992;3,268783
0,1666667;0,03824276131;0,009115161;(-3.837790000, 0.471182000, 3.272748000);(-0.094341500, 1.608653000, 0.125320800);0,03884665;2,027013;;;-3,83779;0,471182;3,272748
0,1777778;0,02669842131;0,01154434;(-3.830858000, 0.478305800, 3.278618000);(-0.094005850, 1.608752000, 0.125231300);0,02791485;2,016999;;;-3,830858;0,4783058;3,278618
0,1888889;0,01793174131;0,00876668;(-3.824586000, 0.481898700, 3.283579000);(-0.093640170, 1.608905000, 0.125235300);0,01927969;2,010695;;;-3,824586;0,4818987;3,283579
0,2;0,00507973131;0,01285201;(-3.814939000, 0.485969700, 3.291031000);(-0.093270580, 1.609099000, 0.125223800);0,006650589;2,002434;;;-3,814939;0,4859697;3,291031
0,2111111;-0,00757219869;0,01265193;(-3.805193000, 0.489146800, 3.298447000);(-0.092913640, 1.609361000, 0.125202800);0,006424177;1,99504;;;-3,805193;0,4891468;3,298447
0,2222222;0,00622698131;0,01379918;(-3.794358000, 0.491773900, 3.306578000);(-0.092534130, 1.609428000, 0.125244400);0,01999654;1,987756;;;-3,794358;0,4917739;3,306578
0,2333333;0,01993467131;0,01370769;(-3.783608000, 0.494440800, 3.314655000);(-0.092089410, 1.609530000, 0.125290400);0,03366549;1,980538;;;-3,783608;0,4944408;3,314655
0,2444444;0,03617039131;0,01623572;(-3.770404000, 0.493274700, 3.324030000);(-0.091605460, 1.609783000, 0.125288600);0,04931758;1,976073;;;-3,770404;0,4932747;3,32403
0,2555556;0,06018367131;0,02401328;(-3.751445000, 0.497341400, 3.338195000);(-0.091155750, 1.610146000, 0.125200600);0,07332686;1,964296;;;-3,751445;0,4973414;3,338195
0,2666667;0,08868017131;0,0284965;(-3.729711000, 0.505269300, 3.354833000);(-0.090671010, 1.610513000, 0.125108200);0,1016572;1,947886;;;-3,729711;0,5052693;3,354833
0,2777778;0,12678646131;0,03810629;(-3.700690000, 0.516012300, 3.377069000);(-0.090177860, 1.610950000, 0.125133400);0,1396369;1,926259;;;-3,70069;0,5160123;3,377069
0,2888889;0,16818975131;0,04140329;(-3.669485000, 0.528738600, 3.401122000);(-0.089665270, 1.611473000, 0.125129100);0,1808921;1,902426;;;-3,669485;0,5287386;3,401122
0,3;0,20936147131;0,04117172;(-3.638596000, 0.541823300, 3.424992000);(-0.089203560, 1.611947000, 0.125095300);0,2219417;1,878955;;;-3,638596;0,5418233;3,424992
0,3111111;0,26383764131;0,05447617;(-3.599522000, 0.563910500, 3.455863000);(-0.088709900, 1.612615000, 0.124967500);0,2758295;1,844662;;;-3,599522;0,5639105;3,455863
0,3222222;0,33550650131;0,07166886;(-3.549344000, 0.595738700, 3.495933000);(-0.088211200, 1.613082000, 0.124945500);0,3466303;1,79863;;;-3,549344;0,5957387;3,495933
0,3333333;0,42292006131;0,08741356;(-3.493718000, 0.644927100, 3.542056000);(-0.087625000, 1.613638000, 0.124994800);0,4313699;1,7357;;;-3,493718;0,6449271;3,542056
0,3444445;0,51143368131;0,08851362;(-3.441633000, 0.701041000, 3.586474000);(-0.087057480, 1.614206000, 0.125007900);0,5163385;1,668665;;;-3,441633;0,701041;3,586474
0,3555556;0,62438468131;0,112951;(-3.387585000, 0.786993100, 3.635962000);(-0.086547620, 1.614812000, 0.125099700);0,6204481;1,573405;;;-3,387585;0,7869931;3,635962
0,3666667;0,74015288131;0,1157682;(-3.337124000, 0.879616000, 3.683680000);(-0.085987620, 1.615416000, 0.125101300);0,7274944;1,474239;;;-3,337124;0,879616;3,68368
0,3777778;0,85025198131;0,1100991;(-3.296986000, 0.973812200, 3.724150000);(-0.085472700, 1.616048000, 0.125135900);0,8275956;1,37652;;;-3,296986;0,9738122;3,72415
0,3888889;0,95691558131;0,1066636;(-3.260298000, 1.066559000, 3.761955000);(-0.084941720, 1.616657000, 0.125124400);0,925657;1,282267;;;-3,260298;1,066559;3,761955
0,4;1,07650828131;0,1195927;(-3.232284000, 1.177797000, 3.795772000);(-0.084399310, 1.617207000, 0.125071100);1,030856;1,171182;;;-3,232284;1,177797;3,795772
0,4111111;1,19626128131;0,119753;(-3.214458000, 1.293104000, 3.822743000);(-0.083918390, 1.617731000, 0.124971800);1,133199;1,05698;;;-3,214458;1,293104;3,822743
0,4222222;1,30311038131;0,1068491;(-3.202826000, 1.397194000, 3.843875000);(-0.083385710, 1.618140000, 0.124804600);1,224636;0,9545045;;;-3,202826;1,397194;3,843875
0,4333333;1,40130148131;0,0981911;(-3.204122000, 1.494757000, 3.854888000);(-0.082798460, 1.618447000, 0.124583300);1,302955;0,8575757;;;-3,204122;1,494757;3,854888
0,4444444;1,48557525131;0,08427377;(-3.215197000, 1.578270000, 3.857131000);(-0.082277980, 1.618696000, 0.124331000);1,364692;0,7733275;;;-3,215197;1,57827;3,857131
0,4555556;1,56661642131;0,08104117;(-3.215862000, 1.658764000, 3.866509000);(-0.081802360, 1.618979000, 0.124126800);1,433369;0,6937168;;;-3,215862;1,658764;3,866509
0,4666667;1,63699072131;0,0703743;(-3.226180000, 1.728369000, 3.867596000);(-0.081243950, 1.619148000, 0.123922100);1,487196;0,6233724;;;-3,22618;1,728369;3,867596
0,4777778;1,68947258131;0,05248186;(-3.225249000, 1.780369000, 3.874635000);(-0.080642070, 1.619338000, 0.123529600);1,533903;0,572448;;;-3,225249;1,780369;3,874635
0,4888889;1,73774281131;0,04827023;(-3.227580000, 1.828399000, 3.878836000);(-0.080154640, 1.619586000, 0.123148300);1,575333;0,5249717;;;-3,22758;1,828399;3,878836
0,5;1,77908981131;0,041347;(-3.241045000, 1.867177000, 3.873878000);(-0.079606050, 1.619643000, 0.122778200);1,601884;0,4842181;;;-3,241045;1,867177;3,873878
0,5111111;1,83331296131;0,05422315;(-3.264062000, 1.915087000, 3.863153000);(-0.079174170, 1.619651000, 0.122390900);1,631787;0,4329665;;;-3,264062;1,915087;3,863153
0,5222223;1,89132252131;0,05800956;(-3.277911000, 1.971334000, 3.860058000);(-0.078647310, 1.619609000, 0.121951900);1,675777;0,3753001;;;-3,277911;1,971334;3,860058
0,5333334;1,94739862131;0,0560761;(-3.282596000, 2.027107000, 3.863511000);(-0.078224680, 1.619609000, 0.121383000);1,725103;0,319425;;;-3,282596;2,027107;3,863511
0,5444446;2,00795898131;0,06056036;(-3.276999000, 2.086342000, 3.874799000);(-0.077678370, 1.619544000, 0.120874100);1,783524;0,2623713;;;-3,276999;2,086342;3,874799
0,5555557;2,07003065131;0,06207167;(-3.262157000, 2.143939000, 3.892552000);(-0.077238840, 1.619583000, 0.120380300);1,845416;0,2124917;;;-3,262157;2,143939;3,892552
0,5666668;2,13687561131;0,06684496;(-3.253400000, 2.208661000, 3.906790000);(-0.076851720, 1.619674000, 0.119925000);1,910822;0,1609665;;;-3,2534;2,208661;3,90679
0,577778;2,18953275131;0,05265714;(-3.244268000, 2.258931000, 3.919530000);(-0.076454470, 1.619772000, 0.119440900);1,962895;0,1330995;;;-3,244268;2,258931;3,91953
0,5888891;2,23818372131;0,04865097;(-3.235163000, 2.305133000, 3.931751000);(-0.076101920, 1.619885000, 0.118944300);2,011147;0,1236127;;;-3,235163;2,305133;3,931751
0,6000003;2,26976283131;0,03157911;(-3.224269000, 2.332571000, 3.942964000);(-0.075780880, 1.619994000, 0.118478800);2,042628;0,1335282;;;-3,224269;2,332571;3,942964
0,6111114;2,28658216131;0,01681933;(-3.231105000, 2.347626000, 3.939881000);(-0.075402030, 1.620206000, 0.118078100);2,053343;0,1259072;;;-3,231105;2,347626;3,939881
0,6222225;2,26998977131;0,01659239;(-3.244451000, 2.351217000, 3.930699000);(-0.075034550, 1.620374000, 0.117594500);2,05002;0,1099545;;;-3,244451;2,351217;3,930699
0,6333337;2,24481341131;0,02517636;(-3.264708000, 2.356616000, 3.916758000);(-0.074728450, 1.620455000, 0.117199400);2,045173;0,08619169;;;-3,264708;2,356616;3,916758
0,6444448;2,26633434131;0,02152093;(-3.280008000, 2.368318000, 3.907161000);(-0.074447150, 1.620493000, 0.116720100);2,048992;0,07183215;;;-3,280008;2,368318;3,907161
0,655556;2,24474589131;0,02158845;(-3.296942000, 2.375450000, 3.895828000);(-0.074146040, 1.620523000, 0.116241600);2,047895;0,05717049;;;-3,296942;2,37545;3,895828
0,6666671;2,25873773131;0,01399184;(-3.304268000, 2.386714000, 3.891926000);(-0.073803600, 1.620500000, 0.115778900);2,055343;0,05870086;;;-3,304268;2,386714;3,891926
0,6777782;2,26995423131;0,0112165;(-3.305470000, 2.397855000, 3.892424000);(-0.073529190, 1.620485000, 0.115352300);2,0655;0,06717896;;;-3,30547;2,397855;3,892424
0,6888894;2,28039581131;0,01044158;(-3.306390000, 2.408238000, 3.893033000);(-0.073221290, 1.620548000, 0.114762600);2,075067;0,07584561;;;-3,30639;2,408238;3,893033
0,7000005;2,29059888131;0,01020307;(-3.307920000, 2.418325000, 3.893165000);(-0.072953460, 1.620549000, 0.114347700);2,084083;0,08430951;;;-3,30792;2,418325;3,893165
0,7111117;2,29810306231;0,007504181;(-3.306468000, 2.425434000, 3.895082000);(-0.072733980, 1.620484000, 0.113943900);2,091574;0,09175362;;;-3,306468;2,425434;3,895082
0,7222228;2,31464811231;0,01654505;(-3.293270000, 2.421091000, 3.904064000);(-0.072456710, 1.620480000, 0.113564700);2,093364;0,09588227;;;-3,29327;2,421091;3,904064
0,7333339;2,31187127531;0,002776837;(-3.292622000, 2.418394000, 3.904201000);(-0.072404600, 1.620491000, 0.113306000);2,091071;0,09401708;;;-3,292622;2,418394;3,904201
0,7444451;2,30616376231;0,005707513;(-3.296969000, 2.416788000, 3.900870000);(-0.072172100, 1.620540000, 0.112983600);2,087547;0,089572;;;-3,296969;2,416788;3,90087
0,7555562;2,28473028231;0,02143348;(-3.313013000, 2.409867000, 3.888457000);(-0.071957370, 1.620632000, 0.112645500);2,073666;0,07372279;;;-3,313013;2,409867;3,888457
0,7666674;2,26774528231;0,016985;(-3.323486000, 2.399785000, 3.879673000);(-0.071612990, 1.620908000, 0.112539500);2,05931;0,05961595;;;-3,323486;2,399785;3,879673
0,7777785;2,25826749931;0,009477783;(-3.320909000, 2.390695000, 3.880418000);(-0.071398130, 1.621018000, 0.112292500);2,05169;0,05169182;;;-3,320909;2,390695;3,880418
0,7888896;2,25076521231;0,007502287;(-3.315274000, 2.387348000, 3.884069000);(-0.071127840, 1.621087000, 0.111869800);2,050981;0,05144604;;;-3,315274;2,387348;3,884069
0,8000008;2,24266759431;0,008097618;(-3.310689000, 2.381180000, 3.886619000);(-0.070951290, 1.621184000, 0.111658300);2,047112;0,04912702;;;-3,310689;2,38118;3,886619
0,8111119;2,23164936431;0,01101823;(-3.318929000, 2.377599000, 3.880241000);(-0.070986110, 1.621320000, 0.111410300);2,039963;0,04035482;;;-3,318929;2,377599;3,880241
0,8222231;2,21624474431;0,01540462;(-3.331265000, 2.381339000, 3.871807000);(-0.070842210, 1.621396000, 0.111213700);2,038102;0,03927472;;;-3,331265;2,381339;3,871807
0,8333342;2,21049624931;0,005748495;(-3.335896000, 2.382525000, 3.868614000);(-0.070719200, 1.621468000, 0.111032700);2,037222;0,04018839;;;-3,335896;2,382525;3,868614
0,8444453;2,20617177031;0,004324479;(-3.338495000, 2.379860000, 3.866413000);(-0.070616090, 1.621559000, 0.110880900);2,033519;0,0377435;;;-3,338495;2,37986;3,866413
0,8555565;2,19829532531;0,007876445;(-3.342097000, 2.373708000, 3.863064000);(-0.070522630, 1.621771000, 0.110740700);2,026015;0,03262887;;;-3,342097;2,373708;3,863064
0,8666676;2,18173712531;0,0165582;(-3.351433000, 2.362676000, 3.854982000);(-0.070417230, 1.621879000, 0.110726800);2,01133;0,02948805;;;-3,351433;2,362676;3,854982
0,8777788;2,16247617531;0,01926095;(-3.362990000, 2.350777000, 3.845194000);(-0.070322400, 1.621856000, 0.110586100);1,994895;0,03747668;;;-3,36299;2,350777;3,845194
0,8888899;2,15313234531;0,00934383;(-3.366293000, 2.342712000, 3.841825000);(-0.070190150, 1.621860000, 0.110425600);1,985687;0,0412016;;;-3,366293;2,342712;3,841825
0,900001;2,14907673031;0,004055615;(-3.365565000, 2.338722000, 3.841862000);(-0.070111670, 1.621923000, 0.110299400);1,982131;0,04076979;;;-3,365565;2,338722;3,841862
0,9111122;2,15281029631;0,003733566;(-3.365678000, 2.342436000, 3.842235000);(-0.070058160, 1.621997000, 0.110180500);1,98568;0,04046208;;;-3,365678;2,342436;3,842235
0,9222233;2,15661628931;0,003805993;(-3.363549000, 2.344993000, 3.844083000);(-0.069905650, 1.622005000, 0.110021700);1,989056;0,03773469;;;-3,363549;2,344993;3,844083
0,9333345;2,15432800031;0,002288289;(-3.362576000, 2.342972000, 3.844537000);(-0.069794900, 1.622006000, 0.109812600);1,987512;0,03660178;;;-3,362576;2,342972;3,844537
0,9444456;2,15256518831;0,001762812;(-3.363922000, 2.342488000, 3.843507000);(-0.069749600, 1.622004000, 0.109653000);1,986473;0,03829374;;;-3,363922;2,342488;3,843507
0,9555568;2,15523193131;0,002666743;(-3.365963000, 2.343561000, 3.842167000);(-0.069841680, 1.622004000, 0.109604100);1,986649;0,04074581;;;-3,365963;2,343561;3,842167
0,9666679;2,16142297531;0,006191044;(-3.369913000, 2.347715000, 3.839829000);(-0.069762460, 1.621918000, 0.109455200);1,989015;0,04560187;;;-3,369913;2,347715;3,839829
0,977779;2,15964762231;0,001775353;(-3.371263000, 2.347208000, 3.838793000);(-0.069844490, 1.621967000, 0.109371800);1,987959;0,04723862;;;-3,371263;2,347208;3,838793
0,9888902;2,15689258931;0,002755033;(-3.373243000, 2.346100000, 3.837230000);(-0.069842970, 1.621974000, 0.109163800);1,986059;0,04965418;;;-3,373243;2,3461;3,83723
1,000001;2,15864342131;0,001750832;(-3.372654000, 2.347631000, 3.837842000);(-0.069864550, 1.621937000, 0.109012600);1,987789;0,04895762;;;-3,372654;2,347631;3,837842
