time;total distance traveled;distance to prev position;ray position;hmd position;distance to prev target;distance to current target
(-2.470551000, 2.663393000, 4.413426000);(-3.943208000, 2.846340000, 3.072601000);0,2888889;0,2888889

0;-0,01823845;0,01823845;(-2.446079000, 2.669643000, 4.436799000);(-0.058816800, 1.645180000, 0.138757400);0,03441226;2,033138;;;-2,446079;2,669643;4,436799
0,01111111;-0,012314079;0,005924371;(-2.442846000, 2.673247000, 4.440213000);(-0.058860760, 1.645128000, 0.138860200);0,03977688;2,037501;;;-2,442846;2,673247;4,440213
0,02222222;-0,018058419;0,00574434;(-2.446320000, 2.670365000, 4.436661000);(-0.058743350, 1.645120000, 0.138953400);0,03428659;2,032806;;;-2,44632;2,670365;4,436661
0,03333334;-0,021597118;0,003538699;(-2.448926000, 2.670611000, 4.434279000);(-0.058607940, 1.645202000, 0.139016200);0,03089643;2,029268;;;-2,448926;2,670611;4,434279
0,04444445;-0,023495425;0,001898307;(-2.449841000, 2.672135000, 4.433612000);(-0.058483440, 1.645240000, 0.139048500);0,03021227;2,028014;;;-2,449841;2,672135;4,433612
0,05555556;-0,026635339;0,003139914;(-2.451698000, 2.670477000, 4.431699000);(-0.058359780, 1.645289000, 0.139082800);0,0271934;2,025506;;;-2,451698;2,670477;4,431699
0,06666667;-0,023997029;0,00263831;(-2.450497000, 2.672408000, 4.433037000);(-0.058404410, 1.645275000, 0.139172000);0,02946156;2,027122;;;-2,450497;2,672408;4,433037
0,07777778;-0,018964727;0,005032302;(-2.448640000, 2.676533000, 4.435240000);(-0.058346620, 1.645230000, 0.139190800);0,03359454;2,029619;;;-2,44864;2,676533;4,43524
0,08888889;-0,010859059;0,008105668;(-2.449011000, 2.684608000, 4.435845000);(-0.058254500, 1.645214000, 0.139224300);0,03763817;2,029092;;;-2,449011;2,684608;4,435845
0,1;-0,017846695;0,006987636;(-2.453067000, 2.689313000, 4.432645000);(-0.058127470, 1.645187000, 0.139237000);0,03670027;2,023585;;;-2,453067;2,689313;4,432645
0,1111111;-0,013210944;0,004635751;(-2.455546000, 2.692743000, 4.430755000);(-0.057952770, 1.645222000, 0.139331100);0,03724048;2,020225;;;-2,455546;2,692743;4,430755
0,1222222;-0,012135477;0,001075467;(-2.454764000, 2.692828000, 4.431488000);(-0.057822380, 1.645197000, 0.139410100);0,03797223;2,021287;;;-2,454764;2,692828;4,431488
0,1333333;-0,017758131;0,005622654;(-2.452590000, 2.687844000, 4.432915000);(-0.057868310, 1.645304000, 0.139563400);0,03605888;2,024232;;;-2,45259;2,687844;4,432915
0,1444445;-0,019654767;0,001896636;(-2.453585000, 2.686629000, 4.431851000);(-0.057722670, 1.645273000, 0.139621200);0,03416476;2,022881;;;-2,453585;2,686629;4,431851
0,1555556;-0,024769910;0,005115143;(-2.456627000, 2.683960000, 4.428723000);(-0.057552990, 1.645225000, 0.139784700);0,0291697;2,018751;;;-2,456627;2,68396;4,428723
0,1666667;-0,029133199;0,004363289;(-2.459021000, 2.681326000, 4.426199000);(-0.057278660, 1.645247000, 0.139854000);0,02485319;2,015507;;;-2,459021;2,681326;4,426199
0,1777778;-0,0299765932;0,0008433942;(-2.459593000, 2.681060000, 4.425639000);(-0.057190840, 1.645251000, 0.139839400);0,02411137;2,014732;;;-2,459593;2,68106;4,425639
0,1888889;-0,0232915362;0,006685057;(-2.456846000, 2.686276000, 4.428792000);(-0.057093970, 1.645155000, 0.139914900);0,03078235;2,018451;;;-2,456846;2,686276;4,428792
0,2;-0,0126351362;0,0106564;(-2.450673000, 2.692147000, 4.435193000);(-0.057037960, 1.645114000, 0.139984200);0,04117946;2,026843;;;-2,450673;2,692147;4,435193
0,2111111;-0,0028653682;0,009769768;(-2.443630000, 2.693371000, 4.441853000);(-0.057242210, 1.645101000, 0.140099300);0,04930996;2,036414;;;-2,44363;2,693371;4,441853
0,2222222;0,0018360648;0,004701433;(-2.441183000, 2.689806000, 4.443697000);(-0.057360460, 1.645066000, 0.140165100);0,04976402;2,039727;;;-2,441183;2,689806;4,443697
0,2333333;-0,0063491612;0,008185226;(-2.443999000, 2.682920000, 4.440283000);(-0.057616420, 1.645025000, 0.140239900);0,04251601;2,0359;;;-2,443999;2,68292;4,440283
0,2444444;-0,0148571412;0,00850798;(-2.447914000, 2.676743000, 4.435936000);(-0.057860780, 1.644988000, 0.140273400);0,03460256;2,030603;;;-2,447914;2,676743;4,435936
0,2555556;-0,0276880412;0,0128309;(-2.455725000, 2.670411000, 4.427966000);(-0.058233920, 1.644918000, 0.140309500);0,02191921;2,020042;;;-2,455725;2,670411;4,427966
0,2666667;-0,0460311712;0,01834313;(-2.468729000, 2.666878000, 4.415521000);(-0.058747110, 1.645011000, 0.140416000);0,004455333;2,00243;;;-2,468729;2,666878;4,415521
0,2777778;-0,0193065512;0,02672462;(-2.488055000, 2.663936000, 4.397298000);(-0.059185320, 1.645056000, 0.140390300);0,02380787;1,97625;;;-2,488055;2,663936;4,397298
0,2888889;0,0041555988;0,02346215;(-2.505132000, 2.662233000, 4.381300000);(-0.059674760, 1.645003000, 0.140435500);0,04721575;1,953113;;;-2,505132;2,662233;4,3813
0,3;0,0224776588;0,01832206;(-2.518247000, 2.659365000, 4.368831000);(-0.060131860, 1.645054000, 0.140351200);0,06542094;1,935377;;;-2,518247;2,659365;4,368831
0,3111111;0,0306961698;0,008218511;(-2.522166000, 2.653566000, 4.364524000);(-0.060689160, 1.644900000, 0.140336200);0,07177869;1,930178;;;-2,522166;2,653566;4,364524
0,3222222;0,0399084008;0,009212231;(-2.528856000, 2.652761000, 4.358242000);(-0.061192010, 1.644830000, 0.140390100);0,0809807;1,921129;;;-2,528856;2,652761;4,358242
0,3333333;0,0763857008;0,0364773;(-2.552202000, 2.673182000, 4.339044000);(-0.061693390, 1.644750000, 0.140533000);0,1108851;1,889116;;;-2,552202;2,673182;4,339044
0,3444445;0,1197827308;0,04339703;(-2.581839000, 2.692479000, 4.313893000);(-0.062136240, 1.644676000, 0.140680000);0,1521117;1,84873;;;-2,581839;2,692479;4,313893
0,3555556;0,1845541408;0,06477141;(-2.626843000, 2.718612000, 4.275331000);(-0.062493180, 1.644619000, 0.140822800);0,215747;1,787649;;;-2,626843;2,718612;4,275331
0,3666667;0,2414792608;0,05692512;(-2.667335000, 2.737580000, 4.240102000);(-0.062876140, 1.644458000, 0.141052600);0,2725237;1,732841;;;-2,667335;2,73758;4,240102
0,3777778;0,3313654208;0,08988616;(-2.731335000, 2.767221000, 4.184380000);(-0.063243380, 1.644326000, 0.141105900);0,3622858;1,646496;;;-2,731335;2,767221;4,18438
0,3888889;0,4001867808;0,06882136;(-2.780972000, 2.786330000, 4.140706000);(-0.063649900, 1.643996000, 0.141456300);0,4311046;1,579633;;;-2,780972;2,78633;4,140706
0,4;0,4781085608;0,07792178;(-2.837549000, 2.805299000, 4.090596000);(-0.063844640, 1.643679000, 0.141633700);0,5089641;1,503489;;;-2,837549;2,805299;4,090596
0,4111111;0,5731317208;0,09502316;(-2.907361000, 2.819199000, 4.027648000);(-0.064071780, 1.643240000, 0.141795600);0,6032443;1,409195;;;-2,907361;2,819199;4,027648
0,4222222;0,6682023808;0,09507066;(-2.977218000, 2.832902000, 3.964635000);(-0.064093510, 1.642838000, 0.142050500);0,6977528;1,31493;;;-2,977218;2,832902;3,964635
0,4333333;0,8031091808;0,1349068;(-3.076406000, 2.851034000, 3.875009000);(-0.064234230, 1.642610000, 0.142408000);0,8319635;1,181197;;;-3,076406;2,851034;3,875009
0,4444444;0,9188055808;0,1156964;(-3.160945000, 2.874350000, 3.799542000);(-0.064350480, 1.642359000, 0.142693800);0,947629;1,068252;;;-3,160945;2,87435;3,799542
0,4555556;1,0262901808;0,1074846;(-3.239306000, 2.897788000, 3.729806000);(-0.064231180, 1.642003000, 0.143034100);1,055112;0,9643872;;;-3,239306;2,897788;3,729806
0,4666667;1,1287408808;0,1024507;(-3.313652000, 2.923047000, 3.663998000);(-0.064029540, 1.641556000, 0.143365400);1,157534;0,8671643;;;-3,313652;2,923047;3,663998
0,4777778;1,2218272608;0,09308638;(-3.381715000, 2.941320000, 3.603181000);(-0.063848230, 1.641231000, 0.143771200);1,250584;0,7783384;;;-3,381715;2,94132;3,603181
0,4888889;1,3168242408;0,09499698;(-3.451236000, 2.959259000, 3.540977000);(-0.063667780, 1.640948000, 0.144159200);1,345529;0,6885943;;;-3,451236;2,959259;3,540977
0,5;1,3989780808;0,08215384;(-3.510966000, 2.978615000, 3.487996000);(-0.063512090, 1.640689000, 0.144491100);1,427673;0,6139073;;;-3,510966;2,978615;3,487996
0,5111111;1,4731614008;0,07418332;(-3.563857000, 3.002713000, 3.441898000);(-0.063383270, 1.640473000, 0.144897100);1,501441;0,5520324;;;-3,563857;3,002713;3,441898
0,5222223;1,5248533708;0,05169197;(-3.599995000, 3.022716000, 3.410818000);(-0.063259860, 1.640293000, 0.145169800);1,552411;0,5131215;;;-3,599995;3,022716;3,410818
0,5333334;1,5510079908;0,02615462;(-3.619224000, 3.023300000, 3.393098000);(-0.063262190, 1.640099000, 0.145414000);1,57799;0,4888749;;;-3,619224;3,0233;3,393098
0,5444446;1,5993066708;0,04829868;(-3.654719000, 3.030146000, 3.361067000);(-0.063162410, 1.640013000, 0.145634700);1,626106;0,447463;;;-3,654719;3,030146;3,361067
0,5555557;1,6293125208;0,03000585;(-3.676679000, 3.035796000, 3.341416000);(-0.063146360, 1.639962000, 0.145805000);1,656091;0,4233111;;;-3,676679;3,035796;3,341416
0,5666668;1,6557625008;0,02644998;(-3.695953000, 3.034070000, 3.323384000);(-0.063135420, 1.639892000, 0.145924900);1,681429;0,399086;;;-3,695953;3,03407;3,323384
0,577778;1,6791683808;0,02340588;(-3.710132000, 3.022375000, 3.308893000);(-0.063087580, 1.639754000, 0.146046700);1,698654;0,3756942;;;-3,710132;3,022375;3,308893
0,5888891;1,7116237208;0,03245534;(-3.732490000, 3.013381000, 3.287154000);(-0.063132960, 1.639684000, 0.146306200);1,727273;0,3440022;;;-3,73249;3,013381;3,287154
0,6000003;1,7406707508;0,02904703;(-3.753402000, 3.009559000, 3.267359000);(-0.063356840, 1.639669000, 0.146453900);1,75471;0,3171709;;;-3,753402;3,009559;3,267359
0,6111114;1,7730730908;0,03240234;(-3.775457000, 3.024205000, 3.248678000);(-0.063566010, 1.639782000, 0.146520200);1,785946;0,3012957;;;-3,775457;3,024205;3,248678
0,6222225;1,8074862208;0,03441313;(-3.798723000, 3.040245000, 3.229039000);(-0.063695890, 1.639770000, 0.146432600);1,819019;0,2880067;;;-3,798723;3,040245;3,229039
0,6333337;1,8350673208;0,0275811;(-3.818655000, 3.047640000, 3.211469000);(-0.063787410, 1.639763000, 0.146367700);1,846546;0,2744435;;;-3,818655;3,04764;3,211469
0,6444448;1,8655192808;0,03045196;(-3.840513000, 3.043231000, 3.190730000);(-0.063874890, 1.639762000, 0.146260300);1,875116;0,2515285;;;-3,840513;3,043231;3,19073
0,655556;1,8953999108;0,02988063;(-3.861476000, 3.036459000, 3.170542000);(-0.064019300, 1.639806000, 0.146084200);1,902265;0,2289487;;;-3,861476;3,036459;3,170542
0,6666671;1,9194958908;0,02409598;(-3.877931000, 3.029268000, 3.154476000);(-0.064332360, 1.639884000, 0.146062900);1,923419;0,2107769;;;-3,877931;3,029268;3,154476
0,6777782;1,9334071908;0,0139113;(-3.880144000, 3.016015000, 3.150872000);(-0.064510160, 1.639955000, 0.145822400);1,924926;0,1972125;;;-3,880144;3,016015;3,150872
0,6888894;1,9491565008;0,01574931;(-3.885462000, 3.002684000, 3.144387000);(-0.064604950, 1.640007000, 0.145658600);1,930687;0,1814694;;;-3,885462;3,002684;3,144387
0,7000005;1,9270298808;0,02212662;(-3.883774000, 2.980646000, 3.143359000);(-0.064724440, 1.640110000, 0.145502200);1,926375;0,1630245;;;-3,883774;2,980646;3,143359
0,7111117;1,9419125008;0,01488262;(-3.889639000, 2.968788000, 3.136540000);(-0.065082770, 1.640167000, 0.145488200);1,933265;0,1481598;;;-3,889639;2,968788;3,13654
0,7222228;1,9484006508;0,00648815;(-3.894358000, 2.968291000, 3.132116000);(-0.065251580, 1.640213000, 0.145347100);1,939574;0,1442226;;;-3,894358;2,968291;3,132116
0,7333339;1,9436437758;0,004756875;(-3.894066000, 2.972967000, 3.132936000);(-0.065234920, 1.640247000, 0.145162600);1,939559;0,1486256;;;-3,894066;2,972967;3,132936
0,7444451;1,9404894928;0,003154283;(-3.891977000, 2.971374000, 3.134682000);(-0.065347430, 1.640345000, 0.145005200);1,936619;0,1487011;;;-3,891977;2,971374;3,134682
0,7555562;1,9311834138;0,009306079;(-3.885738000, 2.966881000, 3.139925000);(-0.065495080, 1.640397000, 0.144841900);1,927866;0,1495505;;;-3,885738;2,966881;3,139925
0,7666674;1,9197384538;0,01144496;(-3.885808000, 2.955522000, 3.138527000);(-0.065571210, 1.640363000, 0.144779400);1,927086;0,1398628;;;-3,885808;2,955522;3,138527
0,7777785;1,9326478338;0,01290938;(-3.890456000, 2.944836000, 3.132971000);(-0.065695490, 1.640377000, 0.144774900);1,93259;0,1269992;;;-3,890456;2,944836;3,132971
0,7888896;1,9598822138;0,02723438;(-3.905198000, 2.928079000, 3.117365000);(-0.065945980, 1.640462000, 0.144799300);1,951422;0,1006464;;;-3,905198;2,928079;3,117365
0,8000008;1,9885697238;0,02868751;(-3.917718000, 2.906472000, 3.103245000);(-0.066141990, 1.640455000, 0.144771500);1,96722;0,07214279;;;-3,917718;2,906472;3,103245
0,8111119;2,0076492438;0,01907952;(-3.924741000, 2.890812000, 3.094909000);(-0.066305940, 1.640388000, 0.144860700);1,976076;0,05307011;;;-3,924741;2,890812;3,094909
0,8222231;2,0239395738;0,01629033;(-3.935242000, 2.884117000, 3.084408000);(-0.066400980, 1.640378000, 0.144876700);1,990058;0,04037247;;;-3,935242;2,884117;3,084408
0,8333342;2,0519717838;0,02803221;(-3.955605000, 2.881735000, 3.065291000);(-0.066606900, 1.640288000, 0.144941800);2,017555;0,03820864;;;-3,955605;2,881735;3,065291
0,8444453;2,0751235138;0,02315173;(-3.971506000, 2.875144000, 3.049808000);(-0.066859890, 1.640208000, 0.145028100);2,038912;0,0463674;;;-3,971506;2,875144;3,049808
0,8555565;2,0895893138;0,0144658;(-3.973180000, 2.861135000, 3.046613000);(-0.067179460, 1.640241000, 0.145214600);2,040876;0,04233861;;;-3,97318;2,861135;3,046613
0,8666676;2,0660321638;0,02355715;(-3.958175000, 2.847784000, 3.058924000);(-0.067688520, 1.640268000, 0.145298000);2,020323;0,02032661;;;-3,958175;2,847784;3,058924
0,8777788;2,0517763838;0,01425578;(-3.948513000, 2.841215000, 3.067092000);(-0.068068350, 1.640300000, 0.145376100);2,007139;0,00920653;;;-3,948513;2,841215;3,067092
0,8888899;2,0312918038;0,02048458;(-3.933768000, 2.843930000, 3.081050000);(-0.068407100, 1.640189000, 0.145388700);1,987165;0,01289622;;;-3,933768;2,84393;3,08105
0,900001;2,0271968228;0,004094981;(-3.930823000, 2.842741000, 3.083635000);(-0.068824090, 1.640216000, 0.145445300);1,983155;0,01697339;;;-3,930823;2,842741;3,083635
0,9111122;2,0400600528;0,01286323;(-3.938346000, 2.851310000, 3.077682000);(-0.069229880, 1.640153000, 0.145600300);1,993477;0,008610922;;;-3,938346;2,85131;3,077682
0,9222233;2,0431948058;0,003134753;(-3.939809000, 2.853875000, 3.076631000);(-0.069821410, 1.640111000, 0.145826200);1,995501;0,009195749;;;-3,939809;2,853875;3,076631
0,9333345;2,0396963928;0,003498413;(-3.937462000, 2.852190000, 3.078603000);(-0.070251830, 1.640041000, 0.145915400);1,992292;0,01016111;;;-3,937462;2,85219;3,078603
0,9444456;2,0305984708;0,009097922;(-3.934570000, 2.843729000, 3.080285000);(-0.070637930, 1.639923000, 0.146020400);1,98825;0,01185238;;;-3,93457;2,843729;3,080285
0,9555568;2,0174953408;0,01310313;(-3.929330000, 2.832240000, 3.083782000);(-0.071047890, 1.639650000, 0.146101900);1,981035;0,02272513;;;-3,92933;2,83224;3,083782
0,9666679;2,0067239708;0,01077137;(-3.925617000, 2.822389000, 3.086060000);(-0.071381470, 1.639550000, 0.146193500);1,975955;0,03262332;;;-3,925617;2,822389;3,08606
0,977779;2,0200623908;0,01333842;(-3.929357000, 2.810540000, 3.081209000);(-0.071751100, 1.639455000, 0.146301100);1,981053;0,0393394;;;-3,929357;2,81054;3,081209
0,9888902;2,0306368508;0,01057446;(-3.933932000, 2.802532000, 3.076036000);(-0.072116920, 1.639386000, 0.146416200);1,987324;0,04491155;;;-3,933932;2,802532;3,076036
1,000001;2,0371386428;0,006501792;(-3.938580000, 2.801480000, 3.071613000);(-0.072420130, 1.639301000, 0.146547700);1,99365;0,04510906;;;-3,93858;2,80148;3,071613
1,011112;2,0466952708;0,009556628;(-3.940166000, 2.810897000, 3.071251000);(-0.072798020, 1.639235000, 0.146763000);1,995736;0,03559893;;;-3,940166;2,810897;3,071251
1,022224;2,0360235408;0,01067173;(-3.936784000, 2.820102000, 3.075461000);(-0.072992360, 1.639053000, 0.146947400);1,991117;0,02716463;;;-3,936784;2,820102;3,075461
