time;total distance traveled;distance to prev position;controller position;controller rotation;camera position;tracker distance to hmd;distance to prev target;distance to current target
(-2.187212000, 1.990866000, 4.635376000);(-3.346935000, 0.631550700, 3.736874000)

0;-0,0002133141;0,0002133141;(-0.216746900, 1.385187000, 0.762047600);(352.32, 333.32, 315.92);(-0.060022060, 1.630289000, 0.153014200);0,674951400;4,387739;4,383564;;;-0,2167469;1,385187;0,7620476
0,01111111;0,0001091226;0,0003224367;(-0.216898700, 1.384959000, 0.761876700);(352.29, 333.26, 316.05);(-0.060031360, 1.630291000, 0.152949600);0,674972200;4,387853;4,383533;;;-0,2168987;1,384959;0,7618767
0,02222222;0,0003604919;0,0002513693;(-0.217074300, 1.384985000, 0.761698700);(352.31, 333.17, 316.17);(-0.060169350, 1.630140000, 0.152826800);0,674867000;4,387928;4,383533;;;-0,2170743;1,384985;0,7616987
0,03333334;0,0005810057;0,0002205138;(-0.217215900, 1.385026000, 0.761534800);(352.31, 333.14, 316.24);(-0.060231230, 1.630122000, 0.152588900);0,674930600;4,388003;4,38355;;;-0,2172159;1,385026;0,7615348
0,04444445;0,0007868704;0,0002058647;(-0.217350700, 1.385048000, 0.761380700);(352.32, 333.13, 316.22);(-0.060304500, 1.630099000, 0.152512800);0,674858400;4,388076;4,383562;;;-0,2173507;1,385048;0,7613807
0,05555556;0,0009322261;0,0001453557;(-0.217441500, 1.385067000, 0.761268800);(352.35, 333.13, 316.11);(-0.060386690, 1.630045000, 0.152373800);0,674858300;4,388131;4,383576;;;-0,2174415;1,385067;0,7612688
0,06666667;0,0010890513;0,0001568252;(-0.217432900, 1.385154000, 0.761139100);(352.41, 333.13, 316.02);(-0.060570560, 1.630048000, 0.152348600);0,674688500;4,388237;4,383686;;;-0,2174329;1,385154;0,7611391
0,07777778;0,0013056541;0,0002166028;(-0.217529400, 1.385276000, 0.760987900);(352.43, 333.13, 316.05);(-0.060684670, 1.629996000, 0.152288400);0,674539600;4,388311;4,38374;;;-0,2175294;1,385276;0,7609879
0,08888889;0,0009857796;0,0003198745;(-0.217711600, 1.385518000, 0.760885400);(352.43, 333.09, 316.14);(-0.060831380, 1.630015000, 0.152186200);0,674466500;4,388286;4,383721;;;-0,2177116;1,385518;0,7608854
0,1;0,0006642121;0,0003215675;(-0.217942200, 1.385715000, 0.760992900);(352.35, 333.05, 316.20);(-0.060996000, 1.630028000, 0.152069000);0,674618100;4,388061;4,383518;;;-0,2179422;1,385715;0,7609929
0,1111111;0,0003389998;0,0003252123;(-0.217994600, 1.386033000, 0.760953500);(352.26, 333.03, 316.24);(-0.061110300, 1.630029000, 0.152055900);0,674464800;4,388028;4,383562;;;-0,2179946;1,386033;0,7609535
0,1222222;0,0007961544;0,0004571546;(-0.218117600, 1.386151000, 0.760529300);(352.15, 333.07, 316.18);(-0.061450560, 1.629945000, 0.151800200);0,674189200;4,388331;4,383782;;;-0,2181176;1,386151;0,7605293
0,1333333;0,0007961544;0;(-0.218117600, 1.386151000, 0.760529300);(352.08, 333.11, 316.14);(-0.061450560, 1.629945000, 0.151800200);0,674189200;4,388331;4,383782;;;-0,2181176;1,386151;0,7605293
0,1444445;0,0010474693;0,0002513149;(-0.218242500, 1.386093000, 0.760319100);(352.08, 333.11, 316.14);(-0.061237210, 1.629820000, 0.151497700);0,674326900;4,388469;4,383826;;;-0,2182425;1,386093;0,7603191
0,1555556;0,0013447536;0,0002972843;(-0.218404900, 1.386030000, 0.760078300);(352.13, 333.08, 316.27);(-0.061425160, 1.629664000, 0.151240400);0,674302200;4,388617;4,383863;;;-0,2184049;1,38603;0,7600783
0,1666667;0,0016163118;0,0002715582;(-0.218488400, 1.385881000, 0.759867100);(352.22, 333.04, 316.34);(-0.061645280, 1.629635000, 0.151127300);0,674225400;4,388787;4,383921;;;-0,2184884;1,385881;0,7598671
0,1777778;0,0019535684;0,0003372566;(-0.218680100, 1.385908000, 0.759590900);(352.26, 333.00, 316.40);(-0.061786850, 1.629570000, 0.150948500);0,674115900;4,388941;4,383976;;;-0,2186801;1,385908;0,7595909
0,1888889;0,0023421267;0,0003885583;(-0.218728600, 1.385962000, 0.759209200);(352.27, 332.94, 316.40);(-0.062195290, 1.629520000, 0.150647400);0,673921700;4,389249;4,38421;;;-0,2187286;1,385962;0,7592092
0,2;0,0023421267;0;(-0.218728600, 1.385962000, 0.759209200);(352.23, 332.93, 316.30);(-0.062195290, 1.629520000, 0.150647400);0,673921700;4,389249;4,38421;;;-0,2187286;1,385962;0,7592092
0,2111111;0,0028109566;0,0004688299;(-0.218832900, 1.386053000, 0.758761200);(352.23, 332.93, 316.30);(-0.062421150, 1.629441000, 0.150369700);0,673678500;4,389585;4,384456;;;-0,2188329;1,386053;0,7587612
0,2222222;0,0032824164;0,0004714598;(-0.219131500, 1.386012000, 0.758398700);(352.12, 333.05, 316.24);(-0.062629690, 1.629436000, 0.150257800);0,673486100;4,389777;4,384482;;;-0,2191315;1,386012;0,7583987
0,2333333;0,0041096145;0,0008271981;(-0.219547500, 1.385760000, 0.757729500);(352.07, 333.01, 316.18);(-0.062856010, 1.629471000, 0.150184800);0,673095500;4,390216;4,384596;;;-0,2195475;1,38576;0,7577295
0,2444444;0,0046724794;0,0005628649;(-0.219809200, 1.385512000, 0.757297000);(352.15, 332.82, 315.97);(-0.063030820, 1.629423000, 0.150160300);0,672820000;4,390515;4,384661;;;-0,2198092;1,385512;0,757297
0,2555556;0,0056855954;0,001013116;(-0.220122400, 1.384917000, 0.756539600);(352.28, 332.74, 315.87);(-0.063357000, 1.629392000, 0.150115700);0,672379100;4,391126;4,38485;;;-0,2201224;1,384917;0,7565396
0,2666667;0,0069379714;0,001252376;(-0.220833700, 1.384361000, 0.755671700);(352.47, 332.67, 315.86);(-0.063641170, 1.629348000, 0.150037600);0,671953100;4,391651;4,384837;;;-0,2208337;1,384361;0,7556717
0,2777778;0,0087181914;0,00178022;(-0.221860400, 1.383495000, 0.754503000);(352.55, 332.57, 316.07);(-0.063914870, 1.629256000, 0.149878800);0,671502600;4,392344;4,384752;;;-0,2218604;1,383495;0,754503
0,2888889;0,0087181914;0;(-0.221860400, 1.383495000, 0.754503000);(352.58, 332.32, 316.30);(-0.063914870, 1.629256000, 0.149878800);0,671502600;4,392344;4,384752;;;-0,2218604;1,383495;0,754503
0,3;0,0131039904;0,004385799;(-0.224350300, 1.381212000, 0.751706100);(352.58, 332.32, 316.30);(-0.064980540, 1.629103000, 0.149788200);0,670189300;4,394018;4,38449;;;-0,2243503;1,381212;0,7517061
0,3111111;0,0160342114;0,002930221;(-0.225691500, 1.379494000, 0.749747800);(352.70, 331.77, 316.43);(-0.065561270, 1.628999000, 0.149782700);0,669217800;4,395389;4,384575;;;-0,2256915;1,379494;0,7497478
0,3222222;0,0193635594;0,003329348;(-0.227209100, 1.377331000, 0.747722000);(352.77, 331.63, 316.26);(-0.066158530, 1.628914000, 0.149787000);0,668399300;4,396805;4,384508;;;-0,2272091;1,377331;0,747722
0,3333333;0,0253967154;0,006033156;(-0.230065100, 1.373168000, 0.744419000);(352.79, 331.54, 316.06);(-0.066669590, 1.628725000, 0.149853900);0,667469200;4,399036;4,384023;;;-0,2300651;1,373168;0,744419
0,3444445;0,0315400594;0,006143344;(-0.232988700, 1.368740000, 0.741322100);(352.72, 331.47, 315.93);(-0.067411220, 1.628589000, 0.149822200);0,666940300;4,401101;4,383314;;;-0,2329887;1,36874;0,7413221
0,3555556;0,0384427474;0,006902688;(-0.236237200, 1.363733000, 0.737854700);(352.86, 331.19, 316.01);(-0.068111930, 1.628423000, 0.149786900);0,666446300;4,403439;4,382539;;;-0,2362372;1,363733;0,7378547
0,3666667;0,0384427474;0;(-0.236237200, 1.363733000, 0.737854700);(353.09, 330.84, 316.08);(-0.068111930, 1.628423000, 0.149786900);0,666446300;4,403439;4,382539;;;-0,2362372;1,363733;0,7378547
0,3777778;0,0471916014;0,008748854;(-0.240352200, 1.357322000, 0.733552300);(353.09, 330.84, 316.08);(-0.068903250, 1.628078000, 0.149762600);0,665968300;4,406344;4,3815;;;-0,2403522;1,357322;0,7335523
0,3888889;0,0580031814;0,01081158;(-0.245699600, 1.349347000, 0.728584100);(353.72, 330.22, 316.50);(-0.069541070, 1.627511000, 0.149711500);0,665958500;4,40954;4,379806;;;-0,2456996;1,349347;0,7285841
0,4;0,0798782614;0,02187508;(-0.256763400, 1.333138000, 0.718920900);(354.66, 329.22, 316.84);(-0.071219320, 1.625832000, 0.149389900);0,666679900;4,415638;4,376006;;;-0,2567634;1,333138;0,7189209
0,4111111;0,0798782614;0;(-0.256763400, 1.333138000, 0.718920900);(356.72, 326.84, 316.84);(-0.071219320, 1.625832000, 0.149389900);0,666679900;4,415638;4,376006;;;-0,2567634;1,333138;0,7189209
0,4222222;0,1014143214;0,02153606;(-0.267279700, 1.317326000, 0.708761500);(356.72, 326.84, 316.84);(-0.072931270, 1.623867000, 0.149037300);0,667105400;4,422454;4,373103;;;-0,2672797;1,317326;0,7087615
0,4333333;0,1120211314;0,01060681;(-0.272567900, 1.309508000, 0.703922700);(358.38, 324.78, 316.35);(-0.073850920, 1.622984000, 0.148829000);0,667746200;4,425657;4,371516;;;-0,2725679;1,309508;0,7039227
0,4444444;0,1231722514;0,01115112;(-0.278069200, 1.301326000, 0.698713100);(358.83, 324.05, 316.00);(-0.074882510, 1.622215000, 0.148544500);0,668535800;4,429177;4,370007;;;-0,2780692;1,301326;0,6987131
0,4555556;0,1333918914;0,01021964;(-0.282865600, 1.293565000, 0.694108400);(359.19, 323.51, 315.77);(-0.075733100, 1.621457000, 0.148288600);0,669579300;4,432421;4,368662;;;-0,2828656;1,293565;0,6941084
0,4666667;0,1435765014;0,01018461;(-0.287305400, 1.285600000, 0.689573000);(359.65, 322.98, 315.61);(-0.076834850, 1.620867000, 0.148065300);0,670769900;4,43581;4,367511;;;-0,2873054;1,2856;0,689573
0,4777778;0,1536626814;0,01008618;(-0.291537300, 1.277690000, 0.684962400);(0.21, 322.54, 315.59);(-0.077954490, 1.620330000, 0.147959000);0,671857400;4,439366;4,36659;;;-0,2915373;1,27769;0,6849624
0,4888889;0,1645791814;0,0109165;(-0.296710300, 1.269563000, 0.679828000);(0.85, 322.01, 315.73);(-0.079180930, 1.619808000, 0.147773400);0,673106800;4,443043;4,365371;;;-0,2967103;1,269563;0,679828
0,5;0,1755991914;0,01102001;(-0.302277800, 1.261265000, 0.675181700);(1.53, 321.35, 315.93);(-0.080378990, 1.619181000, 0.147634600);0,675017500;4,44617;4,363535;;;-0,3022778;1,261265;0,6751817
0,5111111;0,1850817354;0,009482544;(-0.306196500, 1.253938000, 0.670613600);(2.22, 320.65, 316.16);(-0.081661660, 1.618664000, 0.147459100);0,676115300;4,449789;4,362959;;;-0,3061965;1,253938;0,6706136
0,5222223;0,1943087814;0,009227046;(-0.310407100, 1.247097000, 0.666073300);(2.90, 320.00, 316.18);(-0.082941840, 1.618209000, 0.147284400);0,677204800;4,453196;4,362249;;;-0,3104071;1,247097;0,6660733
0,5333334;0,2026671634;0,008358382;(-0.313800900, 1.240723000, 0.661864800);(3.60, 319.45, 316.09);(-0.084254390, 1.617746000, 0.147078200);0,678117500;4,456588;4,361958;;;-0,3138009;1,240723;0,6618648
0,5444446;0,2106851674;0,008018004;(-0.317767800, 1.234851000, 0.658112600);(4.26, 318.99, 315.87);(-0.085555340, 1.617215000, 0.146862600);0,679339100;4,45926;4,361032;;;-0,3177678;1,234851;0,6581126
0,5555557;0,2183671704;0,007682003;(-0.321095300, 1.229104000, 0.654251000);(4.84, 318.58, 315.64);(-0.086872120, 1.616814000, 0.146555400);0,680392700;4,46229;4,360658;;;-0,3210953;1,229104;0,654251
0,5666668;0,2251594014;0,006792231;(-0.324663100, 1.224515000, 0.650736800);(5.35, 318.16, 315.46);(-0.088199530, 1.616389000, 0.146081500);0,681290800;4,464721;4,360043;;;-0,3246631;1,224515;0,6507368
0,577778;0,2310304064;0,005871005;(-0.327845700, 1.220386000, 0.648036600);(5.66, 317.83, 315.48);(-0.089198640, 1.615919000, 0.145517300);0,682586200;4,466515;4,359191;;;-0,3278457;1,220386;0,6480366
0,5888891;0,2360409114;0,005010505;(-0.330323300, 1.216775000, 0.645602000);(5.88, 317.52, 315.46);(-0.090411070, 1.615487000, 0.145160900);0,683352400;4,468283;4,358715;;;-0,3303233;1,216775;0,645602
0,6000003;0,2402986774;0,004257766;(-0.332911300, 1.213953000, 0.643740900);(6.02, 317.31, 315.43);(-0.091546070, 1.615122000, 0.144924500);0,684113600;4,46936;4,357867;;;-0,3329113;1,213953;0,6437409
0,6111114;0,2402986774;0;(-0.332911300, 1.213953000, 0.643740900);(6.21, 317.15, 315.35);(-0.091546070, 1.615122000, 0.144924500);0,684113600;4,46936;4,357867;;;-0,3329113;1,213953;0,6437409
0,6222225;0,2484506524;0,008151975;(-0.337637100, 1.208406000, 0.640085800);(6.21, 317.15, 315.35);(-0.093734990, 1.614275000, 0.143989800);0,685805400;4,471634;4,356459;;;-0,3376371;1,208406;0,6400858
0,6333337;0,2514556674;0,003005015;(-0.339430700, 1.206443000, 0.638687100);(6.75, 316.80, 315.32);(-0.094890340, 1.613994000, 0.143566900);0,686324900;4,472487;4,355955;;;-0,3394307;1,206443;0,6386871
0,6444448;0,2539995954;0,002543928;(-0.341088800, 1.204916000, 0.637507700);(6.99, 316.57, 315.17);(-0.096026640, 1.613784000, 0.143108900);0,686774100;4,473124;4,355448;;;-0,3410888;1,204916;0,6375077
0,655556;0,2566385184;0,002638923;(-0.342761800, 1.203265000, 0.636307200);(7.12, 316.34, 315.05);(-0.097093110, 1.613634000, 0.142733800);0,687292000;4,473797;4,354931;;;-0,3427618;1,203265;0,6363072
0,6666671;0,2584353784;0,00179686;(-0.344253000, 1.202644000, 0.635520500);(7.24, 316.15, 314.88);(-0.098111270, 1.613438000, 0.142367400);0,687413600;4,473996;4,354382;;;-0,344253;1,202644;0,6355205
0,6777782;0,2602097204;0,001774342;(-0.345535500, 1.201603000, 0.634873200);(7.30, 316.04, 314.64);(-0.098866890, 1.613147000, 0.141782300);0,688006200;4,47423;4,353822;;;-0,3455355;1,201603;0,6348732
0,6888894;0,2588155704;0,00139415;(-0.346671700, 1.202362000, 0.635148300);(7.40, 315.99, 314.55);(-0.099664490, 1.612851000, 0.141456800);0,687927800;4,473382;4,352942;;;-0,3466717;1,202362;0,6351483
0,7000005;0,2575110624;0,001304508;(-0.347970900, 1.202309000, 0.635044500);(7.45, 315.99, 314.72);(-0.100505100, 1.612567000, 0.141190400);0,688072100;4,47295;4,352114;;;-0,3479709;1,202309;0,6350445
0,7111117;0,2567538222;0,0007572402;(-0.348669100, 1.202566000, 0.635185600);(7.52, 315.83, 314.88);(-0.101187500, 1.612403000, 0.140829300);0,688187200;4,472491;4,351566;;;-0,3486691;1,202566;0,6351856
0,7222228;0,2556647352;0,001089087;(-0.349427600, 1.203300000, 0.635452000);(7.50, 315.63, 315.09);(-0.101954800, 1.612082000, 0.140511400);0,687976200;4,471812;4,35095;;;-0,3494276;1,2033;0,635452
0,7333339;0,2549109331;0,0007538021;(-0.349771900, 1.203776000, 0.635924700);(7.51, 315.58, 315.16);(-0.102661200, 1.611963000, 0.140122900);0,688112900;4,471164;4,350439;;;-0,3497719;1,203776;0,6359247
0,7444451;0,2540244571;0,000886476;(-0.350007700, 1.204375000, 0.636534700);(7.56, 315.69, 315.01);(-0.103267800, 1.611839000, 0.139914400);0,688142200;4,470416;4,34992;;;-0,3500077;1,204375;0,6365347
0,7555562;0,2532596437;0,0007648134;(-0.350333500, 1.204875000, 0.637012700);(7.59, 315.91, 314.75);(-0.103828800, 1.611704000, 0.139719700);0,688168000;4,469767;4,349421;;;-0,3503335;1,204875;0,6370127
0,7666674;0,2520452337;0,00121441;(-0.350319200, 1.205972000, 0.637533500);(7.59, 316.04, 314.68);(-0.104235500, 1.611605000, 0.139667100);0,687725500;4,469114;4,349204;;;-0,3503192;1,205972;0,6375335
0,7777785;0,2512472789;0,0007979548;(-0.350502200, 1.206605000, 0.637983400);(7.54, 316.09, 314.77);(-0.104471500, 1.611597000, 0.139736100);0,687604400;4,468525;4,348841;;;-0,3505022;1,206605;0,6379834
0,7888896;0,2501525189;0,00109476;(-0.350349700, 1.207457000, 0.638654200);(7.53, 316.10, 314.87);(-0.104766500, 1.611477000, 0.139636000);0,687431900;4,467838;4,348581;;;-0,3503497;1,207457;0,6386542
0,8000008;0,2495448586;0,0006076603;(-0.350166400, 1.207869000, 0.639061600);(7.58, 316.06, 315.14);(-0.105010800, 1.611247000, 0.139616000);0,687212800;4,467477;4,348472;;;-0,3501664;1,207869;0,6390616
0,8111119;0,2490176516;0,000527207;(-0.350155500, 1.208360000, 0.639252900);(7.64, 316.08, 315.25);(-0.105252200, 1.611190000, 0.139660200);0,686907900;4,467224;4,348408;;;-0,3501555;1,20836;0,6392529
0,8222231;0,2494208329;0,0004031813;(-0.350001100, 1.208732000, 0.639241800);(7.73, 316.12, 315.40);(-0.105452000, 1.610967000, 0.139601900);0,686467200;4,467233;4,348572;;;-0,3500011;1,208732;0,6392418
0,8333342;0,2491020859;0,000318747;(-0.350058500, 1.209040000, 0.639302100);(7.83, 316.12, 315.48);(-0.105530300, 1.610852000, 0.139555200);0,686289800;4,467101;4,34853;;;-0,3500585;1,20904;0,6393021
0,8444453;0,2497029712;0,0006008853;(-0.349587700, 1.208756000, 0.639545000);(7.93, 316.04, 315.56);(-0.105594600, 1.610745000, 0.139595100);0,686350900;4,467127;4,348644;;;-0,3495877;1,208756;0,639545
0,8555565;0,2491844893;0,0005184819;(-0.349668100, 1.209187000, 0.639821600);(8.01, 315.94, 315.63);(-0.105614200, 1.610610000, 0.139553000);0,686273500;4,466771;4,348449;;;-0,3496681;1,209187;0,6398216
0,8666676;0,2479600753;0,001224414;(-0.349781900, 1.210167000, 0.640546400);(8.03, 315.90, 315.72);(-0.105631800, 1.610559000, 0.139591900);0,686205400;4,465905;4,347984;;;-0,3497819;1,210167;0,6405464
