time;total distance traveled;distance to prev position;ray position;hmd position;distance to prev target;distance to current target
(1.260011000, 2.686969000, 4.571062000);(-0.137902000, 1.286954000, 4.863976000);0,3;0,2777778

0;-0,003034753;0,003034753;(1.273069000, 2.667994000, 4.570960000);(-0.003590747, 1.545888000, -0.126527700);0,02303441;1,995988;;;1,273069;2,667994;4,57096
0,01111111;-0,005681809;0,002647056;(1.272884000, 2.670627000, 4.570767000);(-0.003490015, 1.545927000, -0.126377100);0,02080535;1,997709;;;1,272884;2,670627;4,570767
0,02222222;-0,009911527;0,004229718;(1.268701000, 2.671006000, 4.571268000);(-0.003427490, 1.545965000, -0.126372300);0,01817597;1,994947;;;1,268701;2,671006;4,571268
0,03333334;-0,012912417;0,00300089;(1.265764000, 2.670552000, 4.571679000);(-0.003413394, 1.546079000, -0.126321000);0,01740609;1,992501;;;1,265764;2,670552;4,571679
0,04444445;-0,008599085;0,004313332;(1.263766000, 2.666772000, 4.572244000);(-0.003260895, 1.546057000, -0.126366400);0,02057722;1,988386;;;1,263766;2,666772;4,572244
0,05555556;-0,006724057;0,001875028;(1.263023000, 2.665066000, 4.572478000);(-0.003148362, 1.545994000, -0.126276800);0,022154;1,986644;;;1,263023;2,665066;4,572478
0,06666667;-0,0074166616;0,0006926046;(1.263128000, 2.665747000, 4.572410000);(-0.003072574, 1.546031000, -0.126231100);0,02149136;1,987201;;;1,263128;2,665747;4,57241
0,07777778;-0,0107789976;0,003362336;(1.264756000, 2.668655000, 4.571963000);(-0.003090813, 1.546158000, -0.126095000);0,01894017;1,990432;;;1,264756;2,668655;4,571963
0,08888889;-0,0152270806;0,004448083;(1.267490000, 2.672106000, 4.571332000);(-0.003041103, 1.546221000, -0.126052300);0,0166406;1,994847;;;1,26749;2,672106;4,571332
0,1;-0,0193435616;0,004116481;(1.268233000, 2.676133000, 4.570906000);(-0.003011569, 1.546286000, -0.126019900);0,01360349;1,99823;;;1,268233;2,676133;4,570906
0,1111111;-0,0241086706;0,004765109;(1.269271000, 2.680755000, 4.570394000);(-0.002902701, 1.546353000, -0.125923900);0,01117189;2,002251;;;1,269271;2,680755;4,570394
0,1222222;-0,0278570916;0,003748421;(1.269536000, 2.684479000, 4.570055000);(-0.002855196, 1.546418000, -0.125871900);0,009896578;2,00508;;;1,269536;2,684479;4,570055
0,1333333;-0,0275236327;0,0003334589;(1.269865000, 2.684440000, 4.570016000);(-0.002815052, 1.546471000, -0.125780700);0,010227;2,00529;;;1,269865;2,68444;4,570016
0,1444445;-0,0243970107;0,003126622;(1.270261000, 2.681345000, 4.570220000);(-0.002521917, 1.546552000, -0.125869100);0,01172202;2,003383;;;1,270261;2,681345;4,57022
0,1555556;-0,0174466667;0,006950344;(1.269877000, 2.674433000, 4.570837000);(-0.002432629, 1.546634000, -0.125846000);0,01595442;1,998217;;;1,269877;2,674433;4,570837
0,1666667;-0,0138944547;0,003552212;(1.270981000, 2.671059000, 4.570973000);(-0.002418145, 1.546756000, -0.125776200);0,01932521;1,996634;;;1,270981;2,671059;4,570973
0,1777778;-0,0130135928;0,0008808619;(1.271797000, 2.670739000, 4.570896000);(-0.002363607, 1.546871000, -0.125700700);0,02005917;1,997;;;1,271797;2,670739;4,570896
0,1888889;-0,0168858458;0,003872253;(1.271311000, 2.674572000, 4.570643000);(-0.002260550, 1.546946000, -0.125563900);0,01677973;1,999352;;;1,271311;2,674572;4,570643
0,2;-0,0227363848;0,005850539;(1.271150000, 2.680402000, 4.570184000);(-0.002251282, 1.547028000, -0.125534100);0,01296014;2,003357;;;1,27115;2,680402;4,570184
0,2111111;-0,0141620868;0,008574298;(1.272929000, 2.688740000, 4.569273000);(-0.002198770, 1.547112000, -0.125455000);0,01316124;2,010547;;;1,272929;2,68874;4,569273
0,2222222;-0,0069603618;0,007201725;(1.273243000, 2.695908000, 4.568644000);(-0.002372845, 1.547304000, -0.125351400);0,01615044;2,015862;;;1,273243;2,695908;4,568644
0,2333333;-0,0006093318;0,00635103;(1.271767000, 2.702077000, 4.568325000);(-0.002234115, 1.547384000, -0.125153900);0,01933814;2,019196;;;1,271767;2,702077;4,568325
0,2444444;-0,0069552768;0,006345945;(1.265533000, 2.703018000, 4.569040000);(-0.002171143, 1.547402000, -0.125070200);0,01709278;2,015404;;;1,265533;2,703018;4,56904
0,2555556;-0,0187374068;0,01178213;(1.254554000, 2.699102000, 4.570759000);(-0.002156600, 1.547434000, -0.124982900);0,01330703;2,004762;;;1,254554;2,699102;4,570759
0,2666667;-0,0045646968;0,01417271;(1.242227000, 2.692437000, 4.572875000);(-0.001910701, 1.547280000, -0.125046900);0,01869391;1,9912;;;1,242227;2,692437;4,572875
0,2777778;0,0130575032;0,0176222;(1.227390000, 2.683301000, 4.575514000);(-0.001905217, 1.547227000, -0.125165800);0,03312642;1,974087;;;1,22739;2,683301;4,575514
0,2888889;0,0390387832;0,02598128;(1.205738000, 2.669479000, 4.579405000);(-0.001855000, 1.547192000, -0.125094200);0,0576284;1,948775;;;1,205738;2,669479;4,579405
0,3;0,0660491932;0,02701041;(1.183252000, 2.655071000, 4.583449000);(-0.001874699, 1.547086000, -0.125006200);0,08404059;1,922469;;;1,183252;2,655071;4,583449
0,3111111;0,1085081332;0,04245894;(1.148321000, 2.631787000, 4.589808000);(-0.001840129, 1.546941000, -0.124928200);0,1259804;1,880987;;;1,148321;2,631787;4,589808
0,3222222;0,1618663932;0,05335826;(1.104919000, 2.601793000, 4.597795000);(-0.001827046, 1.546802000, -0.124902200);0,1789493;1,828732;;;1,104919;2,601793;4,597795
0,3333333;0,2155150532;0,05364866;(1.060835000, 2.572293000, 4.605828000);(-0.001945361, 1.546750000, -0.124725400);0,2324434;1,776432;;;1,060835;2,572293;4,605828
0,3444445;0,2781359532;0,0626209;(1.008545000, 2.539140000, 4.615206000);(-0.001940265, 1.546580000, -0.124657900);0,2950205;1,715866;;;1,008545;2,53914;4,615206
0,3555556;0,3331793432;0,05504339;(0.960363400, 2.513824000, 4.623416000);(-0.001942530, 1.546460000, -0.124572100);0,3500123;1,664111;;;0,9603634;2,513824;4,623416
0,3666667;0,3734935732;0,04031423;(0.923642000, 2.498287000, 4.629365000);(-0.001930311, 1.546302000, -0.124486200);0,3900562;1,627651;;;0,923642;2,498287;4,629365
0,3777778;0,4062518232;0,03275825;(0.894080500, 2.485033000, 4.634216000);(-0.001835837, 1.546113000, -0.124489100);0,4226956;1,597864;;;0,8940805;2,485033;4,634216
0,3888889;0,4278654032;0,02161358;(0.874186500, 2.477203000, 4.637391000);(-0.001813009, 1.545882000, -0.124429300);0,4441412;1,57872;;;0,8741865;2,477203;4,637391
0,4;0,4493458532;0,02148045;(0.857002600, 2.464721000, 4.640603000);(-0.001821562, 1.545534000, -0.124457800);0,465452;1,55784;;;0,8570026;2,464721;4,640603
0,4111111;0,4723084132;0,02296256;(0.841568500, 2.448049000, 4.643937000);(-0.001821890, 1.545261000, -0.124415100);0,4873266;1,534901;;;0,8415685;2,448049;4,643937
0,4222222;0,4970637432;0,02475533;(0.828924900, 2.427029000, 4.647273000);(-0.001816257, 1.544937000, -0.124370400);0,5091283;1,510459;;;0,8289249;2,427029;4,647273
0,4333333;0,5242541032;0,02719036;(0.812879300, 2.405413000, 4.651091000);(-0.001642510, 1.544616000, -0.124056100);0,5344201;1,483326;;;0,8128793;2,405413;4,651091
0,4444444;0,5562825632;0,03202846;(0.796844100, 2.378021000, 4.655382000);(-0.001657590, 1.544219000, -0.124012700);0,5631;1,451789;;;0,7968441;2,378021;4,655382
0,4555556;0,5967386832;0,04045612;(0.775189900, 2.344298000, 4.660909000);(-0.001639023, 1.543773000, -0.124035900);0,6004554;1,411719;;;0,7751899;2,344298;4,660909
0,4666667;0,6478450532;0,05110637;(0.747882000, 2.301667000, 4.667886000);(-0.001652404, 1.543408000, -0.123974900);0,6481577;1,361142;;;0,747882;2,301667;4,667886
0,4777778;0,6968117232;0,04896667;(0.720121700, 2.261907000, 4.674686000);(-0.001668318, 1.543064000, -0.124115800);0,6949071;1,312467;;;0,7201217;2,261907;4,674686
0,4888889;0,7529234432;0,05611172;(0.689007200, 2.215858000, 4.682429000);(-0.001855268, 1.542559000, -0.124075300);0,7485939;1,256822;;;0,6890072;2,215858;4,682429
0,5;0,8028595332;0,04993609;(0.663094900, 2.173710000, 4.689189000);(-0.001874133, 1.542126000, -0.124090900);0,7960509;1,207677;;;0,6630949;2,17371;4,689189
0,5111111;0,8522220232;0,04936249;(0.640910900, 2.130081000, 4.695597000);(-0.002002194, 1.541814000, -0.123961500);0,8419722;1,160071;;;0,6409109;2,130081;4,695597
0,5222223;0,9015130632;0,04929104;(0.623592700, 2.084320000, 4.701561000);(-0.001904412, 1.541290000, -0.123878200);0,8861397;1,114471;;;0,6235927;2,08432;4,701561
0,5333334;0,9494482832;0,04793522;(0.609872900, 2.038720000, 4.707054000);(-0.002006336, 1.540988000, -0.123760300);0,9281164;1,071888;;;0,6098729;2,03872;4,707054
0,5444446;0,9966929432;0,04724466;(0.593667700, 1.994706000, 4.712733000);(-0.002109572, 1.540716000, -0.123633000);0,9712422;1,029068;;;0,5936677;1,994706;4,712733
0,5555557;1,0433836632;0,04669072;(0.577490000, 1.951271000, 4.718360000);(-0.002169534, 1.540467000, -0.123574600);1,014289;0,9870695;;;0,57749;1,951271;4,71836
0,5666668;1,0936886432;0,05030498;(0.553005300, 1.907838000, 4.725046000);(-0.002346887, 1.540234000, -0.123373800);1,063303;0,9392292;;;0,5530053;1,907838;4,725046
0,577778;1,1445890532;0,05090041;(0.527010100, 1.864617000, 4.731905000);(-0.002839907, 1.540186000, -0.122986700);1,113294;0,8906433;;;0,5270101;1,864617;4,731905
0,5888891;1,2020597632;0,05747071;(0.491038000, 1.820552000, 4.740103000);(-0.003004983, 1.539968000, -0.122571100);1,170714;0,8340488;;;0,491038;1,820552;4,740103
0,6000003;1,2566132732;0,05455351;(0.458523500, 1.777426000, 4.747784000);(-0.003078118, 1.539886000, -0.122299700);1,225104;0,7808884;;;0,4585235;1,777426;4,747784
0,6111114;1,3125745132;0,05596124;(0.416331800, 1.741615000, 4.756095000);(-0.003245487, 1.539714000, -0.121691300);1,280518;0,7249343;;;0,4163318;1,741615;4,756095
0,6222225;1,3677668432;0,05519233;(0.374695200, 1.706325000, 4.764293000);(-0.003379866, 1.539757000, -0.121231900);1,33521;0,6697496;;;0,3746952;1,706325;4,764293
0,6333337;1,4237767932;0,05600995;(0.327786700, 1.676890000, 4.772679000);(-0.003570035, 1.539624000, -0.120937200);1,389226;0,614208;;;0,3277867;1,67689;4,772679
0,6444448;1,4827749832;0,05899819;(0.281523500, 1.641353000, 4.781487000);(-0.003782138, 1.539551000, -0.120489900);1,447421;0,5552663;;;0,2815235;1,641353;4,781487
0,655556;1,5381521832;0,0553772;(0.241398000, 1.604072000, 4.789656000);(-0.004007354, 1.539493000, -0.120049100);1,502671;0,4999559;;;0,241398;1,604072;4,789656
0,6666671;1,5946464932;0,05649431;(0.202313900, 1.564124000, 4.797912000);(-0.004250332, 1.539412000, -0.119577500);1,559155;0,4437729;;;0,2023139;1,564124;4,797912
0,6777782;1,6440569732;0,04941048;(0.165191400, 1.532351000, 4.805246000);(-0.004801675, 1.539288000, -0.118969600);1,608296;0,3943784;;;0,1651914;1,532351;4,805246
0,6888894;1,6866082532;0,04255128;(0.129746700, 1.509686000, 4.811618000);(-0.005079701, 1.539207000, -0.118480200);1,649654;0,3521176;;;0,1297467;1,509686;4,811618
0,7000005;1,7238058832;0,03719763;(0.097733180, 1.491579000, 4.817179000);(-0.005303099, 1.539025000, -0.117946000);1,685355;0,3155713;;;0,09773318;1,491579;4,817179
0,7111117;1,7577529232;0,03394704;(0.067374150, 1.477250000, 4.822220000);(-0.005610480, 1.538958000, -0.117480700);1,717231;0,2830095;;;0,06737415;1,47725;4,82222
0,7222228;1,7927612932;0,03500837;(0.034981090, 1.465003000, 4.827347000);(-0.006041899, 1.538928000, -0.116764600);1,749166;0,2508618;;;0,03498109;1,465003;4,827347
0,7333339;1,8298653332;0,03710404;(0.000988081, 1.451170000, 4.832809000);(-0.006294087, 1.538739000, -0.116139400);1,783493;0,2173217;;;0,0009880811;1,45117;4,832809
0,7444451;1,8616027732;0,03173744;(-0.028340830, 1.439970000, 4.837461000);(-0.006582931, 1.538555000, -0.115619400);1,812684;0,1900542;;;-0,02834083;1,43997;4,837461
0,7555562;1,8927124432;0,03110967;(-0.055732420, 1.425969000, 4.842097000);(-0.006792143, 1.538486000, -0.115177000);1,842487;0,1629594;;;-0,05573242;1,425969;4,842097
0,7666674;1,9202225532;0,02751011;(-0.079829940, 1.413349000, 4.846201000);(-0.007074073, 1.538318000, -0.114672600);1,868952;0,1402283;;;-0,07982994;1,413349;4,846201
0,7777785;1,9478700732;0,02764752;(-0.104398600, 1.401354000, 4.850312000);(-0.007336035, 1.538310000, -0.114115000);1,895362;0,119986;;;-0,1043986;1,401354;4,850312
0,7888896;1,9703712932;0,02250122;(-0.124515700, 1.391844000, 4.853653000);(-0.007646069, 1.538138000, -0.113612100);1,916799;0,1062437;;;-0,1245157;1,391844;4,853653
0,8000008;1,9887635832;0,01839229;(-0.141694900, 1.385846000, 4.856332000);(-0.007786319, 1.537888000, -0.113177100);1,933669;0,09925982;;;-0,1416949;1,385846;4,856332
0,8111119;2,0046469832;0,0158834;(-0.155070400, 1.377617000, 4.858710000);(-0.008067772, 1.537663000, -0.112775600);1,949256;0,09242434;;;-0,1550704;1,377617;4,85871
0,8222231;2,0213617332;0,01671475;(-0.165945700, 1.365155000, 4.861118000);(-0.008462921, 1.537410000, -0.112272100);1,965878;0,08312597;;;-0,1659457;1,365155;4,861118
0,8333342;2,0314765932;0,01011486;(-0.167546300, 1.355219000, 4.862139000);(-0.008939311, 1.537109000, -0.111686100);1,97388;0,07444673;;;-0,1675463;1,355219;4,862139
0,8444453;2,0402413012;0,008764708;(-0.171463000, 1.347461000, 4.863274000);(-0.009204671, 1.536811000, -0.111223500);1,982116;0,06919494;;;-0,171463;1,347461;4,863274
0,8555565;2,0364481982;0,003793103;(-0.167795400, 1.346578000, 4.862880000);(-0.009296164, 1.536491000, -0.110753100);1,980009;0,06670662;;;-0,1677954;1,346578;4,86288
0,8666676;2,0270623122;0,009385886;(-0.161291100, 1.353204000, 4.861508000);(-0.009545192, 1.536111000, -0.110305500);1,970631;0,07030054;;;-0,1612911;1,353204;4,861508
0,8777788;2,0309924592;0,003930147;(-0.162379500, 1.349454000, 4.861955000);(-0.009262368, 1.535680000, -0.110144100);1,974021;0,06715246;;;-0,1623795;1,349454;4,861955
0,8888899;2,0384344792;0,00744202;(-0.160948200, 1.342163000, 4.862371000);(-0.009463534, 1.535288000, -0.109765400);1,978001;0,05984722;;;-0,1609482;1,342163;4,862371
0,900001;2,0493501892;0,01091571;(-0.159171000, 1.331413000, 4.863029000);(-0.009979442, 1.534976000, -0.108951600);1,984151;0,04929337;;;-0,159171;1,331413;4,863029
0,9111122;2,0593280072;0,009977818;(-0.156240600, 1.321884000, 4.863439000);(-0.010232880, 1.534523000, -0.108557700);1,988645;0,03945468;;;-0,1562406;1,321884;4,863439
0,9222233;2,0707023272;0,01137432;(-0.148598300, 1.313464000, 4.863159000);(-0.010340560, 1.534119000, -0.108598100);1,988973;0,02859814;;;-0,1485983;1,313464;4,863159
0,9333345;2,0617886172;0,00891371;(-0.141157700, 1.308586000, 4.862613000);(-0.010897920, 1.533625000, -0.108008200);1,987011;0,02191816;;;-0,1411577;1,308586;4,862613
0,9444456;2,0535545732;0,008234044;(-0.133424000, 1.305864000, 4.861853000);(-0.011117800, 1.533072000, -0.107785700);1,983348;0,0195484;;;-0,133424;1,305864;4,861853
0,9555568;2,0443259292;0,009228644;(-0.124441200, 1.303993000, 4.860864000);(-0.010934220, 1.532497000, -0.107938700);1,97821;0,02193658;;;-0,1244412;1,303993;4,860864
0,9666679;2,0311855792;0,01314035;(-0.111417300, 1.304419000, 4.859171000);(-0.011144890, 1.531939000, -0.107749700);1,968569;0,0320869;;;-0,1114173;1,304419;4,859171
0,977779;2,0220143602;0,009171219;(-0.102549400, 1.302283000, 4.858219000);(-0.011268870, 1.531407000, -0.107596200);1,963768;0,03896059;;;-0,1025494;1,302283;4,858219
0,9888902;2,0142827432;0,007731617;(-0.095307380, 1.304746000, 4.857094000);(-0.011427300, 1.530873000, -0.107361000);1,956845;0,04667134;;;-0,09530738;1,304746;4,857094
1,000001;2,0095780922;0,004704651;(-0.090756980, 1.303656000, 4.856605000);(-0.011582660, 1.530459000, -0.107237700);1,954396;0,05055631;;;-0,09075698;1,303656;4,856605
1,011112;2,0123745652;0,002796473;(-0.092856700, 1.301856000, 4.857020000);(-0.011759890, 1.529893000, -0.107033900);1,957182;0,0479535;;;-0,0928567;1,301856;4,85702
1,022224;2,0172360802;0,004861515;(-0.094484750, 1.297312000, 4.857601000);(-0.011790560, 1.529342000, -0.107054600);1,961609;0,04508881;;;-0,09448475;1,297312;4,857601
1,033335;2,0233005672;0,006064487;(-0.098989630, 1.293353000, 4.858499000);(-0.011910390, 1.528878000, -0.107038100);1,967655;0,03981356;;;-0,09898963;1,293353;4,858499
1,044446;2,0249445932;0,001644026;(-0.100176300, 1.292241000, 4.858742000);(-0.012033810, 1.528491000, -0.106916600);1,969298;0,03845237;;;-0,1001763;1,292241;4,858742
1,055557;2,0231211132;0,00182348;(-0.098869900, 1.290970000, 4.858680000);(-0.012148160, 1.528068000, -0.106738200);1,969287;0,0395941;;;-0,0988699;1,29097;4,85868
1,066668;2,0244888582;0,001367745;(-0.098332900, 1.289713000, 4.858715000);(-0.012265760, 1.527789000, -0.106598100);1,969813;0,04001262;;;-0,0983329;1,289713;4,858715
1,077779;2,0283256402;0,003836782;(-0.098757600, 1.285917000, 4.859081000);(-0.012425320, 1.527644000, -0.106322000);1,972854;0,03946299;;;-0,0987576;1,285917;4,859081
1,08889;2,0402517002;0,01192606;(-0.103825600, 1.275230000, 4.860604000);(-0.012494430, 1.527418000, -0.106038300);1,98416;0,03619448;;;-0,1038256;1,27523;4,860604
1,100002;2,0520267802;0,01177508;(-0.109649200, 1.265117000, 4.862176000);(-0.012354840, 1.527222000, -0.105913200);1,99559;0,03575354;;;-0,1096492;1,265117;4,862176
