time;total distance traveled;distance to prev position;ray position;hmd position;distance to prev target;distance to current target
(-0.650774700, 3.276801000, 4.539478000);(1.260011000, 2.686969000, 4.571062000);0,3111111;0,2555556
True

0;-0,009525956;0,009525956;(-0.627484600, 3.291200000, 4.538082000);(-0.028345630, 1.551809000, -0.127835100);0,02741742;1,982126;;;-0,6274846;3,2912;4,538082
0,01111111;-0,011894107;0,002368151;(-0.629671000, 3.292108000, 4.538027000);(-0.028379400, 1.551845000, -0.127861800);0,02611101;1,984485;;;-0,629671;3,292108;4,538027
0,02222222;-0,009764562;0,002129545;(-0.628603000, 3.293943000, 4.537866000);(-0.028273180, 1.551874000, -0.127949300);0,02807223;1,984032;;;-0,628603;3,293943;4,537866
0,03333334;-0,000725019;0,009039543;(-0.624269400, 3.301846000, 4.537175000);(-0.028285370, 1.551918000, -0.127927800);0,03653919;1,982356;;;-0,6242694;3,301846;4,537175
0,04444445;0,003585684;0,004310703;(-0.622823700, 3.305892000, 4.536828000);(-0.028288860, 1.551995000, -0.127954900);0,04043026;1,982247;;;-0,6228237;3,305892;4,536828
0,05555556;0,008558597;0,004972913;(-0.620487500, 3.310266000, 4.536446000);(-0.028234110, 1.552081000, -0.127851300);0,04523733;1,981406;;;-0,6204875;3,310266;4,536446
0,06666667;0,004195436;0,004363161;(-0.617843200, 3.306805000, 4.536708000);(-0.028232890, 1.552151000, -0.127913800);0,04463652;1,977805;;;-0,6178432;3,306805;4,536708
0,07777778;0,001080247;0,003115189;(-0.616043400, 3.304270000, 4.536901000);(-0.028326230, 1.552237000, -0.127911900);0,04435594;1,975299;;;-0,6160434;3,30427;4,536901
0,08888889;-0,002261644;0,003341891;(-0.617417300, 3.301235000, 4.537164000);(-0.028330020, 1.552306000, -0.127894400);0,04141364;1,975654;;;-0,6174173;3,301235;4,537164
0,1;-0,006960801;0,004699157;(-0.621594800, 3.303382000, 4.537024000);(-0.028298310, 1.552444000, -0.127814400);0,03954795;1,980294;;;-0,6215948;3,303382;4,537024
0,1111111;-0,011329396;0,004368595;(-0.624962400, 3.306158000, 4.536825000);(-0.028203800, 1.552587000, -0.127608100);0,03918073;1,984362;;;-0,6249624;3,306158;4,536825
0,1222222;-0,001140436;0,01018896;(-0.632565800, 3.312922000, 4.536335000);(-0.028222970, 1.552647000, -0.127457900);0,04057358;1,993708;;;-0,6325658;3,312922;4,536335
0,1333333;-0,006860935;0,005720499;(-0.637999800, 3.314707000, 4.536236000);(-0.028233870, 1.552615000, -0.127484300);0,04013237;1,999428;;;-0,6379998;3,314707;4,536236
0,1444445;-0,001403226;0,005457709;(-0.643235400, 3.316247000, 4.536156000);(-0.027978470, 1.552669000, -0.127701700);0,04029685;2,004883;;;-0,6432354;3,316247;4,536156
0,1555556;0,003351538;0,004754764;(-0.647860600, 3.317348000, 4.536106000);(-0.028011850, 1.552683000, -0.127744600);0,04079087;2,00962;;;-0,6478606;3,317348;4,536106
0,1666667;-0,000453764;0,003805302;(-0.651665700, 3.317369000, 4.536139000);(-0.028039440, 1.552765000, -0.127706400);0,04071558;2,013239;;;-0,6516657;3,317369;4,536139
0,1777778;-0,005173636;0,004719872;(-0.656273200, 3.316353000, 4.536263000);(-0.028015570, 1.552755000, -0.127691200);0,04006202;2,017295;;;-0,6562732;3,316353;4,536263
0,1888889;-0,001396570;0,003777066;(-0.660005800, 3.316931000, 4.536249000);(-0.027995430, 1.552836000, -0.127815000);0,04130481;2,021022;;;-0,6600058;3,316931;4,536249
0,2;0,004455701;0,005852271;(-0.664389400, 3.320798000, 4.535970000);(-0.027945000, 1.552858000, -0.127841700);0,04618932;2,026397;;;-0,6643894;3,320798;4,53597
0,2111111;0,010318055;0,005862354;(-0.668564400, 3.324903000, 4.535668000);(-0.027916870, 1.552839000, -0.127908300);0,05142746;2,031653;;;-0,6685644;3,324903;4,535668
0,2222222;0,016993199;0,006675144;(-0.670050600, 3.331389000, 4.535146000);(-0.027761060, 1.552788000, -0.127954700);0,05805373;2,035118;;;-0,6700506;3,331389;4,535146
0,2333333;0,021878948;0,004885749;(-0.671089300, 3.336148000, 4.534762000);(-0.027689360, 1.552745000, -0.127946000);0,06290474;2,037621;;;-0,6710893;3,336148;4,534762
0,2444444;0,033710418;0,01183147;(-0.660042800, 3.340362000, 4.534316000);(-0.027632230, 1.552727000, -0.127920100);0,06444049;2,028516;;;-0,6600428;3,340362;4,534316
0,2555556;0,016020658;0,01768976;(-0.642576900, 3.337557000, 4.534391000);(-0.027560580, 1.552664000, -0.127976000);0,06151769;2,011082;;;-0,6425769;3,337557;4,534391
0,2666667;-0,008062572;0,02408323;(-0.622093300, 3.324921000, 4.535251000);(-0.027471800, 1.552665000, -0.128008400);0,05617837;1,987607;;;-0,6220933;3,324921;4,535251
0,2777778;0,012556998;0,02061957;(-0.604760200, 3.313779000, 4.536015000);(-0.027369880, 1.552678000, -0.128010400);0,0591328;1,96761;;;-0,6047602;3,313779;4,536015
0,2888889;0,036990998;0,024434;(-0.586175400, 3.297957000, 4.537155000);(-0.027217230, 1.552701000, -0.128079500);0,06801508;1,944957;;;-0,5861754;3,297957;4,537155
0,3;0,062309618;0,02531862;(-0.565530200, 3.283336000, 4.538177000);(-0.026976630, 1.552606000, -0.128089300);0,08550453;1,920764;;;-0,5655302;3,283336;4,538177
0,3111111;0,094175828;0,03186621;(-0.536977900, 3.269216000, 4.539086000);(-0.026911130, 1.552550000, -0.128194000);0,11405;1,889233;;;-0,5369779;3,269216;4,539086
0,3222222;0,124632538;0,03045671;(-0.510641900, 3.253952000, 4.540111000);(-0.026564680, 1.552424000, -0.128305200);0,1419848;1,859473;;;-0,5106419;3,253952;4,540111
0,3333333;0,165528528;0,04089599;(-0.474836000, 3.234236000, 4.541417000);(-0.026438110, 1.552334000, -0.128298500);0,1810247;1,819361;;;-0,474836;3,234236;4,541417
0,3444445;0,215653968;0,05012544;(-0.429399900, 3.213109000, 4.542754000);(-0.026321670, 1.552294000, -0.128224200);0,2303782;1,76967;;;-0,4293999;3,213109;4,542754
0,3555556;0,271318458;0,05566449;(-0.378991100, 3.189546000, 4.544248000);(-0.026120000, 1.552330000, -0.128191100);0,2854865;1,714535;;;-0,3789911;3,189546;4,544248
0,3666667;0,332957118;0,06163866;(-0.323145600, 3.163509000, 4.545897000);(-0.025866110, 1.552205000, -0.128162800);0,3467232;1,653514;;;-0,3231456;3,163509;4,545897
0,3777778;0,391963648;0,05900653;(-0.270706100, 3.136514000, 4.547656000);(-0.025663220, 1.552119000, -0.128135400);0,4052154;1,595535;;;-0,2707061;3,136514;4,547656
0,3888889;0,455795028;0,06383138;(-0.212990300, 3.109304000, 4.549385000);(-0.025386200, 1.551850000, -0.128182600);0,4688373;1,532504;;;-0,2129903;3,109304;4,549385
0,4;0,514714968;0,05891994;(-0.159261100, 3.085171000, 4.550896000);(-0.025284760, 1.551681000, -0.128080000);0,5276725;1,474213;;;-0,1592611;3,085171;4,550896
0,4111111;0,576206458;0,06149149;(-0.101795100, 3.063325000, 4.552185000);(-0.025062700, 1.551535000, -0.128072800);0,5891619;1,412981;;;-0,1017951;3,063325;4,552185
0,4222222;0,633396028;0,05718957;(-0.048654820, 3.042227000, 4.553451000);(-0.024716780, 1.551338000, -0.128139700);0,6463502;1,356143;;;-0,04865482;3,042227;4,553451
0,4333333;0,679670668;0,04627464;(-0.007790394, 3.020561000, 4.554873000);(-0.024499970, 1.551194000, -0.128138800);0,6923329;1,311055;;;-0,007790394;3,020561;4,554873
0,4444444;0,719920898;0,04025023;(0.027974450, 3.002135000, 4.556074000);(-0.024409940, 1.551131000, -0.128114800);0,7324051;1,271797;;;0,02797445;3,002135;4,556074
0,4555556;0,746624618;0,02670372;(0.050897670, 2.988469000, 4.556996000);(-0.024178430, 1.551051000, -0.128081800);0,7588059;1,246216;;;0,05089767;2,988469;4,556996
0,4666667;0,772420328;0,02579571;(0.071165100, 2.972551000, 4.558128000);(-0.023770710, 1.550973000, -0.128154100);0,7836535;1,222734;;;0,0711651;2,972551;4,558128
0,4777778;0,807309498;0,03488917;(0.098481420, 2.950902000, 4.559670000);(-0.023491670, 1.550932000, -0.128074600);0,8173143;1,191193;;;0,09848142;2,950902;4,55967
0,4888889;0,850588238;0,04327874;(0.130111000, 2.921440000, 4.561819000);(-0.023237960, 1.551010000, -0.127894100);0,8582326;1,154009;;;0,130111;2,92144;4,561819
0,5;0,908294258;0,05770602;(0.170066400, 2.879917000, 4.564888000);(-0.022947510, 1.550947000, -0.127765600);0,9121088;1,106908;;;0,1700664;2,879917;4,564888
0,5111111;0,976907228;0,06861297;(0.220651700, 2.833683000, 4.568251000);(-0.022682950, 1.550857000, -0.127713400);0,9780414;1,049667;;;0,2206517;2,833683;4,568251
0,5222223;1,052336588;0,07542936;(0.281819100, 2.789654000, 4.571338000);(-0.022408410, 1.550818000, -0.127671600);1,052644;0,9835665;;;0,2818191;2,789654;4,571338
0,5333334;1,126699898;0,07436331;(0.347081100, 2.754084000, 4.573689000);(-0.021958400, 1.550791000, -0.127733900);1,126996;0,915397;;;0,3470811;2,754084;4,573689
0,5444446;1,187781138;0,06108124;(0.397694200, 2.719971000, 4.576051000);(-0.021517530, 1.550794000, -0.127729300);1,187722;0,8629622;;;0,3976942;2,719971;4,576051
0,5555557;1,261585168;0,07380403;(0.467632800, 2.696436000, 4.577368000);(-0.021184520, 1.550798000, -0.127690700);1,260593;0,7924595;;;0,4676328;2,696436;4,577368
0,5666668;1,326438908;0,06485374;(0.526843300, 2.670028000, 4.579018000);(-0.020950540, 1.550858000, -0.127553200);1,325338;0,7334062;;;0,5268433;2,670028;4,579018
0,577778;1,386316428;0,05987752;(0.580455300, 2.643417000, 4.580734000);(-0.020641520, 1.550888000, -0.127475100);1,385209;0,6810182;;;0,5804553;2,643417;4,580734
0,5888891;1,434295588;0,04797916;(0.624185700, 2.623716000, 4.581969000);(-0.020350830, 1.550856000, -0.127452800);1,433125;0,6390566;;;0,6241857;2,623716;4,581969
0,6000003;1,473044638;0,03874905;(0.661099800, 2.611951000, 4.582610000);(-0.019976360, 1.550945000, -0.127385100);1,47136;0,6037014;;;0,6610998;2,611951;4,58261
0,6111114;1,509310458;0,03626582;(0.696511900, 2.604135000, 4.582938000);(-0.019660310, 1.550975000, -0.127294400);1,506502;0,5696784;;;0,6965119;2,604135;4,582938
0,6222225;1,549928988;0,04061853;(0.736275600, 2.595852000, 4.583266000);(-0.019289000, 1.550984000, -0.127119000);1,545806;0,5317422;;;0,7362756;2,595852;4,583266
0,6333337;1,591571478;0,04164249;(0.777802800, 2.598885000, 4.582644000);(-0.018945350, 1.550946000, -0.127031800);1,581856;0,4903238;;;0,7778028;2,598885;4,582644
0,6444448;1,635723078;0,0441516;(0.821830000, 2.602131000, 4.581982000);(-0.018640650, 1.550974000, -0.127003100);1,620355;0,4464517;;;0,82183;2,602131;4,581982
0,655556;1,677970398;0,04224732;(0.864075100, 2.601897000, 4.581624000);(-0.018282070, 1.550919000, -0.126912900);1,658928;0,4051096;;;0,8640751;2,601897;4,581624
0,6666671;1,715641708;0,03767131;(0.901729700, 2.602937000, 4.581201000);(-0.017944470, 1.550796000, -0.126715400);1,692957;0,3681433;;;0,9017297;2,602937;4,581201
0,6777782;1,752539178;0,03689747;(0.938552000, 2.600587000, 4.581066000);(-0.017629340, 1.550767000, -0.126698400);1,727702;0,3330129;;;0,938552;2,600587;4,581066
0,6888894;1,781594748;0,02905557;(0.967596200, 2.599796000, 4.580871000);(-0.017034400, 1.550666000, -0.126751700);1,754757;0,3052893;;;0,9675962;2,599796;4,580871
0,7000005;1,810823048;0,0292283;(0.996785500, 2.601255000, 4.580490000);(-0.016564890, 1.550441000, -0.126572800);1,781151;0,2769895;;;0,9967855;2,601255;4,58049
0,7111117;1,829996068;0,01917302;(1.015644000, 2.604687000, 4.580038000);(-0.016152490, 1.550330000, -0.126489100);1,797313;0,2580042;;;1,015644;2,604687;4,580038
0,7222228;1,855268298;0,02527223;(1.040911000, 2.605081000, 4.579780000);(-0.015737460, 1.550123000, -0.126378400);1,820614;0,2340645;;;1,040911;2,605081;4,57978
0,7333339;1,883037508;0,02776921;(1.068579000, 2.607408000, 4.579340000);(-0.015338230, 1.549951000, -0.126314400);1,845496;0,2074714;;;1,068579;2,607408;4,57934
0,7444451;1,907725698;0,02468819;(1.092682000, 2.612713000, 4.578687000);(-0.014935240, 1.549775000, -0.126331800);1,866063;0,1832237;;;1,092682;2,612713;4,578687
0,7555562;1,930951578;0,02322588;(1.115220000, 2.618287000, 4.578025000);(-0.014567930, 1.549579000, -0.126323700);1,885169;0,1604064;;;1,11522;2,618287;4,578025
0,7666674;1,952576658;0,02162508;(1.130217000, 2.633802000, 4.576611000);(-0.013908760, 1.549403000, -0.126463800);1,893874;0,1403708;;;1,130217;2,633802;4,576611
0,7777785;1,977485868;0,02490921;(1.146627000, 2.652465000, 4.574924000);(-0.013486100, 1.549259000, -0.126455500);1,903078;0,11858;;;1,146627;2,652465;4,574924
0,7888896;2,002784848;0,02529898;(1.163550000, 2.671194000, 4.573227000);(-0.013159560, 1.549033000, -0.126233100);1,913028;0,09776567;;;1,16355;2,671194;4,573227
0,8000008;2,023948358;0,02116351;(1.180957000, 2.683177000, 4.572082000);(-0.012695860, 1.548790000, -0.126113300);1,925797;0,07915109;;;1,180957;2,683177;4,572082
0,8111119;2,043127598;0,01917924;(1.196850000, 2.693864000, 4.571058000);(-0.012244420, 1.548621000, -0.126115400);1,937661;0,06353631;;;1,19685;2,693864;4,571058
0,8222231;2,061400338;0,01827274;(1.214414000, 2.698870000, 4.570487000);(-0.011891170, 1.548322000, -0.126142800);1,95292;0,04712773;;;1,214414;2,69887;4,570487
0,8333342;2,084006888;0,02260655;(1.236768000, 2.695498000, 4.570566000);(-0.011507700, 1.548131000, -0.126147900);1,975271;0,02476349;;;1,236768;2,695498;4,570566
0,8444453;2,110038578;0,02603169;(1.262792000, 2.694918000, 4.570381000);(-0.011242760, 1.547987000, -0.126225400);2,00032;0,008449378;;;1,262792;2,694918;4,570381
0,8555565;2,132477198;0,02243862;(1.285110000, 2.697212000, 4.569992000);(-0.010901260, 1.547783000, -0.126266200);2,021015;0,02712995;;;1,28511;2,697212;4,569992
0,8666676;2,147849768;0,01537257;(1.299677000, 2.702095000, 4.569459000);(-0.010539490, 1.547569000, -0.126324500);2,03358;0,04248229;;;1,299677;2,702095;4,569459
0,8777788;2,151322037;0,003472269;(1.303079000, 2.702782000, 4.569372000);(-0.010213150, 1.547342000, -0.126496000);2,036648;0,04591082;;;1,303079;2,702782;4,569372
0,8888899;2,153455977;0,00213394;(1.305196000, 2.703049000, 4.569331000);(-0.009854779, 1.547151000, -0.126638300);2,038603;0,04799236;;;1,305196;2,703049;4,569331
0,900001;2,144654699;0,008801278;(1.296464000, 2.701961000, 4.569499000);(-0.009534433, 1.546942000, -0.126708500);2,030537;0,03944639;;;1,296464;2,701961;4,569499
0,9111122;2,136846861;0,007807838;(1.288836000, 2.700305000, 4.569704000);(-0.008808002, 1.546402000, -0.126899200);2,023698;0,03178997;;;1,288836;2,700305;4,569704
0,9222233;2,127871274;0,008975587;(1.282474000, 2.694000000, 4.570281000);(-0.008522436, 1.546497000, -0.126949500);2,01942;0,0235512;;;1,282474;2,694;4,570281
0,9333345;2,115516034;0,01235524;(1.276637000, 2.683152000, 4.571229000);(-0.008189991, 1.546361000, -0.126961900);2,017013;0,01705936;;;1,276637;2,683152;4,571229
0,9444456;2,120380887;0,004864853;(1.277763000, 2.678434000, 4.571608000);(-0.007907525, 1.546227000, -0.126866200);2,019488;0,01970444;;;1,277763;2,678434;4,571608
0,9555568;2,124749059;0,004368172;(1.281298000, 2.675875000, 4.571787000);(-0.007604584, 1.546119000, -0.126895900);2,023626;0,0240155;;;1,281298;2,675875;4,571787
0,9666679;2,134080993;0,009331934;(1.289409000, 2.680468000, 4.571335000);(-0.007303074, 1.545973000, -0.126929800);2,03001;0,03010948;;;1,289409;2,680468;4,571335
0,977779;2,149797853;0,01571686;(1.299891000, 2.692131000, 4.570279000);(-0.007032648, 1.545881000, -0.127073500);2,036635;0,04022035;;;1,299891;2,692131;4,570279
0,9888902;2,164857673;0,01505982;(1.310355000, 2.702916000, 4.569295000);(-0.006738320, 1.545771000, -0.127068500);2,043591;0,05283953;;;1,310355;2,702916;4,569295
1,000001;2,176836113;0,01197844;(1.321110000, 2.708164000, 4.568767000);(-0.006478742, 1.545668000, -0.127116100);2,052446;0,06471188;;;1,32111;2,708164;4,568767
1,011112;2,179654635;0,002818522;(1.323850000, 2.708821000, 4.568688000);(-0.006166741, 1.545594000, -0.127054000);2,054896;0,06751722;;;1,32385;2,708821;4,568688
1,022224;2,177144685;0,00250995;(1.323134000, 2.706424000, 4.568892000);(-0.005849495, 1.545421000, -0.127292300);2,054875;0,06608914;;;1,323134;2,706424;4,568892
1,033335;2,161749125;0,01539556;(1.309677000, 2.698981000, 4.569627000);(-0.005649939, 1.545391000, -0.127296500);2,044054;0,05111878;;;1,309677;2,698981;4,569627
1,044446;2,153068834;0,008680291;(1.301872000, 2.695202000, 4.570008000);(-0.005399182, 1.545218000, -0.127414200);2,037651;0,04267643;;;1,301872;2,695202;4,570008
1,055557;2,142614614;0,01045422;(1.293820000, 2.688563000, 4.570628000);(-0.005218938, 1.545261000, -0.127376200);2,031857;0,03384978;;;1,29382;2,688563;4,570628
1,066668;2,134328817;0,008285797;(1.289817000, 2.681336000, 4.571260000);(-0.005190894, 1.545353000, -0.127198800);2,030144;0,03033485;;;1,289817;2,681336;4,57126
1,077779;2,137748686;0,003419869;(1.290115000, 2.677940000, 4.571538000);(-0.005056276, 1.545354000, -0.127172300);2,031432;0,03143269;;;1,290115;2,67794;4,571538
1,08889;2,140038214;0,002289528;(1.292167000, 2.676928000, 4.571603000);(-0.004846081, 1.545282000, -0.127034900);2,033692;0,03369232;;;1,292167;2,676928;4,571603
1,100002;2,142183920;0,002145706;(1.292853000, 2.674901000, 4.571764000);(-0.004718497, 1.545312000, -0.126983600);2,034948;0,03499647;;;1,292853;2,674901;4,571764
1,111113;2,1430327566;0,0008488366;(1.293397000, 2.674251000, 4.571813000);(-0.004605278, 1.545402000, -0.126940300);2,035661;0,03573459;;;1,293397;2,674251;4,571813
1,122224;2,1408918016;0,002140955;(1.291322000, 2.674776000, 4.571788000);(-0.004384949, 1.545402000, -0.126987600);2,033523;0,03360908;;;1,291322;2,674776;4,571788
1,133335;2,1386409926;0,002250809;(1.289326000, 2.673741000, 4.571892000);(-0.004277274, 1.545494000, -0.126945700);2,031925;0,03217167;;;1,289326;2,673741;4,571892
1,144446;2,1383205848;0,0003204078;(1.289107000, 2.673508000, 4.571913000);(-0.004149898, 1.545566000, -0.126743100);2,031786;0,03207019;;;1,289107;2,673508;4,571913
1,155557;2,1354342278;0,002886357;(1.288562000, 2.676333000, 4.571684000);(-0.004065647, 1.545598000, -0.126688600);2,030425;0,03047421;;;1,288562;2,676333;4,571684
1,166668;2,1319545818;0,003479646;(1.286676000, 2.679249000, 4.571461000);(-0.003940597, 1.545752000, -0.126650800);2,027759;0,02776344;;;1,286676;2,679249;4,571461
1,17778;2,1280487868;0,003905795;(1.282793000, 2.678839000, 4.571529000);(-0.003854289, 1.545776000, -0.126625900);2,024171;0,02419364;;;1,282793;2,678839;4,571529
1,188891;2,1209986998;0,007050087;(1.277547000, 2.674150000, 4.571963000);(-0.003786847, 1.545667000, -0.126621900);2,020561;0,02174063;;;1,277547;2,67415;4,571963
1,200002;2,1139942738;0,007004426;(1.273181000, 2.668694000, 4.572453000);(-0.003749057, 1.545780000, -0.126672600);2,01804;0,02256886;;;1,273181;2,668694;4,572453
1,211113;2,1097496308;0,004244643;(1.270131000, 2.665754000, 4.572722000);(-0.003830596, 1.545793000, -0.126576700);2,016026;0,02356329;;;1,270131;2,665754;4,572722
1,222224;2,1118152088;0,002065578;(1.272195000, 2.665818000, 4.572699000);(-0.003648892, 1.545789000, -0.126636700);2,017974;0,02446448;;;1,272195;2,665818;4,572699
1,233335;2,1121119782;0,0002967694;(1.272405000, 2.665608000, 4.572714000);(-0.003611251, 1.545843000, -0.126572400);2,018237;0,02475127;;;1,272405;2,665608;4,572714
