time;total distance traveled;distance to prev position;ray position;hmd position;distance to prev target;distance to current target
(-1.999826000, 0.845199500, 4.490314000);(-1.122706000, 2.621515000, 4.764839000);0,2888889;0,2777778

0;-0,008971865;0,008971865;(-1.987308000, 0.826386600, 4.494419000);(0.033332430, 1.579498000, 0.004051562);0,02296707;2,010758;;;-1,987308;0,8263866;4,494419
0,01111111;-0,015548679;0,006576814;(-1.993492000, 0.825348500, 4.492435000);(0.033358190, 1.579447000, 0.004177745);0,02094482;2,014618;;;-1,993492;0,8253485;4,492435
0,02222222;-0,006178682;0,009369997;(-2.001620000, 0.821478100, 4.489838000);(0.033396440, 1.579324000, 0.004223760);0,02379384;2,021942;;;-2,00162;0,8214781;4,489838
0,03333334;0,004155118;0,0103338;(-2.010602000, 0.817248900, 4.486968000);(0.033366250, 1.579287000, 0.004397806);0,03014193;2,030011;;;-2,010602;0,8172489;4,486968
0,04444445;0,016741468;0,01258635;(-2.022574000, 0.816740900, 4.483120000);(0.033404650, 1.579150000, 0.004467484);0,03713663;2,036256;;;-2,022574;0,8167409;4,48312
0,05555556;0,025700995;0,008959527;(-2.030974000, 0.815170500, 4.480426000);(0.033444350, 1.579313000, 0.004542347);0,04438115;2,041744;;;-2,030974;0,8151705;4,480426
0,06666667;0,027180113;0,001479118;(-2.031111000, 0.813698300, 4.480388000);(0.033457250, 1.579358000, 0.004581507);0,04549288;2,043113;;;-2,031111;0,8136983;4,480388
0,07777778;0,017123793;0,01005632;(-2.021780000, 0.815957600, 4.483379000);(0.033440760, 1.579345000, 0.004644331);0,03721737;2,036563;;;-2,02178;0,8159576;4,483379
0,08888889;0,006870243;0,01025355;(-2.012582000, 0.819405400, 4.486321000);(0.033440360, 1.579283000, 0.004682239);0,02905153;2,029052;;;-2,012582;0,8194054;4,486321
0,1;-0,001482008;0,008352251;(-2.006261000, 0.824479800, 4.488333000);(0.033401840, 1.579305000, 0.004742738);0,021786;2,021499;;;-2,006261;0,8244798;4,488333
0,1111111;-0,011218099;0,009736091;(-2.001998000, 0.833131000, 4.489667000);(0.033391720, 1.579293000, 0.004811581);0,01227942;2,011763;;;-2,001998;0,833131;4,489667
0,1222222;-0,020039375;0,008821276;(-2.002833000, 0.841907300, 4.489361000);(0.033347240, 1.579259000, 0.004850086);0,004559557;2,004374;;;-2,002833;0,8419073;4,489361
0,1333333;-0,011608632;0,008430743;(-2.005881000, 0.849702200, 4.488348000);(0.033374640, 1.579390000, 0.004902061);0,007797721;1,998941;;;-2,005881;0,8497022;4,488348
0,1444445;0,001398798;0,01300743;(-2.015917000, 0.857308900, 4.485089000);(0.033312120, 1.579403000, 0.004921015);0,02080495;1,997125;;;-2,015917;0,8573089;4,485089
0,1555556;0,005866326;0,004467528;(-2.019446000, 0.859797300, 4.483944000);(0.033252590, 1.579470000, 0.004940446);0,02527077;1,996671;;;-2,019446;0,8597973;4,483944
0,1666667;0,0052652364;0,0006010896;(-2.019480000, 0.859197300, 4.483935000);(0.033063730, 1.579665000, 0.004995819);0,02495831;1,997217;;;-2,01948;0,8591973;4,483935
0,1777778;0,0183605264;0,01309529;(-2.030664000, 0.853395200, 4.480364000);(0.033063730, 1.579665000, 0.004995819);0,0334236;2,007874;;;-2,030664;0,8533952;4,480364
0,1888889;0,0183605264;0;(-2.030664000, 0.853395200, 4.480364000);(0.033101120, 1.579776000, 0.004939135);0,0334236;2,007874;;;-2,030664;0,8533952;4,480364
0,2;0,0286998864;0,01033936;(-2.040473000, 0.854241700, 4.477206000);(0.033048130, 1.580110000, 0.004910525);0,04365457;2,012034;;;-2,040473;0,8542417;4,477206
0,2111111;0,0331127764;0,00441289;(-2.044398000, 0.855809700, 4.475938000);(0.033013350, 1.580513000, 0.004933175);0,04801963;2,012634;;;-2,044398;0,8558097;4,475938
0,2222222;0,0347863804;0,001673604;(-2.045295000, 0.857191700, 4.475644000);(0.032968910, 1.581092000, 0.004864570);0,04925878;2,011875;;;-2,045295;0,8571917;4,475644
0,2333333;0,0294580984;0,005328282;(-2.040380000, 0.855880000, 4.477230000);(0.032951190, 1.581826000, 0.004758593);0,04393052;2,01055;;;-2,04038;0,85588;4,47723
0,2444444;0,0219413764;0,007516722;(-2.033681000, 0.858532100, 4.479372000);(0.033061510, 1.582421000, 0.004705068);0,03799513;2,004863;;;-2,033681;0,8585321;4,479372
0,2555556;0,0035829264;0,01835845;(-2.019043000, 0.868583000, 4.484036000);(0.033174760, 1.583133000, 0.004660662);0,03091116;1,988728;;;-2,019043;0,868583;4,484036
0,2666667;0,0236540864;0,02007116;(-2.003184000, 0.879799100, 4.489089000);(0.033252210, 1.583796000, 0.004565712);0,03478374;1,971003;;;-2,003184;0,8797991;4,489089
0,2777778;0,0530164464;0,02936236;(-1.983187000, 0.900342500, 4.495431000);(0.033421850, 1.584475000, 0.004424509);0,05782568;1,94305;;;-1,983187;0,9003425;4,495431
0,2888889;0,0919514564;0,03893501;(-1.960590000, 0.931235600, 4.502567000);(0.033740760, 1.585204000, 0.004383143);0,09535127;1,904699;;;-1,96059;0,9312356;4,502567
0,3;0,1280221964;0,03607074;(-1.943371000, 0.962467300, 4.507971000);(0.033974060, 1.585854000, 0.004242297);0,1313419;1,868666;;;-1,943371;0,9624673;4,507971
0,3111111;0,1788044364;0,05078224;(-1.924639000, 1.009308000, 4.513797000);(0.034344480, 1.586412000, 0.004144128);0,182033;1,818057;;;-1,924639;1,009308;4,513797
0,3222222;0,2236501664;0,04484573;(-1.903624000, 1.048372000, 4.520389000);(0.034616830, 1.586971000, 0.004024442);0,2268007;1,773236;;;-1,903624;1,048372;4,520389
0,3333333;0,2791341464;0,05548398;(-1.874473000, 1.094681000, 4.529566000);(0.034958250, 1.587531000, 0.003771778);0,2819486;1,71806;;;-1,874473;1,094681;4,529566
0,3444445;0,3361489364;0,05701479;(-1.841363000, 1.139903000, 4.540021000);(0.035308920, 1.588122000, 0.003660139);0,3382777;1,661982;;;-1,841363;1,139903;4,540021
0,3555556;0,3955631764;0,05941424;(-1.805936000, 1.186268000, 4.551217000);(0.035630570, 1.588613000, 0.003666218);0,3970265;1,603862;;;-1,805936;1,186268;4,551217
0,3666667;0,4644920764;0,0689289;(-1.767906000, 1.242492000, 4.563207000);(0.035978930, 1.589134000, 0.003610846);0,4657698;1,535787;;;-1,767906;1,242492;4,563207
0,3777778;0,5354385664;0,07094649;(-1.731645000, 1.302395000, 4.574614000);(0.036303020, 1.589645000, 0.003587421);0,5367081;1,465288;;;-1,731645;1,302395;4,574614
0,3888889;0,6180827264;0,08264416;(-1.693679000, 1.374831000, 4.586515000);(0.036668890, 1.590239000, 0.003624376);0,6192663;1,382761;;;-1,693679;1,374831;4,586515
0,4;0,6939455064;0,07586278;(-1.658121000, 1.440910000, 4.597669000);(0.037060880, 1.590539000, 0.003738459);0,6950961;1,307074;;;-1,658121;1,44091;4,597669
0,4111111;0,7816346264;0,08768912;(-1.619124000, 1.518495000, 4.609881000);(0.037400550, 1.590905000, 0.003717478);0,7826607;1,219465;;;-1,619124;1,518495;4,609881
0,4222222;0,8658083364;0,08417371;(-1.583958000, 1.594178000, 4.620868000);(0.037697380, 1.591264000, 0.003596481);0,8665791;1,135298;;;-1,583958;1,594178;4,620868
0,4333333;0,9469587464;0,08115041;(-1.552639000, 1.668403000, 4.630625000);(0.038035770, 1.591538000, 0.003555711);0,9472734;1,054172;;;-1,552639;1,668403;4,630625
0,4444444;1,0297965064;0,08283776;(-1.526287000, 1.746514000, 4.638768000);(0.038369200, 1.591882000, 0.003461178);1,028905;0,9718015;;;-1,526287;1,746514;4,638768
0,4555556;1,1093416464;0,07954514;(-1.495889000, 1.819410000, 4.648234000);(0.038747520, 1.592135000, 0.003427323);1,108141;0,89232;;;-1,495889;1,81941;4,648234
0,4666667;1,1915384664;0,08219682;(-1.461774000, 1.893429000, 4.658891000);(0.039191730, 1.592415000, 0.003369149);1,190254;0,8101239;;;-1,461774;1,893429;4,658891
0,4777778;1,2704817064;0,07894324;(-1.428862000, 1.964444000, 4.669173000);(0.039524770, 1.592652000, 0.003326949);1,269133;0,7311808;;;-1,428862;1,964444;4,669173
0,4888889;1,3488325264;0,07835082;(-1.395490000, 2.034560000, 4.679607000);(0.039865870, 1.592918000, 0.003232654);1,347454;0,6528331;;;-1,39549;2,03456;4,679607
0,5;1,4256790764;0,07684655;(-1.362335000, 2.103106000, 4.689979000);(0.040206790, 1.593116000, 0.003188189);1,424286;0,5759977;;;-1,362335;2,103106;4,689979
0,5111111;1,4971756664;0,07149659;(-1.330066000, 2.166101000, 4.700088000);(0.040541700, 1.593301000, 0.003112193);1,495782;0,5045719;;;-1,330066;2,166101;4,700088
0,5222223;1,5645398064;0,06736414;(-1.297725000, 2.224315000, 4.710241000);(0.040854930, 1.593433000, 0.002989169);1,563097;0,4374703;;;-1,297725;2,224315;4,710241
0,5333334;1,6218394564;0,05729965;(-1.273200000, 2.275530000, 4.717911000);(0.041173130, 1.593539000, 0.002921518);1,62038;0,3802057;;;-1,2732;2,27553;4,717911
0,5444446;1,6671904264;0,04535097;(-1.256276000, 2.317274000, 4.723176000);(0.041445330, 1.593642000, 0.002801295);1,665561;0,3348721;;;-1,256276;2,317274;4,723176
0,5555557;1,7096859964;0,04249557;(-1.245460000, 2.358237000, 4.726480000);(0.041786260, 1.593741000, 0.002641376);1,707081;0,2930107;;;-1,24546;2,358237;4,72648
0,5666668;1,7564569164;0,04677092;(-1.234733000, 2.403644000, 4.729738000);(0.042223500, 1.593915000, 0.002496477);1,752553;0,2474869;;;-1,234733;2,403644;4,729738
0,577778;1,7999210664;0,04346415;(-1.231116000, 2.446947000, 4.730718000);(0.042567670, 1.594066000, 0.002333816);1,792848;0,2083053;;;-1,231116;2,446947;4,730718
0,5888891;1,8387967064;0,03887564;(-1.227488000, 2.485640000, 4.731721000);(0.043039210, 1.594284000, 0.002156194);1,82916;0,1747517;;;-1,227488;2,48564;4,731721
0,6000003;1,8697979364;0,03100123;(-1.217793000, 2.514933000, 4.734715000);(0.043394060, 1.594409000, 0.002000388);1,859924;0,1459746;;;-1,217793;2,514933;4,734715
0,6111114;1,8983348664;0,02853693;(-1.205695000, 2.540501000, 4.738497000);(0.043781910, 1.594539000, 0.001865979);1,888461;0,1189301;;;-1,205695;2,540501;4,738497
0,6222225;1,9225143964;0,02417953;(-1.187464000, 2.555287000, 4.744296000);(0.044148760, 1.594663000, 0.001676317);1,910194;0,0948771;;;-1,187464;2,555287;4,744296
0,6333337;1,9430674764;0,02055308;(-1.171216000, 2.566761000, 4.749472000);(0.044524580, 1.594821000, 0.001461919);1,92809;0,07474861;;;-1,171216;2,566761;4,749472
0,6444448;1,9583551164;0,01528764;(-1.164936000, 2.580560000, 4.751433000);(0.044970260, 1.594861000, 0.001222130);1,943374;0,06033538;;;-1,164936;2,58056;4,751433
0,655556;1,9767650364;0,01840992;(-1.161171000, 2.598545000, 4.752567000);(0.045354700, 1.594926000, 0.000972983);1,961209;0,04645151;;;-1,161171;2,598545;4,752567
0,6666671;1,9893238964;0,01255886;(-1.161045000, 2.611104000, 4.752555000);(0.045777070, 1.594956000, 0.000726398);1,972496;0,04158303;;;-1,161045;2,611104;4,752555
0,6777782;2,0033170764;0,01399318;(-1.157911000, 2.624708000, 4.753505000);(0.046176390, 1.595137000, 0.000514206);1,986137;0,03712207;;;-1,157911;2,624708;4,753505
0,6888894;2,0050967444;0,001779668;(-1.158517000, 2.626369000, 4.753304000);(0.046612890, 1.595186000, 0.000283893);1,987342;0,03793515;;;-1,158517;2,626369;4,753304
0,7000005;1,9992761394;0,005820605;(-1.153725000, 2.623453000, 4.754856000);(0.046988270, 1.595246000, 0.000027470);1,986971;0,03264343;;;-1,153725;2,623453;4,754856
0,7111117;1,9842513094;0,01502483;(-1.142911000, 2.613634000, 4.758375000);(0.047374000, 1.595179000, -0.000293858);1,98331;0,02263056;;;-1,142911;2,613634;4,758375
0,7222228;1,9702404794;0,01401083;(-1.131762000, 2.605958000, 4.761992000);(0.047802980, 1.595190000, -0.000488646);1,981821;0,0182244;;;-1,131762;2,605958;4,761992
0,7333339;1,9832930394;0,01305256;(-1.119778000, 2.602526000, 4.765861000);(0.048180170, 1.595298000, -0.000853188);1,984593;0,01924048;;;-1,119778;2,602526;4,765861
0,7444451;1,9906438774;0,007350838;(-1.118097000, 2.609664000, 4.766371000);(0.048557270, 1.595352000, -0.001123913);1,99173;0,01280738;;;-1,118097;2,609664;4,766371
0,7555562;2,0010878574;0,01044398;(-1.117717000, 2.620101000, 4.766448000);(0.048916690, 1.595397000, -0.001340874);2,00116;0,005429462;;;-1,117717;2,620101;4,766448
0,7666674;2,0157214574;0,0146336;(-1.125180000, 2.632447000, 4.763997000);(0.049211790, 1.595491000, -0.001404054);2,008523;0,01124049;;;-1,12518;2,632447;4,763997
0,7777785;2,0212233654;0,005501908;(-1.126884000, 2.637647000, 4.763427000);(0.049592110, 1.595520000, -0.001568504);2,012334;0,01672463;;;-1,126884;2,637647;4,763427
0,7888896;2,0164835134;0,004739852;(-1.131395000, 2.637522000, 4.761977000);(0.049930460, 1.595665000, -0.001701184);2,010073;0,01843682;;;-1,131395;2,637522;4,761977
0,8000008;2,0001189834;0,01636453;(-1.137578000, 2.622493000, 4.760052000);(0.050314340, 1.595712000, -0.001829751);1,993741;0,01565429;;;-1,137578;2,622493;4,760052
0,8111119;1,9852494934;0,01486949;(-1.138577000, 2.607659000, 4.759794000);(0.050742930, 1.595815000, -0.001889654);1,980059;0,02166342;;;-1,138577;2,607659;4,759794
0,8222231;1,9717420534;0,01350744;(-1.130166000, 2.597453000, 4.762541000);(0.051078510, 1.595824000, -0.001964636);1,975047;0,0252959;;;-1,130166;2,597453;4,762541
0,8333342;1,9843132134;0,01257116;(-1.118221000, 2.596691000, 4.766385000);(0.051434720, 1.595852000, -0.002052970);1,980193;0,02527336;;;-1,118221;2,596691;4,766385
0,8444453;2,0020053534;0,01769214;(-1.104486000, 2.606949000, 4.770759000);(0.051726900, 1.595878000, -0.002148934);1,996007;0,02406581;;;-1,104486;2,606949;4,770759
0,8555565;2,0277248334;0,02571948;(-1.091620000, 2.628849000, 4.774803000);(0.051990230, 1.595917000, -0.002225526);2,021677;0,03345783;;;-1,09162;2,628849;4,774803
