time;total distance traveled;distance to prev position;ray position;hmd position;distance to prev target;distance to current target
(-1.670580000, 0.957019400, 4.611279000);(-0.182373000, 2.260613000, 4.904335000);0,2777778;0,2555556

0;-0,005403541;0,005403541;(-1.655040000, 0.977080800, 4.614162000);(0.028266610, 1.582266000, -0.037088760);0,02553942;1,974944;;;-1,65504;0,9770808;4,614162
0,01111111;0,005207859;0,0106114;(-1.651806000, 0.987178000, 4.614600000);(0.028257940, 1.582295000, -0.037095730);0,03567937;1,965914;;;-1,651806;0,987178;4,6146
0,02222222;0,006339883;0,001132024;(-1.652294000, 0.988190800, 4.614465000);(0.028254900, 1.582298000, -0.037115160);0,0362794;1,965643;;;-1,652294;0,9881908;4,614465
0,03333334;0,003439066;0,002900817;(-1.651829000, 0.985333000, 4.614645000);(0.028232960, 1.582328000, -0.037077020);0,03412587;1,96712;;;-1,651829;0,985333;4,614645
0,04444445;-0,004056999;0,007496065;(-1.653211000, 0.977966100, 4.614542000);(0.028156190, 1.582292000, -0.037053350);0,02740612;1,972949;;;-1,653211;0,9779661;4,614542
0,05555556;-0,008666649;0,00460965;(-1.654322000, 0.973494000, 4.614419000);(0.028082850, 1.582367000, -0.037092280);0,02335807;1,976704;;;-1,654322;0,973494;4,614419
0,06666667;-0,012622559;0,00395591;(-1.658150000, 0.972943800, 4.613588000);(0.028011770, 1.582398000, -0.037073440);0,02033273;1,980037;;;-1,65815;0,9729438;4,613588
0,07777778;-0,013935289;0,00131273;(-1.659319000, 0.973475000, 4.613316000);(0.027907160, 1.582382000, -0.036997980);0,02004337;1,980603;;;-1,659319;0,973475;4,613316
0,08888889;-0,015127050;0,001191761;(-1.658568000, 0.972569700, 4.613507000);(0.027813290, 1.582383000, -0.036982250);0,01977521;1,980603;;;-1,658568;0,9725697;4,613507
0,1;-0,009552668;0,005574382;(-1.654405000, 0.969004400, 4.614524000);(0.027728590, 1.582390000, -0.036963290);0,02039079;1,979678;;;-1,654405;0,9690044;4,614524
0,1111111;-0,005502515;0,004050153;(-1.652129000, 0.965707500, 4.615117000);(0.027694230, 1.582352000, -0.036971640);0,02075227;1,980053;;;-1,652129;0,9657075;4,615117
0,1222222;-0,008577154;0,003074639;(-1.655060000, 0.965023200, 4.614489000);(0.027546140, 1.582342000, -0.036958050);0,01775494;1,982769;;;-1,65506;0,9650232;4,614489
0,1333333;-0,011996839;0,003419685;(-1.658397000, 0.965110600, 4.613749000);(0.027449580, 1.582333000, -0.037096390);0,01483185;1,9853;;;-1,658397;0,9651106;4,613749
0,1444445;-0,017236118;0,005239279;(-1.663344000, 0.966418600, 4.612620000);(0.027335850, 1.582364000, -0.037082380);0,01193772;1,988294;;;-1,663344;0,9664186;4,61262
0,1555556;-0,013454036;0,003782082;(-1.665616000, 0.969385400, 4.612037000);(0.027169200, 1.582383000, -0.037118380);0,01334683;1,988144;;;-1,665616;0,9693854;4,612037
0,1666667;-0,0139796871;0,0005256511;(-1.665802000, 0.968894800, 4.612009000);(0.027057710, 1.582403000, -0.037096630);0,01282128;1,988606;;;-1,665802;0,9688948;4,612009
0,1777778;-0,0162046701;0,002224983;(-1.664210000, 0.967391500, 4.612402000);(0.027045580, 1.582393000, -0.037042330);0,01222379;1,988338;;;-1,66421;0,9673915;4,612402
0,1888889;-0,0102682451;0,005936425;(-1.658702000, 0.965574600, 4.613668000);(0.026975300, 1.582424000, -0.036979500);0,01483207;1,985235;;;-1,658702;0,9655746;4,613668
0,2;-0,0061063901;0,004161855;(-1.654642000, 0.965775000, 4.614560000);(0.027012830, 1.582584000, -0.036984630);0,01847859;1,981956;;;-1,654642;0,965775;4,61456
0,2111111;-0,0043917511;0,001714639;(-1.653300000, 0.964757500, 4.614884000);(0.027004180, 1.582651000, -0.036874060);0,01927355;1,981578;;;-1,6533;0,9647575;4,614884
0,2222222;-0,0083383581;0,003946607;(-1.655637000, 0.967880600, 4.614283000);(0.027056370, 1.582817000, -0.036839730);0,01871595;1,981362;;;-1,655637;0,9678806;4,614283
0,2333333;-0,0067725451;0,001565813;(-1.654330000, 0.968700400, 4.614549000);(0.026976200, 1.583038000, -0.036670220);0,02027841;1,979816;;;-1,65433;0,9687004;4,614549
0,2444444;0,0055937149;0,01236626;(-1.643133000, 0.973398400, 4.616894000);(0.026974350, 1.583156000, -0.036632720);0,03245173;1,968087;;;-1,643133;0,9733984;4,616894
0,2555556;0,0232874649;0,01769375;(-1.628030000, 0.982079900, 4.619992000);(0.026992710, 1.583326000, -0.036581520);0,05014396;1,95075;;;-1,62803;0,9820799;4,619992
0,2666667;0,0406212349;0,01733377;(-1.614162000, 0.992097600, 4.622782000);(0.027103300, 1.583407000, -0.036525730);0,06742217;1,933501;;;-1,614162;0,9920976;4,622782
0,2777778;0,0687717649;0,02815053;(-1.596575000, 1.013830000, 4.626071000);(0.027037410, 1.583566000, -0.036446640);0,09446201;1,905745;;;-1,596575;1,01383;4,626071
0,2888889;0,1050905349;0,03631877;(-1.576344000, 1.043771000, 4.629721000);(0.027090850, 1.583639000, -0.036397110);0,1294078;1,870634;;;-1,576344;1,043771;4,629721
0,3;0,1429892849;0,03789875;(-1.554853000, 1.074743000, 4.633620000);(0.027183740, 1.583647000, -0.036398480);0,1665852;1,833924;;;-1,554853;1,074743;4,63362
0,3111111;0,1820585449;0,03906926;(-1.532522000, 1.106543000, 4.637682000);(0.027253690, 1.583750000, -0.036494860);0,2052177;1,796075;;;-1,532522;1,106543;4,637682
0,3222222;0,2231807449;0,0411222;(-1.507772000, 1.139062000, 4.642259000);(0.027360590, 1.583839000, -0.036446760);0,2461824;1,755917;;;-1,507772;1,139062;4,642259
0,3333333;0,2609521249;0,03777138;(-1.482129000, 1.166355000, 4.647176000);(0.027395730, 1.583918000, -0.036435370);0,2839438;1,718399;;;-1,482129;1,166355;4,647176
0,3444445;0,3057880949;0,04483597;(-1.448450000, 1.195196000, 4.653826000);(0.027509480, 1.583982000, -0.036448900);0,3284512;1,673565;;;-1,44845;1,195196;4,653826
0,3555556;0,3528943149;0,04710622;(-1.413240000, 1.225709000, 4.660769000);(0.027597220, 1.584031000, -0.036446880);0,375323;1,626464;;;-1,41324;1,225709;4,660769
0,3666667;0,3968388949;0,04394458;(-1.383061000, 1.257120000, 4.666575000);(0.027692760, 1.584034000, -0.036420050);0,4192675;1,582776;;;-1,383061;1,25712;4,666575
0,3777778;0,4475125149;0,05067362;(-1.351815000, 1.296587000, 4.672397000);(0.027780560, 1.584079000, -0.036385600);0,4697366;1,533211;;;-1,351815;1,296587;4,672397
0,3888889;0,5024379549;0,05492544;(-1.319023000, 1.340232000, 4.678445000);(0.027827800, 1.584154000, -0.036271280);0,5243618;1,479899;;;-1,319023;1,340232;4,678445
0,4;0,5594170849;0,05697913;(-1.283563000, 1.384338000, 4.685071000);(0.027868450, 1.584257000, -0.036163040);0,5812299;1,424274;;;-1,283563;1,384338;4,685071
0,4111111;0,6165098749;0,05709279;(-1.245858000, 1.426604000, 4.692242000);(0.027896490, 1.584361000, -0.036119410);0,6383212;1,368048;;;-1,245858;1,426604;4,692242
0,4222222;0,6774428149;0,06093294;(-1.201174000, 1.467094000, 4.701005000);(0.027864610, 1.584387000, -0.035927010);0,6989768;1,307277;;;-1,201174;1,467094;4,701005
0,4333333;0,7358180449;0,05837523;(-1.156729000, 1.503899000, 4.709815000);(0.027945130, 1.584424000, -0.035789910);0,7568555;1,248929;;;-1,156729;1,503899;4,709815
0,4444444;0,8051212749;0,06930323;(-1.098817000, 1.540092000, 4.721617000);(0.027955410, 1.584507000, -0.035676900);0,8240515;1,180003;;;-1,098817;1,540092;4,721617
0,4555556;0,8658825549;0,06076128;(-1.049401000, 1.574006000, 4.731605000);(0.027915180, 1.584578000, -0.035548750);0,8837505;1,119376;;;-1,049401;1,574006;4,731605
0,4666667;0,9358872449;0,07000469;(-0.989456600, 1.608004000, 4.743916000);(0.027966620, 1.584597000, -0.035489030);0,9514736;1,050247;;;-0,9894566;1,608004;4,743916
0,4777778;1,0043820249;0,06849478;(-0.932744600, 1.644643000, 4.755441000);(0.027995910, 1.584550000, -0.035417500);1,018828;0,9821641;;;-0,9327446;1,644643;4,755441
0,4888889;1,0735726049;0,06919058;(-0.878394800, 1.686059000, 4.766313000);(0.028070210, 1.584448000, -0.035380070);1,0877;0,9130223;;;-0,8783948;1,686059;4,766313
0,5;1,1382515449;0,06467894;(-0.833979500, 1.732293000, 4.774858000);(0.028155620, 1.584409000, -0.035279040);1,152262;0,8488096;;;-0,8339795;1,732293;4,774858
0,5111111;1,2040940049;0,06584246;(-0.793705500, 1.783841000, 4.782343000);(0.028267000, 1.584430000, -0.035120670);1,217294;0,7848065;;;-0,7937055;1,783841;4,782343
0,5222223;1,2657446749;0,06165067;(-0.756066700, 1.832165000, 4.789334000);(0.028332020, 1.584380000, -0.035059640);1,278248;0,7252015;;;-0,7560667;1,832165;4,789334
0,5333334;1,3172427749;0,0514981;(-0.720841100, 1.869117000, 4.796104000);(0.028428380, 1.584355000, -0.034966660);1,329694;0,6744862;;;-0,7208411;1,869117;4,796104
0,5444446;1,3627785349;0,04553576;(-0.689257100, 1.901347000, 4.802198000);(0.028511970, 1.584371000, -0.034837850);1,375209;0,6296313;;;-0,6892571;1,901347;4,802198
0,5555557;1,4078992949;0,04512076;(-0.656444000, 1.931645000, 4.808618000);(0.028624920, 1.584275000, -0.034804050);1,420321;0,5849146;;;-0,656444;1,931645;4,808618
0,5666668;1,4414969649;0,03359767;(-0.632907600, 1.955185000, 4.813172000);(0.028723240, 1.584220000, -0.034718100);1,453912;0,5518866;;;-0,6329076;1,955185;4,813172
0,577778;1,4794272949;0,03793033;(-0.607273500, 1.982708000, 4.818081000);(0.028854460, 1.584247000, -0.034627980);1,491785;0,5149873;;;-0,6072735;1,982708;4,818081
0,5888891;1,5090050049;0,02957771;(-0.591939300, 2.007855000, 4.820780000);(0.028974710, 1.584194000, -0.034487020);1,520399;0,4884799;;;-0,5919393;2,007855;4,82078
0,6000003;1,5476486949;0,03864369;(-0.571638100, 2.040540000, 4.824369000);(0.029156450, 1.584163000, -0.034400950);1,557915;0,4542619;;;-0,5716381;2,04054;4,824369
0,6111114;1,5859869849;0,03833829;(-0.554259200, 2.074590000, 4.827276000);(0.029236140, 1.584250000, -0.034457990);1,594299;0,4228975;;;-0,5542592;2,07459;4,827276
0,6222225;1,6173471949;0,03136021;(-0.536590200, 2.100300000, 4.830475000);(0.029337380, 1.584250000, -0.034405240);1,625137;0,3957593;;;-0,5365902;2,1003;4,830475
0,6333337;1,6458331949;0,028486;(-0.514886600, 2.118242000, 4.834778000);(0.029476670, 1.584251000, -0.034352490);1,653486;0,3683384;;;-0,5148866;2,118242;4,834778
0,6444448;1,6704488549;0,02461566;(-0.492775000, 2.128024000, 4.839395000);(0.029560420, 1.584250000, -0.034316550);1,676458;0,3437246;;;-0,492775;2,128024;4,839395
0,655556;1,6931631149;0,02271426;(-0.474137400, 2.140446000, 4.843172000);(0.029642970, 1.584323000, -0.034293960);1,698749;0,3214149;;;-0,4741374;2,140446;4,843172
0,6666671;1,7166551149;0,023492;(-0.456315900, 2.155339000, 4.846701000);(0.029711510, 1.584334000, -0.034234710);1,722159;0,2990803;;;-0,4563159;2,155339;4,846701
0,6777782;1,7404767149;0,0238216;(-0.439640800, 2.172043000, 4.849927000);(0.029772400, 1.584340000, -0.034214860);1,74598;0,2774738;;;-0,4396408;2,172043;4,849927
0,6888894;1,7585730749;0,01809636;(-0.426274700, 2.183956000, 4.852553000);(0.029830630, 1.584330000, -0.034228930);1,764053;0,2608557;;;-0,4262747;2,183956;4,852553
0,7000005;1,7705543749;0,0119813;(-0.415806200, 2.189367000, 4.854718000);(0.029891490, 1.584281000, -0.034254500);1,7755;0,2490561;;;-0,4158062;2,189367;4,854718
0,7111117;1,7870619849;0,01650761;(-0.402593600, 2.198899000, 4.857376000);(0.030017880, 1.584335000, -0.034217960);1,79182;0,2334757;;;-0,4025936;2,198899;4,857376
0,7222228;1,7968698859;0,009807901;(-0.394155600, 2.203588000, 4.859111000);(0.030079570, 1.584327000, -0.034270830);1,801281;0,2239397;;;-0,3941556;2,203588;4,859111
0,7333339;1,8136874459;0,01681756;(-0.380082400, 2.212337000, 4.861980000);(0.030256120, 1.584377000, -0.034422230);1,817706;0,2078787;;;-0,3800824;2,212337;4,86198
0,7444451;1,8297037659;0,01601632;(-0.365840900, 2.219039000, 4.864943000);(0.030294950, 1.584360000, -0.034419720);1,832862;0,1921994;;;-0,3658409;2,219039;4,864943
0,7555562;1,8461207059;0,01641694;(-0.350027200, 2.221825000, 4.868361000);(0.030342010, 1.584388000, -0.034469550);1,846533;0,1758027;;;-0,3500272;2,221825;4,868361
0,7666674;1,8614051459;0,01528444;(-0.335118500, 2.221202000, 4.871671000);(0.030397980, 1.584381000, -0.034530890);1,857261;0,1610943;;;-0,3351185;2,221202;4,871671
0,7777785;1,8762637959;0,01485865;(-0.320632100, 2.222122000, 4.874846000);(0.030449360, 1.584378000, -0.034625950);1,868772;0,1465156;;;-0,3206321;2,222122;4,874846
0,7888896;1,8874546959;0,0111909;(-0.309709000, 2.221870000, 4.877266000);(0.030490550, 1.584374000, -0.034703680);1,87685;0,1358243;;;-0,309709;2,22187;4,877266
0,8000008;1,8952086909;0,007753995;(-0.302334400, 2.223671000, 4.878846000);(0.030545260, 1.584376000, -0.034808700);1,883638;0,1280827;;;-0,3023344;2,223671;4,878846
0,8111119;1,9069662109;0,01175752;(-0.291465300, 2.227522000, 4.881141000);(0.030584600, 1.584495000, -0.035023040);1,894455;0,1163362;;;-0,2914653;2,227522;4,881141
0,8222231;1,9252176409;0,01825143;(-0.274982900, 2.234562000, 4.884590000);(0.030860390, 1.584363000, -0.035071560);1,911676;0,09820976;;;-0,2749829;2,234562;4,88459
0,8333342;1,9393441409;0,0141265;(-0.262738300, 2.241138000, 4.887115000);(0.031013940, 1.584457000, -0.035167520);1,925374;0,08446532;;;-0,2627383;2,241138;4,887115
0,8444453;1,9487666289;0,009422488;(-0.259057300, 2.249793000, 4.887691000);(0.031175290, 1.584433000, -0.035136050);1,933924;0,07921235;;;-0,2590573;2,249793;4,887691
0,8555565;1,9567360429;0,007969414;(-0.259805100, 2.257718000, 4.887308000);(0.031349630, 1.584441000, -0.035164180);1,938632;0,07933483;;;-0,2598051;2,257718;4,887308
0,8666676;1,9595132759;0,002777233;(-0.261311300, 2.260017000, 4.886913000);(0.031541730, 1.584423000, -0.035157270);1,939024;0,08084021;;;-0,2613113;2,260017;4,886913
0,8777788;1,9639294249;0,004416149;(-0.258297300, 2.256878000, 4.887664000);(0.031745880, 1.584428000, -0.035119420);1,939217;0,07782261;;;-0,2582973;2,256878;4,887664
0,8888899;1,9524155949;0,01151383;(-0.255110700, 2.245860000, 4.888670000);(0.031850550, 1.584338000, -0.035203050);1,934324;0,07585396;;;-0,2551107;2,24586;4,88867
0,900001;1,9654171449;0,01300155;(-0.243877300, 2.239873000, 4.891316000);(0.032178490, 1.584199000, -0.035281130);1,938972;0,06620004;;;-0,2438773;2,239873;4,891316
0,9111122;1,9745536469;0,009136502;(-0.235171000, 2.237931000, 4.893292000);(0.032297640, 1.584202000, -0.035273020);1,944393;0,0585153;;;-0,235171;2,237931;4,893292
0,9222233;1,9919522369;0,01739859;(-0.219090400, 2.243640000, 4.896688000);(0.032465430, 1.584180000, -0.035282560);1,960529;0,04116697;;;-0,2190904;2,24364;4,896688
0,9333345;2,0031320869;0,01117985;(-0.209339400, 2.248724000, 4.898704000);(0.032625760, 1.584118000, -0.035310570);1,97138;0,03000415;;;-0,2093394;2,248724;4,898704
0,9444456;2,0127697629;0,009637676;(-0.203240500, 2.256098000, 4.899849000);(0.032797720, 1.584011000, -0.035219020);1,9809;0,02181655;;;-0,2032405;2,256098;4,899849
0,9555568;2,0163153359;0,003545573;(-0.199785300, 2.256345000, 4.900605000);(0.033029440, 1.583934000, -0.035217710);1,983732;0,01831164;;;-0,1997853;2,256345;4,900605
0,9666679;2,0140763719;0,002238964;(-0.198839800, 2.254333000, 4.900869000);(0.033148320, 1.583902000, -0.035168300);1,983155;0,0179613;;;-0,1988398;2,254333;4,900869
0,977779;2,0016560519;0,01242032;(-0.206786600, 2.244906000, 4.899372000);(0.033285020, 1.583871000, -0.035100530);1,970873;0,02945134;;;-0,2067866;2,244906;4,899372
0,9888902;1,9914646619;0,01019139;(-0.215288400, 2.239559000, 4.897640000);(0.033463420, 1.583800000, -0.034978930);1,960812;0,03964234;;;-0,2152884;2,239559;4,89764
1,000001;1,9864687209;0,004995941;(-0.219951100, 2.238062000, 4.896651000);(0.033566360, 1.583776000, -0.034894650);1,956229;0,04449381;;;-0,2199511;2,238062;4,896651
1,011112;1,9909498399;0,004481119;(-0.221008800, 2.242403000, 4.896298000);(0.033797380, 1.583704000, -0.034838740);1,95824;0,04346202;;;-0,2210088;2,242403;4,896298
1,022224;1,9970819909;0,006132151;(-0.218558400, 2.248010000, 4.896687000);(0.033876780, 1.583687000, -0.034755600);1,963793;0,03907318;;;-0,2185584;2,24801;4,896687
1,033335;2,0033692479;0,006287257;(-0.214657000, 2.252887000, 4.897415000);(0.033941480, 1.583657000, -0.034686330);1,969989;0,03390942;;;-0,214657;2,252887;4,897415
1,044446;2,0154854279;0,01211618;(-0.204349400, 2.258894000, 4.899528000);(0.034048470, 1.583625000, -0.034613910);1,981867;0,0225616;;;-0,2043494;2,258894;4,899528
1,055557;2,0282003679;0,01271494;(-0.192235300, 2.261753000, 4.902125000);(0.034154620, 1.583589000, -0.034544180);1,993094;0,01017091;;;-0,1922353;2,261753;4,902125
1,066668;2,0416703079;0,01346994;(-0.179089500, 2.262278000, 4.905015000);(0.034206630, 1.583542000, -0.034557650);2,003628;0,003743735;;;-0,1790895;2,262278;4,905015
1,077779;2,0469951119;0,005324804;(-0.174497400, 2.259809000, 4.906097000);(0.034397180, 1.583470000, -0.034528440);2,005603;0,008110275;;;-0,1744974;2,259809;4,906097
1,08889;2,0440349929;0,002960119;(-0.173620500, 2.256995000, 4.906367000);(0.034421120, 1.583392000, -0.034465440);2,004471;0,009686539;;;-0,1736205;2,256995;4,906367
1,100002;2,0351525449;0,008882448;(-0.178735600, 2.249794000, 4.905435000);(0.034510340, 1.583292000, -0.034368110);1,995844;0,01146784;;;-0,1787356;2,249794;4,905435
1,111113;2,0247983749;0,01035417;(-0.183985300, 2.240916000, 4.904519000);(0.034579220, 1.583304000, -0.034275360);1,986037;0,01976415;;;-0,1839853;2,240916;4,904519
1,122224;2,0175537399;0,007244635;(-0.189489800, 2.236334000, 4.903428000);(0.034717590, 1.583327000, -0.034126230);1,978794;0,02531736;;;-0,1894898;2,236334;4,903428
