time;total distance traveled;distance to prev position;ray position;hmd position;distance to prev target;distance to current target
(-0.661625000, 2.273078000, 4.903086000);(-1.999826000, 0.845199500, 4.490314000);0,1444445;0,1333333
True

0;-0,006793042;0,006793042;(-0.640510900, 2.247711000, 4.909677000);(0.075255830, 1.592717000, 0.020757250);0,03365567;1,997659;;;-0,6405109;2,247711;4,909677
0,01111111;-0,010734105;0,003941063;(-0.644093500, 2.246500000, 4.908567000);(0.075216610, 1.592681000, 0.020576710);0,03230705;1,994139;;;-0,6440935;2,2465;4,908567
0,02222222;-0,015552038;0,004817933;(-0.648691700, 2.246689000, 4.907141000);(0.075174030, 1.592682000, 0.020527770);0,02966626;1,990849;;;-0,6486917;2,246689;4,907141
0,03333334;-0,017588519;0,002036481;(-0.650227000, 2.247938000, 4.906663000);(0.075061050, 1.592622000, 0.020528850);0,02783333;1,990588;;;-0,650227;2,247938;4,906663
0,04444445;-0,021588249;0,00399973;(-0.652408500, 2.251221000, 4.905981000);(0.075052180, 1.592803000, 0.020553580);0,0238967;1,991283;;;-0,6524085;2,251221;4,905981
0,05555556;-0,024290284;0,002702035;(-0.654987500, 2.251121000, 4.905181000);(0.075028470, 1.592819000, 0.020453450);0,02303369;1,989302;;;-0,6549875;2,251121;4,905181
0,06666667;-0,020821702;0,003468582;(-0.658169200, 2.250153000, 4.904196000);(0.074982410, 1.592755000, 0.020470250);0,02321044;1,986262;;;-0,6581692;2,250153;4,904196
0,07777778;-0,015095370;0,005726332;(-0.663548800, 2.249118000, 4.902528000);(0.074826500, 1.592790000, 0.020487360);0,02404322;1,981551;;;-0,6635488;2,249118;4,902528
0,08888889;-0,010694163;0,004401207;(-0.666836100, 2.246373000, 4.901514000);(0.074738260, 1.592868000, 0.020417920);0,02725366;1,977179;;;-0,6668361;2,246373;4,901514
0,1;-0,006072934;0,004621229;(-0.669261500, 2.242511000, 4.900767000);(0.074571130, 1.592926000, 0.020359390);0,0315914;1,972651;;;-0,6692615;2,242511;4,900767
0,1111111;-0,002498968;0,003573966;(-0.672538700, 2.241509000, 4.899753000);(0.074475830, 1.592898000, 0.020361890);0,03356775;1,969521;;;-0,6725387;2,241509;4,899753
0,1222222;0,010356812;0,01285578;(-0.684065000, 2.245934000, 4.896170000);(0.074485590, 1.592849000, 0.020225880);0,03589136;1,96418;;;-0,684065;2,245934;4,89617
0,1333333;0,025073672;0,01471686;(-0.697854500, 2.248780000, 4.891887000);(0.074206730, 1.592886000, 0.020195770);0,04503771;1,956126;;;-0,6978545;2,24878;4,891887
0,1444445;0,046615892;0,02154222;(-0.717415600, 2.255449000, 4.885808000);(0.074093740, 1.593044000, 0.020087410);0,06100729;1,94674;;;-0,7174156;2,255449;4,885808
0,1555556;0,067694612;0,02107872;(-0.737198000, 2.259352000, 4.879666000);(0.073972350, 1.593094000, 0.019951990);0,08030058;1,935369;;;-0,737198;2,259352;4,879666
0,1666667;0,096082552;0,02838794;(-0.764310500, 2.259564000, 4.871255000);(0.073831340, 1.593120000, 0.019793090);0,1083521;1,916257;;;-0,7643105;2,259564;4,871255
0,1777778;0,121212052;0,0251295;(-0.787664500, 2.253756000, 4.864020000);(0.073665910, 1.593122000, 0.019442370);0,1333623;1,895527;;;-0,7876645;2,253756;4,86402
0,1888889;0,139593402;0,01838135;(-0.803213600, 2.245213000, 4.859211000);(0.073436180, 1.593033000, 0.019057800);0,1508271;1,878298;;;-0,8032136;2,245213;4,859211
0,2;0,159435752;0,01984235;(-0.813651900, 2.228647000, 4.856000000);(0.073225000, 1.592990000, 0.018814140);0,1652375;1,858672;;;-0,8136519;2,228647;4,856
0,2111111;0,184418412;0,02498266;(-0.823926200, 2.206093000, 4.852849000);(0.073027510, 1.592913000, 0.018537570);0,1826262;1,834722;;;-0,8239262;2,206093;4,852849
0,2222222;0,209415522;0,02499711;(-0.835361100, 2.184144000, 4.849339000);(0.072849710, 1.592793000, 0.018285450);0,2024408;1,810428;;;-0,8353611;2,184144;4,849339
0,2333333;0,242810332;0,03339481;(-0.851078200, 2.155077000, 4.844511000);(0.072518590, 1.592768000, 0.018125940);0,2307547;1,77788;;;-0,8510782;2,155077;4,844511
0,2444444;0,282059602;0,03924927;(-0.873499400, 2.123611000, 4.837607000);(0.072255370, 1.592655000, 0.017849860);0,2674297;1,738839;;;-0,8734994;2,123611;4,837607
0,2555556;0,319657262;0,03759766;(-0.898240100, 2.096348000, 4.829978000);(0.072109900, 1.592456000, 0.017576870);0,3042451;1,701245;;;-0,8982401;2,096348;4,829978
0,2666667;0,370994202;0,05133694;(-0.936323500, 2.063993000, 4.818217000);(0.071807510, 1.592324000, 0.017313290);0,3554974;1,650459;;;-0,9363235;2,063993;4,818217
0,2777778;0,436259532;0,06526533;(-0.979231400, 2.016629000, 4.804985000);(0.071420650, 1.592071000, 0.017073090);0,4198379;1,585206;;;-0,9792314;2,016629;4,804985
0,2888889;0,497294942;0,06103541;(-1.014814000, 1.968264000, 4.794026000);(0.071067890, 1.591856000, 0.016867450);0,4791113;1,52439;;;-1,014814;1,968264;4,794026
0,3;0,583207612;0,08591267;(-1.058119000, 1.895268000, 4.780712000);(0.070643120, 1.591600000, 0.016584330);0,5611797;1,440066;;;-1,058119;1,895268;4,780712
0,3111111;0,660503842;0,07729623;(-1.099215000, 1.831035000, 4.768069000);(0.070243980, 1.591251000, 0.016283030);0,6364878;1,363862;;;-1,099215;1,831035;4,768069
0,3222222;0,746687302;0,08618346;(-1.158109000, 1.770794000, 4.749899000);(0.069747690, 1.590815000, 0.016037040);0,7226698;1,277731;;;-1,158109;1,770794;4,749899
0,3333333;0,821571232;0,07488393;(-1.216879000, 1.728087000, 4.731739000);(0.069272560, 1.590540000, 0.015842430);0,7966693;1,204484;;;-1,216879;1,728087;4,731739
0,3444445;0,896508422;0,07493719;(-1.287543000, 1.716146000, 4.709838000);(0.068753710, 1.590302000, 0.015617660);0,8598202;1,146336;;;-1,287543;1,716146;4,709838
0,3555556;0,949780722;0,0532723;(-1.336404000, 1.701261000, 4.694706000);(0.068205170, 1.589970000, 0.015428000);0,9086931;1,102156;;;-1,336404;1,701261;4,694706
0,3666667;0,997393902;0,04761318;(-1.377827000, 1.681593000, 4.681889000);(0.067618790, 1.589656000, 0.015249660);0,9548447;1,059782;;;-1,377827;1,681593;4,681889
0,3777778;1,046516822;0,04912292;(-1.417677000, 1.655644000, 4.669570000);(0.067028080, 1.589441000, 0.015197810);1,003677;1,01383;;;-1,417677;1,655644;4,66957
0,3888889;1,107983882;0,06146706;(-1.462249000, 1.615617000, 4.655809000);(0.066407180, 1.589120000, 0.015040450);1,065082;0,9538981;;;-1,462249;1,615617;4,655809
0,4;1,173322572;0,06533869;(-1.509856000, 1.573348000, 4.641110000);(0.065745640, 1.588957000, 0.014868670);1,130375;0,8905116;;;-1,509856;1,573348;4,64111
0,4111111;1,258719782;0,08539721;(-1.564104000, 1.509550000, 4.624388000);(0.065005560, 1.588641000, 0.014703090);1,214543;0,8057242;;;-1,564104;1,50955;4,624388
0,4222222;1,340146632;0,08142685;(-1.614292000, 1.447322000, 4.608921000);(0.064382920, 1.588217000, 0.014493280);1,294596;0,7247458;;;-1,614292;1,447322;4,608921
0,4333333;1,424712982;0,08456635;(-1.660612000, 1.378021000, 4.594666000);(0.063704650, 1.587881000, 0.014236500);1,376308;0,6401986;;;-1,660612;1,378021;4,594666
0,4444444;1,489240582;0,0645276;(-1.693435000, 1.323390000, 4.584574000);(0.062969720, 1.587613000, 0.013985750);1,438051;0,5756961;;;-1,693435;1,32339;4,584574
0,4555556;1,547628432;0,05838785;(-1.726330000, 1.276224000, 4.574447000);(0.062259730, 1.587320000, 0.013680450);1,495097;0,5173599;;;-1,72633;1,276224;4,574447
0,4666667;1,590613602;0,04298517;(-1.747321000, 1.239272000, 4.567996000);(0.061533070, 1.587025000, 0.013374800);1,536156;0,4744329;;;-1,747321;1,239272;4,567996
0,4777778;1,627230792;0,03661719;(-1.765894000, 1.208236000, 4.562285000);(0.060782110, 1.586730000, 0.013087320);1,571446;0,437835;;;-1,765894;1,208236;4,562285
0,4888889;1,656300822;0,02907003;(-1.779153000, 1.182688000, 4.558215000);(0.059976540, 1.586471000, 0.012791330);1,598986;0,4089079;;;-1,779153;1,182688;4,558215
0,5;1,678583282;0,02228246;(-1.788948000, 1.162901000, 4.555208000);(0.059116530, 1.586239000, 0.012421600);1,61999;0,3868011;;;-1,788948;1,162901;4,555208
0,5111111;1,711688772;0,03310549;(-1.802567000, 1.133017000, 4.551033000);(0.058297020, 1.585967000, 0.012095270);1,650888;0,3541705;;;-1,802567;1,133017;4,551033
0,5222223;1,747449182;0,03576041;(-1.810241000, 1.098167000, 4.548709000);(0.057569060, 1.585609000, 0.011738470);1,680868;0,3214731;;;-1,810241;1,098167;4,548709
0,5333334;1,788446432;0,04099725;(-1.822711000, 1.059298000, 4.544905000);(0.056859680, 1.585296000, 0.011296500);1,717462;0,2831749;;;-1,822711;1,059298;4,544905
0,5444446;1,824302982;0,03585655;(-1.838884000, 1.027683000, 4.539940000);(0.055939260, 1.585141000, 0.010960450);1,751805;0,2483253;;;-1,838884;1,027683;4,53994
0,5555557;1,860136482;0,0358335;(-1.859603000, 0.999151500, 4.533560000);(0.054764770, 1.584922000, 0.010654320);1,787341;0,2126829;;;-1,859603;0,9991515;4,53356
0,5666668;1,884150262;0,02401378;(-1.881560000, 0.992200300, 4.526760000);(0.053848810, 1.584695000, 0.010267910);1,808455;0,1921575;;;-1,88156;0,9922003;4,52676
0,577778;1,900161712;0,01601145;(-1.896443000, 0.988511800, 4.522150000);(0.052912470, 1.584401000, 0.009888701);1,822086;0,1795552;;;-1,896443;0,9885118;4,52215
0,5888891;1,914346592;0,01418488;(-1.907158000, 0.979825700, 4.518840000);(0.051956940, 1.584179000, 0.009496324);1,836164;0,1659078;;;-1,907158;0,9798257;4,51884
0,6000003;1,908397571;0,005949021;(-1.901617000, 0.978511600, 4.520561000);(0.050901550, 1.583922000, 0.009030633);1,832978;0,1683214;;;-1,901617;0,9785116;4,520561
0,6111114;1,913448978;0,005051407;(-1.898859000, 0.974368000, 4.521423000);(0.049925380, 1.583667000, 0.008615546);1,833865;0,166873;;;-1,898859;0,974368;4,521423
0,6222225;1,921715709;0,008266731;(-1.904990000, 0.969156400, 4.519529000);(0.048937950, 1.583508000, 0.008142643);1,842087;0,158785;;;-1,90499;0,9691564;4,519529
0,6333337;1,948275389;0,02655968;(-1.930302000, 0.970898600, 4.511675000);(0.048011920, 1.583248000, 0.007723622);1,859681;0,1452245;;;-1,930302;0,9708986;4,511675
0,6444448;1,974232419;0,02595703;(-1.954853000, 0.967274400, 4.504066000);(0.047090730, 1.583158000, 0.007386081);1,880632;0,1308204;;;-1,954853;0,9672744;4,504066
0,655556;2,005982679;0,03175026;(-1.984940000, 0.963291900, 4.494739000);(0.046164340, 1.582970000, 0.007049497);1,906161;0,1191092;;;-1,98494;0,9632919;4,494739
0,6666671;2,033078959;0,02709628;(-2.010503000, 0.959053900, 4.486816000);(0.045256980, 1.582894000, 0.006728586);1,928578;0,1144074;;;-2,010503;0,9590539;4,486816
0,6777782;2,057205159;0,0241262;(-2.031822000, 0.949886700, 4.480217000);(0.044432850, 1.582708000, 0.006438609);1,951177;0,1099322;;;-2,031822;0,9498867;4,480217
0,6888894;2,077535319;0,02033016;(-2.047410000, 0.937756300, 4.475402000);(0.043702990, 1.582577000, 0.006189700);1,971395;0,1051349;;;-2,04741;0,9377563;4,475402
0,7000005;2,092689009;0,01515369;(-2.050069000, 0.922859300, 4.474602000);(0.042871900, 1.582386000, 0.005892631);1,983549;0,09382041;;;-2,050069;0,9228593;4,474602
0,7111117;2,109517519;0,01682851;(-2.047544000, 0.906241100, 4.475412000);(0.042142870, 1.582158000, 0.005667087);1,992967;0,07889933;;;-2,047544;0,9062411;4,475412
0,7222228;2,131235129;0,02171761;(-2.042049000, 0.885302000, 4.477151000);(0.041355670, 1.581989000, 0.005374607);2,003226;0,05970162;;;-2,042049;0,885302;4,477151
0,7333339;2,150019289;0,01878416;(-2.036017000, 0.867614600, 4.479051000);(0.040761070, 1.581658000, 0.005185243);2,010991;0,04403481;;;-2,036017;0,8676146;4,479051
0,7444451;2,166514719;0,01649543;(-2.033970000, 0.851260100, 4.479713000);(0.040143630, 1.581441000, 0.005027708);2,020926;0,03626186;;;-2,03397;0,8512601;4,479713
0,7555562;2,184428339;0,01791362;(-2.034674000, 0.833361300, 4.479524000);(0.039542630, 1.581147000, 0.004859384);2,034073;0,0383525;;;-2,034674;0,8333613;4,479524
0,7666674;2,203875579;0,01944724;(-2.033021000, 0.813992000, 4.480068000);(0.038969910, 1.580909000, 0.004643079);2,046607;0,04669878;;;-2,033021;0,813992;4,480068
0,7777785;2,218296889;0,01442131;(-2.031948000, 0.799615100, 4.480425000);(0.038385070, 1.580800000, 0.004467960);2,056094;0,05663536;;;-2,031948;0,7996151;4,480425
0,7888896;2,234227599;0,01593071;(-2.029281000, 0.783932500, 4.481278000);(0.037852750, 1.580642000, 0.004377540);2,06542;0,06857739;;;-2,029281;0,7839325;4,481278
0,8000008;2,244891699;0,0106641;(-2.022850000, 0.775666100, 4.483286000);(0.037345260, 1.580445000, 0.004288372);2,066738;0,07358234;;;-2,02285;0,7756661;4,483286
0,8111119;2,243330651;0,001561048;(-2.022848000, 0.777227200, 4.483284000);(0.036879270, 1.580277000, 0.004164692);2,065607;0,07210871;;;-2,022848;0,7772272;4,483284
0,8222231;2,248533066;0,005202415;(-2.026751000, 0.780444600, 4.482068000);(0.036470060, 1.580111000, 0.004038747);2,066103;0,07061265;;;-2,026751;0,7804446;4,482068
0,8333342;2,225183156;0,02334991;(-2.037759000, 0.800746400, 4.478621000);(0.035971730, 1.579908000, 0.003855284);2,059533;0,0595963;;;-2,037759;0,8007464;4,478621
0,8444453;2,213737056;0,0114461;(-2.039601000, 0.812027800, 4.478030000);(0.035584710, 1.579783000, 0.003779884);2,052842;0,05322888;;;-2,039601;0,8120278;4,47803
0,8555565;2,191912796;0,02182426;(-2.031624000, 0.832194700, 4.480472000);(0.035251860, 1.579696000, 0.003680047);2,032645;0,03573679;;;-2,031624;0,8321947;4,480472
0,8666676;2,176306746;0,01560605;(-2.024256000, 0.845764000, 4.482735000);(0.034944520, 1.579663000, 0.003658649);2,017593;0,02558419;;;-2,024256;0,845764;4,482735
0,8777788;2,163401626;0,01290512;(-2.015825000, 0.855182900, 4.485335000);(0.034626290, 1.579675000, 0.003598507);2,004695;0,01950466;;;-2,015825;0,8551829;4,485335
0,8888899;2,156499749;0,006901877;(-2.009789000, 0.852412500, 4.487212000);(0.034357920, 1.579681000, 0.003552195);2,002196;0,01268493;;;-2,009789;0,8524125;4,487212
0,900001;2,167379259;0,01087951;(-2.002492000, 0.844670500, 4.489489000);(0.034168340, 1.579663000, 0.003460821);2,002332;0,002840555;;;-2,002492;0,8446705;4,489489
0,9111122;2,161076156;0,006303103;(-1.998134000, 0.840323900, 4.490847000);(0.033966020, 1.579684000, 0.003473695);2,002244;0,005188183;;;-1,998134;0,8403239;4,490847
0,9222233;2,167962725;0,006886569;(-1.994880000, 0.834340800, 4.491866000);(0.033832360, 1.579708000, 0.003595229);2,004155;0,01203249;;;-1,99488;0,8343408;4,491866
0,9333345;2,161233303;0,006729422;(-1.989945000, 0.838653900, 4.493390000);(0.033727220, 1.579689000, 0.003680643);1,997463;0,01224521;;;-1,989945;0,8386539;4,49339
0,9444456;2,156325655;0,004907648;(-1.985838000, 0.841021600, 4.494660000);(0.033649270, 1.579749000, 0.003696498);1,992771;0,01523185;;;-1,985838;0,8410216;4,49466
0,9555568;2,152733585;0,00359207;(-1.983100000, 0.843187500, 4.495506000);(0.033527080, 1.579705000, 0.003675874);1,989222;0,01762855;;;-1,9831;0,8431875;4,495506
0,9666679;2,149585879;0,003147706;(-1.981119000, 0.845555900, 4.496117000);(0.033476070, 1.579737000, 0.003709193);1,986078;0,01958987;;;-1,981119;0,8455559;4,496117
0,977779;2,148213376;0,001372503;(-1.981424000, 0.846890600, 4.496020000);(0.033270790, 1.579879000, 0.003668066);1,985342;0,01934067;;;-1,981424;0,8468906;4,49602
0,9888902;2,152143637;0,003930261;(-1.984583000, 0.844766000, 4.495043000);(0.033200220, 1.579953000, 0.003720399);1,989169;0,01596593;;;-1,984583;0,844766;4,495043
1,000001;2,160134876;0,007991239;(-1.989194000, 0.838395800, 4.493624000);(0.033267100, 1.579868000, 0.003721531);1,997101;0,0130492;;;-1,989194;0,8383958;4,493624
1,011112;2,168413934;0,008279058;(-1.986942000, 0.830460800, 4.494335000);(0.033187410, 1.579929000, 0.003829893);2,001171;0,01998507;;;-1,986942;0,8304608;4,494335
1,022224;2,176095522;0,007681588;(-1.982506000, 0.824345000, 4.495722000);(0.033144300, 1.579953000, 0.003887352);2,002373;0,02764339;;;-1,982506;0,824345;4,495722
1,033335;2,167443164;0,008652358;(-1.975913000, 0.819131300, 4.497775000);(0.033202530, 1.579839000, 0.003950592);2,001397;0,03615339;;;-1,975913;0,8191313;4,497775
1,044446;2,165442497;0,002000667;(-1.974310000, 0.820221500, 4.498271000);(0.033209740, 1.579701000, 0.004010733);1,999452;0,03658236;;;-1,97431;0,8202215;4,498271
1,055557;2,171746626;0,006304129;(-1.978932000, 0.824259900, 4.496830000);(0.033304610, 1.579542000, 0.004034992);1,999853;0,03029029;;;-1,978932;0,8242599;4,49683
