time;total distance traveled;distance to prev position;ray position;hmd position;distance to prev target;distance to current target
(-2.430000000, 2.749981000, 4.154586000);(-1.670580000, 0.957019400, 4.611279000);0,2555556;0,2111111
True

0;-0,001743708;0,001743708;(-2.462380000, 2.741915000, 4.138343000);(0.028960290, 1.589734000, -0.045619730);0,03711271;2,009096;;;-2,46238;2,741915;4,138343
0,01111111;-0,024812998;0,02306929;(-2.447895000, 2.758546000, 4.145111000);(0.028960290, 1.589734000, -0.045619730);0,02198546;2,016688;;;-2,447895;2,758546;4,145111
0,02222222;-0,024812998;0;(-2.447895000, 2.758546000, 4.145111000);(0.028814110, 1.589749000, -0.045514230);0,02198546;2,016688;;;-2,447895;2,758546;4,145111
0,03333334;-0,036350118;0,01153712;(-2.439240000, 2.764926000, 4.149292000);(0.028760970, 1.589810000, -0.045465360);0,01835007;2,018116;;;-2,43924;2,764926;4,149292
0,04444445;-0,027875130;0,008474988;(-2.433325000, 2.770301000, 4.152110000);(0.028771070, 1.589900000, -0.045390550);0,02073843;2,020051;;;-2,433325;2,770301;4,15211
0,05555556;-0,024597028;0,003278102;(-2.431126000, 2.772500000, 4.153150000);(0.028742100, 1.589848000, -0.045378990);0,02259226;2,020961;;;-2,431126;2,7725;4,15315
0,06666667;-0,021266266;0,003330762;(-2.433672000, 2.774159000, 4.151785000);(0.028719280, 1.589829000, -0.045327730);0,02461463;2,023719;;;-2,433672;2,774159;4,151785
0,07777778;-0,007183296;0,01408297;(-2.445835000, 2.770493000, 4.145708000);(0.028642090, 1.589860000, -0.045257400);0,02739138;2,026441;;;-2,445835;2,770493;4,145708
0,08888889;0,007528454;0,01471175;(-2.458597000, 2.766918000, 4.139321000);(0.028608500, 1.589845000, -0.045252990);0,03657447;2,029643;;;-2,458597;2,766918;4,139321
0,1;0,014527519;0,006999065;(-2.464501000, 2.764560000, 4.136393000);(0.028615000, 1.589848000, -0.045311100);0,04163945;2,030525;;;-2,464501;2,76456;4,136393
0,1111111;0,011571413;0,002956106;(-2.465221000, 2.761705000, 4.136134000);(0.028597330, 1.589866000, -0.045259420);0,04145418;2,028326;;;-2,465221;2,761705;4,136134
0,1222222;0,006994075;0,004577338;(-2.463321000, 2.757695000, 4.137259000);(0.028542220, 1.589776000, -0.045179080);0,0383409;2,023751;;;-2,463321;2,757695;4,137259
0,1333333;-0,012193845;0,01918792;(-2.446602000, 2.754062000, 4.145944000);(0.028576080, 1.589779000, -0.045128830);0,01915579;2,011991;;;-2,446602;2,754062;4,145944
0,1444445;-0,022977705;0,01078386;(-2.437043000, 2.753207000, 4.150863000);(0.028612110, 1.589701000, -0.045196900);0,008594768;2,006424;;;-2,437043;2,753207;4,150863
0,1555556;-0,032925152;0,009947447;(-2.428396000, 2.755538000, 4.155193000);(0.028637770, 1.589689000, -0.045249230);0,005815024;2,004237;;;-2,428396;2,755538;4,155193
0,1666667;-0,031956067;0,000969085;(-2.428461000, 2.756502000, 4.155124000);(0.028652070, 1.589675000, -0.045233670);0,006721471;2,005143;;;-2,428461;2,756502;4,155124
0,1777778;-0,022268675;0,009687392;(-2.436177000, 2.752021000, 4.151350000);(0.028604450, 1.589586000, -0.045251620);0,007264752;2,00492;;;-2,436177;2,752021;4,15135
0,1888889;-0,014779196;0,007489479;(-2.441890000, 2.748048000, 4.148582000);(0.028577830, 1.589594000, -0.045297930);0,0134592;2,004193;;;-2,44189;2,748048;4,148582
0,2;-0,002561556;0,01221764;(-2.451362000, 2.741856000, 4.143977000);(0.028650370, 1.589648000, -0.045241010);0,02519735;2,003405;;;-2,451362;2,741856;4,143977
0,2111111;0,011605194;0,01416675;(-2.458694000, 2.730193000, 4.140675000);(0.028618310, 1.589640000, -0.045184200);0,0375296;1,996681;;;-2,458694;2,730193;4,140675
0,2222222;0,023769134;0,01216394;(-2.459608000, 2.718063000, 4.140671000);(0.028627220, 1.589567000, -0.045115780);0,04570617;1,986281;;;-2,459608;2,718063;4,140671
0,2333333;0,033815794;0,01004666;(-2.454838000, 2.709663000, 4.143430000);(0.028542460, 1.589521000, -0.045072500);0,04865165;1,976285;;;-2,454838;2,709663;4,14343
0,2444444;0,048680724;0,01486493;(-2.444329000, 2.700835000, 4.149139000);(0.028522730, 1.589556000, -0.044997940);0,05148185;1,962945;;;-2,444329;2,700835;4,149139
0,2555556;0,065138974;0,01645825;(-2.434204000, 2.689141000, 4.154761000);(0.028477670, 1.589393000, -0.044898820);0,06098617;1,947248;;;-2,434204;2,689141;4,154761
0,2666667;0,094380324;0,02924135;(-2.415753000, 2.668881000, 4.164967000);(0.028441760, 1.589349000, -0.044931420);0,08299414;1,919622;;;-2,415753;2,668881;4,164967
0,2777778;0,131442584;0,03706226;(-2.395143000, 2.640356000, 4.176592000);(0.028408710, 1.589166000, -0.044997280);0,1171198;1,883498;;;-2,395143;2,640356;4,176592
0,2888889;0,165358844;0,03391626;(-2.379587000, 2.611608000, 4.185642000);(0.028357030, 1.588914000, -0.044969510);0,1505095;1,849735;;;-2,379587;2,611608;4,185642
0,3;0,210813084;0,04545424;(-2.361882000, 2.571107000, 4.196239000);(0.028317840, 1.588695000, -0.045011050);0,1958852;1,804283;;;-2,361882;2,571107;4,196239
0,3111111;0,262732754;0,05191967;(-2.340768000, 2.525362000, 4.208780000);(0.028258890, 1.588437000, -0.045086270);0,2476954;1,752386;;;-2,340768;2,525362;4,20878
0,3222222;0,317460834;0,05472808;(-2.318659000, 2.477056000, 4.221927000);(0.028138310, 1.588071000, -0.045219970);0,3023571;1,697679;;;-2,318659;2,477056;4,221927
0,3333333;0,372551584;0,05509075;(-2.297237000, 2.427948000, 4.234754000);(0.028071610, 1.587863000, -0.045302340);0,3574327;1,64259;;;-2,297237;2,427948;4,234754
0,3444445;0,432507134;0,05995555;(-2.271902000, 2.375705000, 4.249700000);(0.028000890, 1.587653000, -0.045483060);0,4172826;1,582718;;;-2,271902;2,375705;4,2497
0,3555556;0,498468294;0,06596116;(-2.242482000, 2.319228000, 4.266897000);(0.027905400, 1.587471000, -0.045594400);0,4830375;1,516998;;;-2,242482;2,319228;4,266897
0,3666667;0,580756414;0,08228812;(-2.202530000, 2.251074000, 4.289922000);(0.027786080, 1.587341000, -0.045709920);0,564772;1,435555;;;-2,20253;2,251074;4,289922
0,3777778;0,671403574;0,09064716;(-2.155321000, 2.178518000, 4.316826000);(0.027684060, 1.587274000, -0.045764750);0,654478;1,346749;;;-2,155321;2,178518;4,316826
0,3888889;0,760506584;0,08910301;(-2.108030000, 2.107942000, 4.343696000);(0.027558030, 1.587243000, -0.045829660);0,7427261;1,259994;;;-2,10803;2,107942;4,343696
0,4;0,846366464;0,08585988;(-2.065015000, 2.037848000, 4.368362000);(0.027498100, 1.587137000, -0.045821080);0,8282806;1,175916;;;-2,065015;2,037848;4,368362
0,4111111;0,926256014;0,07988955;(-2.029993000, 1.969042000, 4.388893000);(0.027370240, 1.587150000, -0.045869780);0,9081699;1,096732;;;-2,029993;1,969042;4,388893
0,4222222;1,000936094;0,07468008;(-1.998723000, 1.903789000, 4.407370000);(0.027258550, 1.587120000, -0.046062300);0,9828231;1,02256;;;-1,998723;1,903789;4,40737
0,4333333;1,067078544;0,06614245;(-1.979243000, 1.841794000, 4.419696000);(0.027151640, 1.587069000, -0.046141040);1,047984;0,956453;;;-1,979243;1,841794;4,419696
0,4444444;1,137363524;0,07028498;(-1.954000000, 1.778017000, 4.435036000);(0.027058750, 1.587008000, -0.046131200);1,118008;0,8862424;;;-1,954;1,778017;4,435036
0,4555556;1,204781044;0,06741752;(-1.929559000, 1.716960000, 4.449862000);(0.026965140, 1.586923000, -0.046011040);1,185227;0,8189234;;;-1,929559;1,71696;4,449862
0,4666667;1,277800254;0,07301921;(-1.901928000, 1.651448000, 4.466489000);(0.026853170, 1.586877000, -0.045952030);1,258141;0,7461345;;;-1,901928;1,651448;4,466489
0,4777778;1,350176874;0,07237662;(-1.874668000, 1.586442000, 4.482907000);(0.026730950, 1.586807000, -0.045886940);1,330418;0,6740211;;;-1,874668;1,586442;4,482907
0,4888889;1,416115444;0,06593857;(-1.849202000, 1.527567000, 4.498174000);(0.026614190, 1.586757000, -0.045823400);1,396308;0,6084595;;;-1,849202;1,527567;4,498174
0,5;1,468363414;0,05224797;(-1.829737000, 1.480525000, 4.509922000);(0.026590380, 1.586617000, -0.045749080);1,448482;0,556473;;;-1,829737;1,480525;4,509922
0,5111111;1,515218394;0,04685498;(-1.810872000, 1.439131000, 4.521146000);(0.026559680, 1.586527000, -0.045414690);1,495332;0,510134;;;-1,810872;1,439131;4,521146
0,5222223;1,564849624;0,04963123;(-1.789381000, 1.396212000, 4.533772000);(0.026481600, 1.586414000, -0.045243870);1,544949;0,4615313;;;-1,789381;1,396212;4,533772
0,5333334;1,610905784;0,04605616;(-1.764358000, 1.360234000, 4.547937000);(0.026393950, 1.586342000, -0.044904840);1,590346;0,4187946;;;-1,764358;1,360234;4,547937
0,5444446;1,664277874;0,05337209;(-1.738835000, 1.315741000, 4.562683000);(0.026358400, 1.586186000, -0.044708680);1,643563;0,3683764;;;-1,738835;1,315741;4,562683
0,5555557;1,713911334;0,04963346;(-1.727754000, 1.267943000, 4.570173000);(0.026294920, 1.585997000, -0.044493440);1,691833;0,3187979;;;-1,727754;1,267943;4,570173
0,5666668;1,762055914;0,04814458;(-1.718442000, 1.221164000, 4.576721000);(0.026264340, 1.585861000, -0.044418340);1,738332;0,2706608;;;-1,718442;1,221164;4,576721
0,577778;1,808177274;0,04612136;(-1.718985000, 1.175070000, 4.578205000);(0.026248690, 1.585712000, -0.044190890);1,779141;0,2257937;;;-1,718985;1,17507;4,578205
0,5888891;1,845692104;0,03751483;(-1.723454000, 1.137832000, 4.577343000);(0.026212990, 1.585592000, -0.043978760);1,810237;0,1914167;;;-1,723454;1,137832;4,577343
0,6000003;1,880997844;0,03530574;(-1.720365000, 1.102783000, 4.580261000);(0.026185720, 1.585497000, -0.043663690);1,843379;0,1571227;;;-1,720365;1,102783;4,580261
0,6111114;1,910733194;0,02973535;(-1.716920000, 1.073389000, 4.583145000);(0.026202830, 1.585451000, -0.043334130);1,871659;0,1283773;;;-1,71692;1,073389;4,583145
0,6222225;1,942613924;0,03188073;(-1.706248000, 1.044076000, 4.589720000);(0.026218590, 1.585339000, -0.043005410);1,90349;0,09651822;;;-1,706248;1,044076;4,58972
0,6333337;1,967838944;0,02522502;(-1.693487000, 1.023580000, 4.597026000);(0.026274380, 1.585166000, -0.042691890);1,928385;0,0718203;;;-1,693487;1,02358;4,597026
0,6444448;1,992834754;0,02499581;(-1.685498000, 1.000422000, 4.601995000);(0.026317180, 1.584950000, -0.042376700);1,953309;0,04682449;;;-1,685498;1,000422;4,601995
0,655556;2,016055224;0,02322047;(-1.682012000, 0.977618500, 4.604648000);(0.026432220, 1.584699000, -0.042132860);1,97568;0,02447419;;;-1,682012;0,9776185;4,604648
0,6666671;2,034476474;0,01842125;(-1.684133000, 0.959323700, 4.604263000);(0.026517540, 1.584475000, -0.042039040);1,991226;0,01543399;;;-1,684133;0,9593237;4,604263
0,6777782;2,050050724;0,01557425;(-1.687642000, 0.944198700, 4.603047000);(0.026600000, 1.584206000, -0.041889140);2,003263;0,02287437;;;-1,687642;0,9441987;4,603047
0,6888894;2,065400364;0,01534964;(-1.689262000, 0.928936800, 4.602802000);(0.026672780, 1.584049000, -0.041719800);2,016382;0,03477786;;;-1,689262;0,9289368;4,602802
0,7000005;2,078463304;0,01306294;(-1.688839000, 0.915900200, 4.603517000);(0.026743290, 1.583926000, -0.041408670);2,028475;0,04565575;;;-1,688839;0,9159002;4,603517
0,7111117;2,097265034;0,01880173;(-1.677149000, 0.902676900, 4.609997000);(0.026781230, 1.583848000, -0.041112490);2,046147;0,05475315;;;-1,677149;0,9026769;4,609997
0,7222228;2,117371764;0,02010673;(-1.662123000, 0.892042200, 4.618084000);(0.026804920, 1.583786000, -0.040824480);2,063105;0,0658777;;;-1,662123;0,8920422;4,618084
0,7333339;2,132604364;0,0152326;(-1.648627000, 0.890772800, 4.625031000);(0.026869360, 1.583783000, -0.040497070);2,070874;0,07113146;;;-1,648627;0,8907728;4,625031
0,7444451;2,126773779;0,005830585;(-1.644302000, 0.894080900, 4.627116000);(0.026925150, 1.583666000, -0.040232250);2,070018;0,07001865;;;-1,644302;0,8940809;4,627116
0,7555562;2,1273255076;0,0005517286;(-1.643835000, 0.893918400, 4.627360000);(0.026921450, 1.583542000, -0.039964090);2,070396;0,07039653;;;-1,643835;0,8939184;4,62736
0,7666674;2,1245246766;0,002800831;(-1.646200000, 0.892982400, 4.626188000);(0.027002540, 1.583363000, -0.039628450);2,070071;0,07012427;;;-1,6462;0,8929824;4,626188
0,7777785;2,1263790966;0,00185442;(-1.645212000, 0.891516600, 4.626749000);(0.027136450, 1.583380000, -0.039446480);2,071888;0,07192687;;;-1,645212;0,8915166;4,626749
0,7888896;2,1307735296;0,004394433;(-1.641484000, 0.892925600, 4.628600000);(0.027216580, 1.583245000, -0.039225290);2,072463;0,07248874;;;-1,641484;0,8929256;4,6286
0,8000008;2,1207567596;0,01001677;(-1.635391000, 0.900355200, 4.631431000);(0.027274430, 1.583140000, -0.039013450);2,068792;0,06967919;;;-1,635391;0,9003552;4,631431
0,8111119;2,1132765276;0,007480232;(-1.630203000, 0.905145200, 4.633900000);(0.027282570, 1.583044000, -0.038873560);2,067084;0,06951928;;;-1,630203;0,9051452;4,6339
0,8222231;2,1057317656;0,007544762;(-1.625882000, 0.911003000, 4.635885000);(0.027325810, 1.582943000, -0.038700290);2,064;0,06870835;;;-1,625882;0,911003;4,635885
0,8333342;2,0957557146;0,009976051;(-1.628104000, 0.920611800, 4.634382000);(0.027369290, 1.582857000, -0.038552770);2,054224;0,06052687;;;-1,628104;0,9206118;4,634382
0,8444453;2,0805349246;0,01522079;(-1.636643000, 0.932256900, 4.629572000);(0.027426180, 1.582798000, -0.038362870);2,039399;0,04582037;;;-1,636643;0,9322569;4,629572
0,8555565;2,0669857146;0,01354921;(-1.642754000, 0.943812500, 4.626007000);(0.027503670, 1.582786000, -0.038230490);2,025892;0,03414112;;;-1,642754;0,9438125;4,626007
0,8666676;2,0583932296;0,008592485;(-1.643922000, 0.952275300, 4.625086000);(0.027554600, 1.582732000, -0.038059120);2,017681;0,03039378;;;-1,643922;0,9522753;4,625086
0,8777788;2,0510205506;0,007372679;(-1.638583000, 0.956667500, 4.627647000);(0.027598740, 1.582702000, -0.037919350);2,016458;0,03594216;;;-1,638583;0,9566675;4,627647
0,8888899;2,0552058536;0,004185303;(-1.635080000, 0.955306600, 4.629490000);(0.027609590, 1.582544000, -0.037929240);2,019477;0,03993482;;;-1,63508;0,9553066;4,62949
0,900001;2,0532435886;0,001962265;(-1.636796000, 0.954901000, 4.628629000);(0.027591910, 1.582406000, -0.037866960);2,018961;0,03803732;;;-1,636796;0,954901;4,628629
0,9111122;2,0465933956;0,006650193;(-1.641365000, 0.959040300, 4.626135000);(0.027660880, 1.582261000, -0.037826070);2,012902;0,03283751;;;-1,641365;0,9590403;4,626135
0,9222233;2,0392635296;0,007329866;(-1.644680000, 0.965285300, 4.624202000);(0.027709220, 1.582266000, -0.037737440);2,005594;0,03010204;;;-1,64468;0,9652853;4,624202
0,9333345;2,0315643216;0,007699208;(-1.650256000, 0.969654000, 4.621185000);(0.027751860, 1.582388000, -0.037710320);1,99882;0,0259003;;;-1,650256;0,969654;4,621185
0,9444456;2,0243872866;0,007177035;(-1.656644000, 0.969768800, 4.617915000);(0.027829620, 1.582375000, -0.037541100);1,995473;0,02001999;;;-1,656644;0,9697688;4,617915
0,9555568;2,0219518286;0,002435458;(-1.658798000, 0.970009400, 4.616805000);(0.027957620, 1.582408000, -0.037479290);1,994166;0,01838719;;;-1,658798;0,9700094;4,616805
0,9666679;2,0206848106;0,001267018;(-1.659051000, 0.971238400, 4.616629000);(0.028010130, 1.582397000, -0.037444060);1,992931;0,0190712;;;-1,659051;0,9712384;4,616629
0,977779;2,0170479696;0,003636841;(-1.657648000, 0.974540900, 4.617220000);(0.028056620, 1.582410000, -0.037392090);1,990665;0,0225731;;;-1,657648;0,9745409;4,61722
0,9888902;2,0137650716;0,003282898;(-1.658434000, 0.977685200, 4.616697000);(0.028107640, 1.582390000, -0.037224780);1,987434;0,02457571;;;-1,658434;0,9776852;4,616697
1,000001;2,0101386726;0,003626399;(-1.658503000, 0.981306800, 4.616524000);(0.028146030, 1.582381000, -0.037155750);1,984138;0,02762672;;;-1,658503;0,9813068;4,616524
1,011112;2,0130631356;0,002924463;(-1.659873000, 0.978794900, 4.615920000);(0.028222620, 1.582375000, -0.037156530);1,985705;0,02470499;;;-1,659873;0,9787949;4,61592
1,022224;2,0186705616;0,005607426;(-1.660262000, 0.973200900, 4.615935000);(0.028237070, 1.582335000, -0.037166070);1,99055;0,01974813;;;-1,660262;0,9732009;4,615935
1,033335;2,0217440416;0,00307348;(-1.660457000, 0.970133700, 4.615952000);(0.028279780, 1.582273000, -0.037119570);1,993217;0,017213;;;-1,660457;0,9701337;4,615952
1,044446;2,0169018776;0,004842164;(-1.657240000, 0.973418500, 4.617471000);(0.028272480, 1.582258000, -0.037100380);1,991882;0,02202759;;;-1,65724;0,9734185;4,617471
