time;total distance traveled;distance to prev position;ray position;hmd position;distance to prev target;distance to current target
(-1.111623000, 2.327013000, 4.865576000);(-2.087111000, 0.618806400, 4.504397000);0,4222222;0,3333333
True

0;-0,01690195;0,01690195;(-1.135657000, 2.335897000, 4.858476000);(-0.050114500, 1.640198000, 0.042281100);0,02658913;1,994753;;;-1,135657;2,335897;4,858476
0,01111111;-0,011141978;0,005759972;(-1.140763000, 2.333802000, 4.856826000);(-0.050066450, 1.640277000, 0.042094660);0,03117294;1,990224;;;-1,140763;2,333802;4,856826
0,02222222;-0,003732841;0,007409137;(-1.142322000, 2.326596000, 4.856092000);(-0.050039300, 1.640345000, 0.042030170);0,03213281;1,983144;;;-1,142322;2,326596;4,856092
0,03333334;0,012879489;0,01661233;(-1.138038000, 2.310563000, 4.856847000);(-0.050060630, 1.640426000, 0.041950000);0,03231927;1,971548;;;-1,138038;2,310563;4,856847
0,04444445;0,028964369;0,01608488;(-1.129653000, 2.296999000, 4.858955000);(-0.050202370, 1.640450000, 0.041939810);0,03563344;1,964375;;;-1,129653;2,296999;4,858955
0,05555556;0,046874169;0,0179098;(-1.116148000, 2.285858000, 4.862729000);(-0.050256350, 1.640413000, 0.041859760);0,04150157;1,962201;;;-1,116148;2,285858;4,862729
0,06666667;0,038350031;0,008524138;(-1.108023000, 2.286383000, 4.865253000);(-0.050294220, 1.640392000, 0.041593260);0,04079128;1,967141;;;-1,108023;2,286383;4,865253
0,07777778;0,030121439;0,008228592;(-1.103223000, 2.292844000, 4.866962000);(-0.050285790, 1.640428000, 0.041471550);0,0352141;1,975321;;;-1,103223;2,292844;4,866962
0,08888889;0,017671349;0,01245009;(-1.105302000, 2.305118000, 4.866754000);(-0.050290230, 1.640368000, 0.041401400);0,02282052;1,984666;;;-1,105302;2,305118;4,866754
0,1;0,001972529;0,01569882;(-1.116463000, 2.315723000, 4.863685000);(-0.050322690, 1.640416000, 0.041328920);0,01242869;1,987655;;;-1,116463;2,315723;4,863685
0,1111111;0,009875031;0,007902502;(-1.124007000, 2.316154000, 4.861373000);(-0.050318130, 1.640467000, 0.041240580);0,01699896;1,983933;;;-1,124007;2,316154;4,861373
0,1222222;0,020911821;0,01103679;(-1.131206000, 2.308171000, 4.858870000);(-0.050322310, 1.640555000, 0.041199040);0,02799106;1,97316;;;-1,131206;2,308171;4,85887
0,1333333;0,034554581;0,01364276;(-1.134296000, 2.294959000, 4.857451000);(-0.050288290, 1.640706000, 0.041157550);0,04009427;1,9601;;;-1,134296;2,294959;4,857451
0,1444445;0,043031443;0,008476862;(-1.131260000, 2.287072000, 4.858109000);(-0.050287410, 1.640760000, 0.041102660);0,04512965;1,954961;;;-1,13126;2,287072;4,858109
0,1555556;0,034519024;0,008512419;(-1.123139000, 2.286480000, 4.860594000);(-0.050287410, 1.640760000, 0.041102660);0,04243126;1,958891;;;-1,123139;2,28648;4,860594
0,1666667;0,034519024;0;(-1.123139000, 2.286480000, 4.860594000);(-0.050299190, 1.640788000, 0.041034350);0,04243126;1,958891;;;-1,123139;2,28648;4,860594
0,1777778;0,027228580;0,007290444;(-1.118896000, 2.292213000, 4.862104000);(-0.050560120, 1.640827000, 0.040894220);0,03572156;1,966134;;;-1,118896;2,292213;4,862104
0,1888889;0,018202509;0,009026071;(-1.110445000, 2.293925000, 4.864772000);(-0.050586960, 1.640847000, 0.040637210);0,03311964;1,972249;;;-1,110445;2,293925;4,864772
0,2;0,006246559;0,01195595;(-1.102364000, 2.302284000, 4.867559000);(-0.050503380, 1.640638000, 0.040480090);0,02648049;1,983862;;;-1,102364;2,302284;4,867559
0,2111111;-0,006119281;0,01236584;(-1.099859000, 2.314334000, 4.868758000);(-0.050512780, 1.640638000, 0.040524320);0,01758687;1,995555;;;-1,099859;2,314334;4,868758
0,2222222;-0,022176881;0,0160576;(-1.108196000, 2.327897000, 4.866664000);(-0.050465990, 1.640596000, 0.040471030);0,003702412;2,002624;;;-1,108196;2,327897;4,866664
0,2333333;-0,008279011;0,01389787;(-1.120067000, 2.334253000, 4.863226000);(-0.050410500, 1.640473000, 0.040423050);0,01136842;2,001672;;;-1,120067;2,334253;4,863226
0,2444444;-0,003339381;0,00493963;(-1.124786000, 2.334166000, 4.861768000);(-0.050369370, 1.640420000, 0.040355990);0,01545695;1,99906;;;-1,124786;2,334166;4,861768
0,2555556;-0,012251040;0,008911659;(-1.126147000, 2.325389000, 4.861038000);(-0.050357140, 1.640447000, 0.040245540);0,01530233;1,990746;;;-1,126147;2,325389;4,861038
0,2666667;-0,003841515;0,008409525;(-1.125720000, 2.316992000, 4.860874000);(-0.050320660, 1.640410000, 0.040205190);0,01792415;1,983729;;;-1,12572;2,316992;4,860874
0,2777778;0,004707094;0,008548609;(-1.125959000, 2.308455000, 4.860499000);(-0.050462770, 1.640302000, 0.040212820);0,02399414;1,976242;;;-1,125959;2,308455;4,860499
0,2888889;0,008864604;0,00415751;(-1.126436000, 2.304335000, 4.860207000);(-0.050468330, 1.640243000, 0.040114240);0,02761475;1,972436;;;-1,126436;2,304335;4,860207
0,3;0,001629136;0,007235468;(-1.126418000, 2.311566000, 4.860467000);(-0.050523750, 1.640163000, 0.040059100);0,02199127;1,978674;;;-1,126418;2,311566;4,860467
0,3111111;-0,012370284;0,01399942;(-1.128405000, 2.325423000, 4.860343000);(-0.050581040, 1.640106000, 0.039974220);0,01765064;1,989562;;;-1,128405;2,325423;4,860343
0,3222222;0,001949026;0,01431931;(-1.131068000, 2.339489000, 4.860018000);(-0.050657630, 1.640046000, 0.039868720);0,02376193;2,000308;;;-1,131068;2,339489;4,860018
0,3333333;0,019568646;0,01761962;(-1.135263000, 2.356588000, 4.859327000);(-0.050728520, 1.640081000, 0.039696820);0,03837372;2,012927;;;-1,135263;2,356588;4,859327
0,3444445;0,036066866;0,01649822;(-1.145516000, 2.369225000, 4.856610000);(-0.050817750, 1.639987000, 0.039557050);0,05487163;2,018569;;;-1,145516;2,369225;4,85661
0,3555556;0,054454906;0,01838804;(-1.159837000, 2.380029000, 4.852574000);(-0.050949590, 1.639934000, 0.039353620);0,07283048;2,020636;;;-1,159837;2,380029;4,852574
0,3666667;0,070211576;0,01575667;(-1.174622000, 2.383172000, 4.848124000);(-0.051173210, 1.639819000, 0.039187980);0,08618107;2,01588;;;-1,174622;2,383172;4,848124
0,3777778;0,081938136;0,01172656;(-1.184435000, 2.377619000, 4.844901000);(-0.051466830, 1.639747000, 0.038918920);0,09104889;2,006039;;;-1,184435;2,377619;4,844901
0,3888889;0,094094456;0,01215632;(-1.194545000, 2.371746000, 4.841575000);(-0.051795640, 1.639665000, 0.038691830);0,0972269;1,995786;;;-1,194545;2,371746;4,841575
0,4;0,120384376;0,02628992;(-1.211120000, 2.352182000, 4.835772000);(-0.052254580, 1.639575000, 0.038631030);0,1068706;1,970219;;;-1,21112;2,352182;4,835772
0,4111111;0,143170746;0,02278637;(-1.227859000, 2.337799000, 4.830101000);(-0.052638390, 1.639423000, 0.038417410);0,122006;1,949188;;;-1,227859;2,337799;4,830101
0,4222222;0,170523556;0,02735281;(-1.246956000, 2.319342000, 4.823559000);(-0.053078460, 1.639241000, 0.038278410);0,1419131;1,92342;;;-1,246956;2,319342;4,823559
0,4333333;0,193562776;0,02303922;(-1.263640000, 2.304500000, 4.817888000);(-0.053484680, 1.639019000, 0.038021220);0,1609043;1,902089;;;-1,26364;2,3045;4,817888
0,4444444;0,228879036;0,03531626;(-1.287732000, 2.280045000, 4.809594000);(-0.053950050, 1.638644000, 0.037713720);0,190668;1,868654;;;-1,287732;2,280045;4,809594
0,4555556;0,267759216;0,03888018;(-1.313672000, 2.252508000, 4.800621000);(-0.054538510, 1.638331000, 0.037364970);0,2249307;1,831649;;;-1,313672;2,252508;4,800621
0,4666667;0,338840036;0,07108082;(-1.360295000, 2.201354000, 4.784434000);(-0.055061450, 1.637969000, 0.036925510);0,2901931;1,763842;;;-1,360295;2,201354;4,784434
0,4777778;0,425639586;0,08679955;(-1.417574000, 2.139235000, 4.764573000);(-0.055522300, 1.637618000, 0.036497070);0,3729188;1,681569;;;-1,417574;2,139235;4,764573
0,4888889;0,513098706;0,08745912;(-1.472458000, 2.073913000, 4.745338000);(-0.056046210, 1.637270000, 0.036100220);0,4568572;1,59787;;;-1,472458;2,073913;4,745338
0,5;0,593245146;0,08014644;(-1.518763000, 2.010616000, 4.728822000);(-0.056645620, 1.636899000, 0.035632200);0,5334525;1,52004;;;-1,518763;2,010616;4,728822
0,5111111;0,661335946;0,0680908;(-1.555240000, 1.954662000, 4.715595000);(-0.057120280, 1.636605000, 0.035193990);0,5982771;1,453273;;;-1,55524;1,954662;4,715595
0,5222223;0,714224266;0,05288832;(-1.572768000, 1.905278000, 4.708446000);(-0.057660060, 1.636328000, 0.034866940);0,6443645;1,400426;;;-1,572768;1,905278;4,708446
0,5333334;0,764318946;0,05009468;(-1.590324000, 1.858893000, 4.701394000);(-0.058228790, 1.636102000, 0.034574940);0,6893815;1,350341;;;-1,590324;1,858893;4,701394
0,5444446;0,817604916;0,05328597;(-1.599946000, 1.806704000, 4.696584000);(-0.058776590, 1.635812000, 0.034251160);0,7333072;1,298217;;;-1,599946;1,806704;4,696584
0,5555557;0,884740986;0,06713607;(-1.634456000, 1.750518000, 4.683957000);(-0.059370660, 1.635501000, 0.033856340);0,7991787;1,232035;;;-1,634456;1,750518;4,683957
0,5666668;0,965554756;0,08081377;(-1.684121000, 1.689211000, 4.666473000);(-0.059915750, 1.635338000, 0.033620310);0,8798794;1,155178;;;-1,684121;1,689211;4,666473
0,577778;1,055488416;0,08993366;(-1.735467000, 1.617696000, 4.648111000);(-0.060478140, 1.635230000, 0.033421590);0,969332;1,068685;;;-1,735467;1,617696;4,648111
0,5888891;1,139562746;0,08407433;(-1.777302000, 1.546417000, 4.632691000);(-0.060989640, 1.635072000, 0.033101450);1,051995;0,9863586;;;-1,777302;1,546417;4,632691
0,6000003;1,230407796;0,09084505;(-1.814406000, 1.464742000, 4.618364000);(-0.061523520, 1.634864000, 0.032861070);1,13953;0,8960826;;;-1,814406;1,464742;4,618364
0,6111114;1,313826786;0,08341899;(-1.846100000, 1.388592000, 4.605901000);(-0.061987120, 1.634670000, 0.032659660);1,219641;0,8129938;;;-1,8461;1,388592;4,605901
0,6222225;1,400189846;0,08636306;(-1.877198000, 1.308982000, 4.593499000);(-0.062551680, 1.634564000, 0.032451700);1,302505;0,7268737;;;-1,877198;1,308982;4,593499
0,6333337;1,483509656;0,08331981;(-1.914010000, 1.235548000, 4.579553000);(-0.062936600, 1.634280000, 0.032371230);1,384533;0,6449671;;;-1,91401;1,235548;4,579553
0,6444448;1,560582236;0,07707258;(-1.948043000, 1.167609000, 4.566658000);(-0.063367890, 1.634142000, 0.032266810);1,460537;0,5695623;;;-1,948043;1,167609;4,566658
0,655556;1,616148016;0,05556578;(-1.968691000, 1.116673000, 4.558492000);(-0.063813790, 1.633956000, 0.032274200);1,514526;0,5146072;;;-1,968691;1,116673;4,558492
0,6666671;1,682629976;0,06648196;(-1.995767000, 1.056862000, 4.548029000);(-0.064154240, 1.633743000, 0.032263290);1,57982;0,4496005;;;-1,995767;1,056862;4,548029
0,6777782;1,726057596;0,04342762;(-2.010620000, 1.016498000, 4.542024000);(-0.064485550, 1.633533000, 0.032248570);1,62183;0,4067252;;;-2,01062;1,016498;4,542024
0,6888894;1,773982346;0,04792475;(-2.034980000, 0.976205500, 4.533087000);(-0.064805120, 1.633231000, 0.032241000);1,669676;0,3623188;;;-2,03498;0,9762055;4,533087
0,7000005;1,823667576;0,04968523;(-2.061666000, 0.935426300, 4.523417000);(-0.065105800, 1.633087000, 0.032032020);1,719352;0,3182096;;;-2,061666;0,9354263;4,523417
0,7111117;1,855903946;0,03223637;(-2.080721000, 0.910319000, 4.516653000);(-0.065280360, 1.632935000, 0.032089180);1,751548;0,2918401;;;-2,080721;0,910319;4,516653
0,7222228;1,897968236;0,04206429;(-2.097592000, 0.872346000, 4.510109000);(-0.065444250, 1.632767000, 0.032145990);1,792916;0,2538204;;;-2,097592;0,872346;4,510109
0,7333339;1,931115806;0,03314757;(-2.099708000, 0.839316000, 4.508291000);(-0.065597920, 1.632669000, 0.032264720);1,82132;0,2209035;;;-2,099708;0,839316;4,508291
0,7444451;1,966543836;0,03542803;(-2.105077000, 0.804416500, 4.505404000);(-0.065729720, 1.632528000, 0.032368970);1,853369;0,1864804;;;-2,105077;0,8044165;4,505404
0,7555562;1,991478496;0,02493466;(-2.105893000, 0.779520900, 4.504273000);(-0.065950410, 1.632369000, 0.032515840);1,874526;0,1618083;;;-2,105893;0,7795209;4,504273
0,7666674;2,023640586;0,03216209;(-2.115019000, 0.748927500, 4.500379000);(-0.065908180, 1.632248000, 0.032579610);1,905394;0,1331408;;;-2,115019;0,7489275;4,500379
0,7777785;2,050960476;0,02731989;(-2.124438000, 0.723565800, 4.496579000);(-0.066373960, 1.632346000, 0.033007280);1,932097;0,1114851;;;-2,124438;0,7235658;4,496579
0,7888896;2,077726896;0,02676642;(-2.127515000, 0.697043700, 4.494694000);(-0.066425980, 1.632269000, 0.033235980);1,956117;0,08858728;;;-2,127515;0,6970437;4,494694
0,8000008;2,105043486;0,02731659;(-2.125014000, 0.669842500, 4.494506000);(-0.066494210, 1.632221000, 0.033368960);1,977592;0,06433631;;;-2,125014;0,6698425;4,494506
0,8111119;2,129291566;0,02424808;(-2.114137000, 0.648327200, 4.497102000);(-0.066539480, 1.632132000, 0.033569760);1,989672;0,04068254;;;-2,114137;0,6483272;4,497102
0,8222231;2,146956946;0,01766538;(-2.106618000, 0.632438700, 4.498861000);(-0.066560490, 1.632038000, 0.033805560);1,99902;0,02443378;;;-2,106618;0,6324387;4,498861
0,8333342;2,159784786;0,01282784;(-2.111895000, 0.620924800, 4.496827000);(-0.066582130, 1.631877000, 0.033961130);2,01178;0,02600069;;;-2,111895;0,6209248;4,496827
0,8444453;2,174452836;0,01466805;(-2.124291000, 0.614215600, 4.492766000);(-0.066703870, 1.631863000, 0.034154130);2,024391;0,03922573;;;-2,124291;0,6142156;4,492766
0,8555565;2,190423916;0,01597108;(-2.134030000, 0.602032700, 4.489332000);(-0.066749650, 1.631695000, 0.034283050);2,040205;0,05205481;;;-2,13403;0,6020327;4,489332
0,8666676;2,204166466;0,01374255;(-2.137794000, 0.588915800, 4.487708000);(-0.066800670, 1.631534000, 0.034397320);2,053483;0,06116151;;;-2,137794;0,5889158;4,487708
0,8777788;2,211838295;0,007671829;(-2.135064000, 0.581770800, 4.488299000);(-0.066834690, 1.631380000, 0.034527970);2,058067;0,06269143;;;-2,135064;0,5817708;4,488299
0,8888899;2,207340752;0,004497543;(-2.130836000, 0.582538300, 4.489629000);(-0.066915880, 1.631323000, 0.034644320);2,055073;0,05869713;;;-2,130836;0,5825383;4,489629
0,900001;2,201770290;0,005570462;(-2.126422000, 0.585600700, 4.491099000);(-0.066920430, 1.631239000, 0.034793810);2,050016;0,05314839;;;-2,126422;0,5856007;4,491099
0,9111122;2,195662890;0,0061074;(-2.120590000, 0.585289700, 4.492887000);(-0.067130430, 1.630909000, 0.035126520);2,047074;0,04875115;;;-2,12059;0,5852897;4,492887
0,9222233;2,179823120;0,01583977;(-2.105742000, 0.588202400, 4.497571000);(-0.067147910, 1.630729000, 0.035261760);2,036458;0,03647316;;;-2,105742;0,5882024;4,497571
0,9333345;2,169021470;0,01080165;(-2.095487000, 0.586854800, 4.500686000);(-0.067391530, 1.630735000, 0.035500360);2,032064;0,03323898;;;-2,095487;0,5868548;4,500686
0,9444456;2,160596969;0,008424501;(-2.087925000, 0.589660200, 4.503118000);(-0.067410050, 1.630522000, 0.035583810);2,025571;0,02918554;;;-2,087925;0,5896602;4,503118
0,9555568;2,156236467;0,004360502;(-2.088774000, 0.593935800, 4.503007000);(-0.067245420, 1.630258000, 0.035560500);2,022335;0,02496474;;;-2,088774;0,5939358;4,503007
0,9666679;2,143631347;0,01260512;(-2.098867000, 0.600920300, 4.500139000);(-0.067197410, 1.630086000, 0.035626060);2,02178;0,02182307;;;-2,098867;0,6009203;4,500139
0,977779;2,157481857;0,01385051;(-2.111472000, 0.605280200, 4.496405000);(-0.067510920, 1.630181000, 0.035919080);2,024932;0,02898778;;;-2,111472;0,6052802;4,496405
0,9888902;2,161287167;0,00380531;(-2.115102000, 0.605081100, 4.495278000);(-0.067313660, 1.630181000, 0.035851010);2,027102;0,03248062;;;-2,115102;0,6050811;4,495278
1,000001;2,148006487;0,01328068;(-2.102836000, 0.601540000, 4.498938000);(-0.067255320, 1.629910000, 0.035879090);2,023409;0,02398327;;;-2,102836;0,60154;4,498938
1,011112;2,135742297;0,01226419;(-2.091268000, 0.603380000, 4.502571000);(-0.067327220, 1.629901000, 0.036126570);2,015537;0,0160805;;;-2,091268;0,60338;4,502571
1,022224;2,123322207;0,01242009;(-2.082397000, 0.611529500, 4.505595000);(-0.067159270, 1.629805000, 0.036216990);2,003715;0,008753106;;;-2,082397;0,6115295;4,505595
1,033335;2,113592064;0,009730143;(-2.081352000, 0.621180800, 4.506258000);(-0.066794900, 1.629633000, 0.036209890);1,994831;0,006501216;;;-2,081352;0,6211808;4,506258
1,044446;2,099505184;0,01408688;(-2.087920000, 0.633541000, 4.504667000);(-0.066537140, 1.629551000, 0.036414340);1,987777;0,01475934;;;-2,08792;0,633541;4,504667
1,055557;2,091292760;0,008212424;(-2.094498000, 0.638089000, 4.502799000);(-0.066378460, 1.629449000, 0.036510180);1,98749;0,02071078;;;-2,094498;0,638089;4,502799
1,066668;2,100875298;0,009582538;(-2.093306000, 0.628581000, 4.502831000);(-0.066119240, 1.629358000, 0.036597260);1,994983;0,0116775;;;-2,093306;0,628581;4,502831
1,077779;2,112071998;0,0111967;(-2.089697000, 0.618007700, 4.503572000);(-0.066082130, 1.629338000, 0.036787340);2,002093;0,002829041;;;-2,089697;0,6180077;4,503572
1,08889;2,124041018;0,01196902;(-2.083929000, 0.607615500, 4.504984000);(-0.065908390, 1.629275000, 0.036873650);2,007918;0,01164927;;;-2,083929;0,6076155;4,504984
1,100002;2,133544866;0,009503848;(-2.076985000, 0.601418400, 4.506907000);(-0.065718400, 1.629200000, 0.036936950);2,009539;0,02027765;;;-2,076985;0,6014184;4,506907
1,111113;2,122440516;0,01110435;(-2.079342000, 0.612264200, 4.506563000);(-0.065537110, 1.629154000, 0.036986060);2,001433;0,01038506;;;-2,079342;0,6122642;4,506563
