time;total distance traveled;distance to prev position;controller position;controller rotation;camera position;tracker distance to hmd;distance to prev target;distance to current target
(-2.598156000, 2.745941000, 4.208538000);(-3.820551000, 1.424571000, 3.336911000)

0;0,000390121;0,000390121;(-0.284653600, 1.574968000, 0.544610700);(344.68, 328.31, 217.11);(-0.056275910, 1.651312000, 0.037380710);0,561486500;4,488634;4,508008;;;-0,2846536;1,574968;0,5446107
0,01111111;0,0005081001;0,0001179791;(-0.284692100, 1.575019000, 0.544511700);(344.57, 328.26, 217.28);(-0.056203800, 1.651348000, 0.037332250);0,561483800;4,488681;4,508041;;;-0,2846921;1,575019;0,5445117
0,02222222;0,0008366754;0,0003285753;(-0.284824000, 1.574815000, 0.544290700);(344.52, 328.19, 217.40);(-0.056126370, 1.651187000, 0.037258700);0,561441700;4,488847;4,508067;;;-0,284824;1,574815;0,5442907
0,03333334;0,0011701673;0,0003334919;(-0.284989600, 1.574533000, 0.544226500);(344.60, 328.07, 217.30);(-0.056086220, 1.651193000, 0.037202550);0,561557700;4,488888;4,507968;;;-0,2849896;1,574533;0,5442265
0,04444445;0,0013697852;0,0001996179;(-0.284921800, 1.574719000, 0.544206600);(344.84, 327.96, 216.97);(-0.056044760, 1.651235000, 0.037161300);0,561546300;4,48889;4,508039;;;-0,2849218;1,574719;0,5442066
0,05555556;0,0011902664;0,0001795188;(-0.284834800, 1.574822000, 0.544325600);(344.95, 327.91, 216.76);(-0.055984500, 1.651294000, 0.037142760);0,561653700;4,488811;4,508038;;;-0,2848348;1,574822;0,5443256
0,06666667;0,0008988716;0,0002913948;(-0.284624200, 1.574929000, 0.544495800);(344.87, 327.85, 216.74);(-0.055897080, 1.651372000, 0.037253690);0,561653100;4,488753;4,508101;;;-0,2846242;1,574929;0,5444958
0,07777778;0,0011672614;0,0002683898;(-0.284378300, 1.574972000, 0.544594400);(344.77, 327.85, 216.87);(-0.055777230, 1.651508000, 0.037301250);0,561660500;4,488788;4,508234;;;-0,2843783;1,574972;0,5445944
0,08888889;0,0008096351;0,0003576263;(-0.284194000, 1.574863000, 0.544880900);(344.75, 327.90, 217.04);(-0.055676420, 1.651552000, 0.037480900);0,561743900;4,488678;4,508198;;;-0,284194;1,574863;0,5448809
0,1;0,0006274945;0,0001821406;(-0.284108100, 1.575011000, 0.544943300);(344.76, 327.99, 217.31);(-0.055596010, 1.651625000, 0.037515000);0,561757000;4,488632;4,508231;;;-0,2841081;1,575011;0,5449433
0,1111111;0,0009000646;0,0002725701;(-0.284121500, 1.575250000, 0.544811500);(344.74, 328.03, 217.37);(-0.055492090, 1.651730000, 0.037563450);0,561623800;4,488671;4,50831;;;-0,2841215;1,57525;0,5448115
0,1222222;0,00099270249;0,00009263789;(-0.284161200, 1.575287000, 0.544736400);(344.68, 328.02, 217.18);(-0.055444660, 1.651747000, 0.037580080);0,561573600;4,488702;4,508327;;;-0,2841612;1,575287;0,5447364
0,1333333;0,00111420919;0,0001215067;(-0.284132500, 1.575299000, 0.544619000);(344.64, 327.97, 216.97);(-0.055403180, 1.651768000, 0.037615250);0,561442300;4,488809;4,508423;;;-0,2841325;1,575299;0,544619
0,1444445;0,00137596199;0,0002617528;(-0.284067400, 1.575064000, 0.544524300);(344.67, 327.88, 216.86);(-0.055379800, 1.651769000, 0.037649460);0,561341200;4,488982;4,508524;;;-0,2840674;1,575064;0,5445243
0,1555556;0,00164435329;0,0002683913;(-0.283859200, 1.575071000, 0.544355200);(344.72, 327.85, 216.94);(-0.055377800, 1.651797000, 0.037589200);0,561161700;4,489225;4,508793;;;-0,2838592;1,575071;0,5443552
0,1666667;0,00183639909;0,0001920458;(-0.283771100, 1.574991000, 0.544203900);(344.73, 327.89, 216.96);(-0.055385430, 1.651805000, 0.037617870);0,560972200;4,489415;4,508953;;;-0,2837711;1,574991;0,5442039
0,1777778;0,00234236529;0,0005059662;(-0.283814900, 1.574621000, 0.543862200);(344.70, 327.89, 216.95);(-0.055499960, 1.651751000, 0.037665080);0,560635700;4,489768;4,509118;;;-0,2838149;1,574621;0,5438622
0,1888889;0,00329473399;0,0009523687;(-0.284057300, 1.574052000, 0.543137900);(344.61, 327.85, 217.09);(-0.055592330, 1.651698000, 0.037669730);0,560110100;4,490382;4,509357;;;-0,2840573;1,574052;0,5431379
0,2;0,00517638499;0,001881651;(-0.284776600, 1.572717000, 0.542023700);(344.57, 327.72, 217.20);(-0.055780100, 1.651689000, 0.037623600);0,559549300;4,49127;4,50944;;;-0,2847766;1,572717;0,5420237
0,2111111;0,00734802799;0,002171643;(-0.285629400, 1.571156000, 0.540777900);(344.64, 327.49, 217.23);(-0.055968140, 1.651546000, 0.037680460);0,558850500;4,492256;4,509492;;;-0,2856294;1,571156;0,5407779
0,2222222;0,01151618499;0,004168157;(-0.287335600, 1.567833000, 0.538929300);(344.74, 327.21, 217.29);(-0.056237730, 1.651372000, 0.037612390);0,558304300;4,493757;4,509195;;;-0,2873356;1,567833;0,5389293
0,2333333;0,01550861399;0,003992429;(-0.288918000, 1.564678000, 0.537062300);(345.01, 326.60, 217.59);(-0.056646260, 1.651234000, 0.037542180);0,557640000;4,495297;4,509015;;;-0,288918;1,564678;0,5370623
0,2444444;0,02122168199;0,005713068;(-0.291163900, 1.560073000, 0.534535800);(345.26, 326.09, 218.21);(-0.056966410, 1.651104000, 0.037395430);0,557031200;4,49742;4,508686;;;-0,2911639;1,560073;0,5345358
0,2555556;0,02681488499;0,005593203;(-0.293148100, 1.555398000, 0.532192900);(345.63, 325.37, 219.41);(-0.057511530, 1.650980000, 0.037347390);0,556356700;4,499552;4,508451;;;-0,2931481;1,555398;0,5321929
0,2666667;0,03285071999;0,006035835;(-0.295431000, 1.550396000, 0.529701700);(346.19, 324.59, 220.53);(-0.057864830, 1.650754000, 0.037202910);0,555935700;4,501745;4,508074;;;-0,295431;1,550396;0,5297017
0,2777778;0,03995564699;0,007104927;(-0.298431700, 1.544459000, 0.527207500);(346.71, 323.94, 221.30);(-0.058217920, 1.650517000, 0.036990710);0,556114700;4,50383;4,507121;;;-0,2984317;1,544459;0,5272075
0,2888889;0,04680144999;0,006845803;(-0.301202100, 1.538710000, 0.524730100);(347.30, 323.45, 221.63);(-0.058447830, 1.650278000, 0.036814940);0,556271900;4,505979;4,506352;;;-0,3012021;1,53871;0,5247301
0,3;0,05517490599;0,008373456;(-0.304961400, 1.531880000, 0.521674000);(347.86, 322.93, 221.81);(-0.058735050, 1.649990000, 0.036568000);0,556691400;4,508398;4,505158;;;-0,3049614;1,53188;0,521674
0,3111111;0,06272175199;0,007546846;(-0.308557800, 1.526016000, 0.518569600);(348.44, 322.25, 222.09);(-0.059105100, 1.649731000, 0.036368800);0,556821100;4,510692;4,504158;;;-0,3085578;1,526016;0,5185696
0,3222222;0,07081652099;0,008094769;(-0.312380200, 1.519621000, 0.515405500);(349.03, 321.57, 222.52);(-0.059456810, 1.649651000, 0.036090980);0,557333500;4,513076;4,503021;;;-0,3123802;1,519621;0,5154055
0,3333333;0,07908646699;0,008269946;(-0.316258100, 1.513075000, 0.512164100);(349.59, 320.77, 222.51);(-0.059839680, 1.649534000, 0.035889640);0,557861000;4,51555;4,5019;;;-0,3162581;1,513075;0,5121641
0,3444445;0,08766450399;0,008578037;(-0.320113000, 1.506007000, 0.509202600);(350.15, 320.08, 222.46);(-0.060141580, 1.649464000, 0.035700390);0,558900100;4,517964;4,500627;;;-0,320113;1,506007;0,5092026
0,3555556;0,09646342599;0,008798922;(-0.324127800, 1.498772000, 0.506209900);(350.85, 319.48, 222.33);(-0.060496300, 1.649486000, 0.035526410);0,560142000;4,520383;4,499262;;;-0,3241278;1,498772;0,5062099
0,3666667;0,10499760499;0,008534179;(-0.328003000, 1.491675000, 0.503480900);(351.63, 319.05, 222.34);(-0.060805370, 1.649352000, 0.035303430);0,561646300;4,522635;4,497858;;;-0,328003;1,491675;0,5034809
0,3777778;0,11364640599;0,008648801;(-0.332180200, 1.484623000, 0.500720500);(352.36, 318.63, 222.38);(-0.061085730, 1.649213000, 0.035062440);0,563399900;4,524763;4,496256;;;-0,3321802;1,484623;0,5007205
0,3888889;0,12183759899;0,008191193;(-0.336039100, 1.477956000, 0.497935700);(352.95, 318.13, 222.72);(-0.061183410, 1.648957000, 0.034765140);0,565078800;4,526978;4,494937;;;-0,3360391;1,477956;0,4979357
0,4;0,13059286199;0,008755263;(-0.340306700, 1.470927000, 0.494929100);(353.53, 317.60, 222.98);(-0.061535320, 1.648820000, 0.034633350);0,566772900;4,529286;4,493453;;;-0,3403067;1,470927;0,4949291
0,4111111;0,13910506699;0,008512205;(-0.344285300, 1.464017000, 0.491948800);(353.95, 317.00, 223.52);(-0.061864160, 1.648837000, 0.034530410);0,568464300;4,531699;4,492193;;;-0,3442853;1,464017;0,4919488
0,4222222;0,14739251999;0,008287453;(-0.347974900, 1.457263000, 0.488874100);(354.59, 316.46, 223.97);(-0.062223500, 1.648793000, 0.034492680);0,569912300;4,534303;4,491233;;;-0,3479749;1,457263;0,4888741
0,4333333;0,15555543399;0,008162914;(-0.351799000, 1.450645000, 0.486009200);(355.54, 315.98, 224.32);(-0.062598570, 1.648828000, 0.034487020);0,571651600;4,536643;4,490052;;;-0,351799;1,450645;0,4860092
0,4444444;0,16244643299;0,006890999;(-0.355459500, 1.445492000, 0.483264200);(356.28, 315.50, 224.41);(-0.063025970, 1.648862000, 0.034476170);0,572963800;4,538559;4,488942;;;-0,3554595;1,445492;0,4832642
0,4555556;0,16907467399;0,006628241;(-0.359023700, 1.440628000, 0.480513200);(356.89, 315.02, 224.36);(-0.063382250, 1.648815000, 0.034519560);0,574156800;4,540454;4,487922;;;-0,3590237;1,440628;0,4805132
0,4666667;0,17459597399;0,0055213;(-0.362356700, 1.437077000, 0.477912600);(357.35, 314.57, 224.30);(-0.063690480, 1.648911000, 0.034642530);0,574946600;4,54197;4,486997;;;-0,3623567;1,437077;0,4779126
0,4777778;0,18056727299;0,005971299;(-0.366428900, 1.433491000, 0.475419500);(357.56, 314.18, 224.12);(-0.064013050, 1.648970000, 0.034759710);0,576253100;4,54305;4,485441;;;-0,3664289;1,433491;0,4754195
0,4888889;0,18591051999;0,005343247;(-0.370001400, 1.430418000, 0.472899800);(357.75, 313.83, 224.00);(-0.064341500, 1.648993000, 0.034849240);0,577140600;4,544256;4,484294;;;-0,3700014;1,430418;0,4728998
0,5;0,19139144499;0,005480925;(-0.373470800, 1.427014000, 0.470366900);(357.90, 313.52, 223.53);(-0.064607610, 1.648948000, 0.034918260);0,578157900;4,545626;4,483241;;;-0,3734708;1,427014;0,4703669
0,5111111;0,19594039399;0,004548949;(-0.376679700, 1.424527000, 0.468314800);(358.13, 313.18, 223.23);(-0.064938380, 1.648852000, 0.034984540);0,579033200;4,546467;4,482087;;;-0,3766797;1,424527;0,4683148
0,5222223;0,20036996799;0,004429574;(-0.379707300, 1.422038000, 0.466251000);(358.42, 312.87, 223.30);(-0.065329090, 1.648679000, 0.035074480);0,579752300;4,54741;4,481083;;;-0,3797073;1,422038;0,466251
0,5333334;0,20474602799;0,00437606;(-0.382756300, 1.419668000, 0.464193600);(358.72, 312.55, 223.57);(-0.065754490, 1.648637000, 0.035164550);0,580502300;4,548308;4,480063;;;-0,3827563;1,419668;0,4641936
0,5444446;0,20918156499;0,004435537;(-0.386454900, 1.418022000, 0.462380600);(358.98, 312.25, 223.76);(-0.066008910, 1.648502000, 0.035293650);0,581558100;4,548481;4,478391;;;-0,3864549;1,418022;0,4623806
0,5555557;0,21322807299;0,004046508;(-0.389656900, 1.416344000, 0.460562500);(359.07, 311.93, 223.90);(-0.066286400, 1.648390000, 0.035404990);0,582385200;4,548913;4,477107;;;-0,3896569;1,416344;0,4605625
0,5666668;0,21634258599;0,003114513;(-0.392130200, 1.415212000, 0.459045300);(359.15, 311.61, 223.71);(-0.066614750, 1.648318000, 0.035484860);0,582839700;4,549295;4,47619;;;-0,3921302;1,415212;0,4590453
0,577778;0,21895814899;0,002615563;(-0.394325900, 1.414369000, 0.457901000);(359.28, 311.45, 223.25);(-0.066951980, 1.648292000, 0.035652230);0,583255900;4,54942;4,475246;;;-0,3943259;1,414369;0,457901
0,5888891;0,22196269599;0,003004547;(-0.396566900, 1.413124000, 0.456333900);(359.49, 311.48, 223.10);(-0.067268540, 1.648169000, 0.035768760);0,583573700;4,549992;4,474542;;;-0,3965669;1,413124;0,4563339
0,6000003;0,21941403699;0,002548659;(-0.398796600, 1.412602000, 0.455215300);(359.60, 311.31, 223.12);(-0.067452150, 1.647938000, 0.035988760);0,583886000;4,549989;4,473558;;;-0,3987966;1,412602;0,4552153
0,6111114;0,22171864799;0,002304611;(-0.400617400, 1.411801000, 0.454051200);(359.63, 311.17, 223.39);(-0.067756330, 1.647776000, 0.036099560);0,584092400;4,550305;4,472918;;;-0,4006174;1,411801;0,4540512
0,6222225;0,22403451599;0,002315868;(-0.402611600, 1.411638000, 0.452885300);(359.64, 311.03, 223.56);(-0.068066850, 1.647808000, 0.036049620);0,584335900;4,550353;4,472146;;;-0,4026116;1,411638;0,4528853
0,6333337;0,22627530599;0,00224079;(-0.404449500, 1.411350000, 0.451636000);(359.69, 310.91, 223.54);(-0.068510160, 1.647721000, 0.036268360);0,584171900;4,550581;4,471548;;;-0,4044495;1,41135;0,451636
0,6444448;0,22870695999;0,002431654;(-0.406079500, 1.411160000, 0.449841600);(359.78, 310.75, 223.34);(-0.068848040, 1.647445000, 0.036200470);0,583656400;4,551333;4,471462;;;-0,4060795;1,41116;0,4498416
0,655556;0,23072575499;0,002018795;(-0.407738100, 1.411026000, 0.448698600);(359.86, 310.51, 223.09);(-0.069138040, 1.647272000, 0.036227650);0,583604700;4,551518;4,470934;;;-0,4077381;1,411026;0,4486986
0,6666671;0,23227941699;0,001553662;(-0.408818500, 1.410638000, 0.447651800);(359.97, 310.32, 222.90);(-0.069416050, 1.647135000, 0.036222290);0,583437500;4,551977;4,470787;;;-0,4088185;1,410638;0,4476518
0,6777782;0,23095284299;0,001326574;(-0.409980400, 1.410560000, 0.447016400);(0.06, 310.23, 222.83);(-0.069657340, 1.646985000, 0.036241240);0,583483400;4,551967;4,470312;;;-0,4099804;1,41056;0,4470164
0,6888894;0,22952872899;0,001424114;(-0.411235600, 1.410482000, 0.446348100);(0.15, 310.25, 222.73);(-0.069930320, 1.646857000, 0.036245770);0,583563600;4,551938;4,469786;;;-0,4112356;1,410482;0,4463481
0,7000005;0,22990813239;0,0003794034;(-0.411550600, 1.410373000, 0.446166800);(0.19, 310.24, 222.78);(-0.070172380, 1.646850000, 0.036239220);0,583524800;4,551969;4,469664;;;-0,4115506;1,410373;0,4461668
0,7111117;0,23095551039;0,001047378;(-0.412332600, 1.410233000, 0.445484400);(0.02, 310.24, 223.22);(-0.070445760, 1.646715000, 0.036252810);0,583336100;4,552198;4,469509;;;-0,4123326;1,410233;0,4454844
0,7222228;0,22987343139;0,001082079;(-0.413272000, 1.410230000, 0.444947300);(359.84, 310.13, 223.50);(-0.070738880, 1.646596000, 0.036305500);0,583254800;4,552192;4,469141;;;-0,413272;1,41023;0,4449473
0,7333339;0,23069893109;0,0008254997;(-0.413669300, 1.410018000, 0.444255500);(359.81, 310.07, 223.60);(-0.070999920, 1.646501000, 0.036105350);0,583038000;4,552636;4,469286;;;-0,4136693;1,410018;0,4442555
0,7444451;0,23163259199;0,0009336609;(-0.414463800, 1.409967000, 0.443767800);(359.91, 310.14, 223.62);(-0.071294370, 1.646403000, 0.036055460);0,583006700;4,552673;4,468996;;;-0,4144638;1,409967;0,4437678
0,7555562;0,23226022829;0,0006276363;(-0.414962600, 1.410033000, 0.443392600);(359.98, 310.19, 223.53);(-0.071571800, 1.646348000, 0.035979220);0,582878900;4,552724;4,468859;;;-0,4149626;1,410033;0,4433926
0,7666674;0,23268466079;0,0004244325;(-0.415250800, 1.409849000, 0.443141300);(359.96, 310.19, 223.29);(-0.071844320, 1.646285000, 0.035887070);0,582825700;4,552848;4,468802;;;-0,4152508;1,409849;0,4431413
0,7777785;0,23217823739;0,0005064234;(-0.415716500, 1.409843000, 0.442942300);(359.84, 310.12, 223.36);(-0.072127450, 1.646072000, 0.035869070);0,582723200;4,552792;4,468576;;;-0,4157165;1,409843;0,4429423
0,7888896;0,23153999669;0,0006382407;(-0.416271600, 1.410019000, 0.442681400);(359.82, 310.13, 223.58);(-0.072382700, 1.645951000, 0.035679770);0,582729600;4,55269;4,468322;;;-0,4162716;1,410019;0,4426814
0,8000008;0,23086503919;0,0006749575;(-0.416839200, 1.410204000, 0.442366700);(359.74, 310.06, 223.78);(-0.072836320, 1.645929000, 0.035769060);0,582431000;4,552624;4,468093;;;-0,4168392;1,410204;0,4423667
0,8111119;0,23161399599;0,0007489568;(-0.416662000, 1.409733000, 0.441812700);(359.67, 309.97, 223.74);(-0.073198720, 1.646073000, 0.035831340);0,581931900;4,553305;4,468588;;;-0,416662;1,409733;0,4418127
0,8222231;0,23144933139;0,0001646646;(-0.416806800, 1.409657000, 0.441834100);(359.60, 309.85, 223.64);(-0.073420820, 1.646080000, 0.035774660);0,581974300;4,55324;4,468464;;;-0,4168068;1,409657;0,4418341
0,8333342;0,23197721379;0,0005278824;(-0.416548900, 1.409206000, 0.441739100);(359.76, 309.89, 223.38);(-0.073697850, 1.646127000, 0.035834380);0,581753100;4,553575;4,468724;;;-0,4165489;1,409206;0,4417391
0,8444453;0,23265182459;0,0006746108;(-0.415988300, 1.408988000, 0.442043900);(359.79, 309.93, 223.28);(-0.073909030, 1.646167000, 0.035828660);0,581621100;4,553656;4,468954;;;-0,4159883;1,408988;0,4420439
0,8555565;0,23211604709;0,0005357775;(-0.415884900, 1.409209000, 0.442520500);(359.74, 310.02, 223.32);(-0.073991820, 1.646043000, 0.035850000);0,581688900;4,553246;4,468723;;;-0,4158849;1,409209;0,4425205
