time;total distance traveled;distance to prev position;ray position;hmd position;distance to prev target;distance to current target
(-0.551557500, 0.407142500, 4.845052000);(-1.111623000, 2.327013000, 4.865576000);0,2444444;0,2222222
True

0;-0,008468312;0,008468312;(-0.576426000, 0.377924000, 4.842050000);(-0.046086470, 1.623021000, 0.051934640);0,03848611;2,021371;;;-0,576426;0,377924;4,84205
0,01111111;-0,004770685;0,003697627;(-0.574782400, 0.374611800, 4.842069000);(-0.046075160, 1.623017000, 0.052035280);0,04008169;2,024999;;;-0,5747824;0,3746118;4,842069
0,02222222;-0,015173685;0,010403;(-0.564423100, 0.374121800, 4.842886000);(-0.046072240, 1.623024000, 0.052097810);0,03550464;2,028233;;;-0,5644231;0,3741218;4,842886
0,03333334;-0,029278485;0,0141048;(-0.551452900, 0.379526000, 4.844116000);(-0.046121640, 1.622974000, 0.052197080);0,02763257;2,026563;;;-0,5514529;0,379526;4,844116
0,04444445;-0,037378540;0,008100055;(-0.544394500, 0.383437200, 4.844818000);(-0.046163410, 1.622917000, 0.052264700);0,02476503;2,024764;;;-0,5443945;0,3834372;4,844818
0,05555556;-0,043431312;0,006052772;(-0.541598400, 0.388789900, 4.845227000);(-0.046162290, 1.622861000, 0.052296590);0,02088144;2,020409;;;-0,5415984;0,3887899;4,845227
0,06666667;-0,048454538;0,005023226;(-0.541405700, 0.393805900, 4.845414000);(-0.046068190, 1.622782000, 0.052271380);0,01676473;2,01565;;;-0,5414057;0,3938059;4,845414
0,07777778;-0,055267520;0,006812982;(-0.547730900, 0.396301600, 4.844989000);(-0.046006020, 1.622755000, 0.052313400);0,01149669;2,011479;;;-0,5477309;0,3963016;4,844989
0,08888889;-0,063917123;0,008649603;(-0.555652900, 0.399734900, 4.844469000);(-0.046119490, 1.622745000, 0.052438750);0,008484435;2,005979;;;-0,5556529;0,3997349;4,844469
0,1;-0,054331794;0,009585329;(-0.565124900, 0.401016000, 4.843750000);(-0.046101750, 1.622773000, 0.052423670);0,01494338;2,00215;;;-0,5651249;0,401016;4,84375
0,1111111;-0,044390924;0,00994087;(-0.569698300, 0.392215000, 4.843081000);(-0.046184630, 1.622748000, 0.052411090);0,02357553;2,009386;;;-0,5696983;0,392215;4,843081
0,1222222;-0,030939594;0,01345133;(-0.569485800, 0.378772700, 4.842637000);(-0.046247420, 1.622726000, 0.052614340);0,03364673;2,022395;;;-0,5694858;0,3787727;4,842637
0,1333333;-0,024877758;0,006061836;(-0.570705800, 0.372842500, 4.842337000);(-0.046283700, 1.622722000, 0.052632700);0,03937668;2,027786;;;-0,5707058;0,3728425;4,842337
0,1444445;-0,020527654;0,004350104;(-0.572388100, 0.368840100, 4.842064000);(-0.046308360, 1.622723000, 0.052711740);0,04370258;2,031199;;;-0,5723881;0,3688401;4,842064
0,1555556;-0,022132139;0,001604485;(-0.572564500, 0.370434300, 4.842104000);(-0.046340540, 1.622882000, 0.052783110);0,04239665;2,029615;;;-0,5725645;0,3704343;4,842104
0,1666667;-0,0211349789;0,0009971601;(-0.571953700, 0.369646500, 4.842127000);(-0.046340540, 1.622882000, 0.052783110);0,04278442;2,030536;;;-0,5719537;0,3696465;4,842127
0,1777778;-0,0211349789;0;(-0.571953700, 0.369646500, 4.842127000);(-0.046441800, 1.623091000, 0.052920710);0,04278442;2,030536;;;-0,5719537;0,3696465;4,842127
0,1888889;-0,0344834789;0,0133485;(-0.568408400, 0.382495200, 4.842852000);(-0.046719090, 1.623339000, 0.052925120);0,029938;2,019096;;;-0,5684084;0,3824952;4,842852
0,2;-0,0466658889;0,01218241;(-0.568466800, 0.394670500, 4.843263000);(-0.046965870, 1.623540000, 0.052986520);0,02108726;2,007353;;;-0,5684668;0,3946705;4,843263
0,2111111;-0,0335084589;0,01315743;(-0.573281300, 0.406915400, 4.843294000);(-0.047024920, 1.623838000, 0.053106170);0,02179598;1,994263;;;-0,5732813;0,4069154;4,843294
0,2222222;-0,0212949289;0,01221353;(-0.578385500, 0.418011200, 4.843262000);(-0.047020440, 1.624094000, 0.053310830);0,02900119;1,982203;;;-0,5783855;0,4180112;4,843262
0,2333333;-0,0046678389;0,01662709;(-0.588637700, 0.431096000, 4.842884000);(-0.047100710, 1.624596000, 0.053469610);0,0441973;1,966858;;;-0,5886377;0,431096;4,842884
0,2444444;0,0207881911;0,02545603;(-0.604975900, 0.450606200, 4.842235000);(-0.047254340, 1.625083000, 0.053722690);0,06892421;1,943744;;;-0,6049759;0,4506062;4,842235
0,2555556;0,0688032711;0,04801508;(-0.641233700, 0.482029300, 4.840387000);(-0.047360210, 1.625525000, 0.053811330);0,1169256;1,904171;;;-0,6412337;0,4820293;4,840387
0,2666667;0,1387037211;0,06990045;(-0.698931700, 0.521349700, 4.837084000);(-0.047353280, 1.625854000, 0.053726930);0,186617;1,852444;;;-0,6989317;0,5213497;4,837084
0,2777778;0,2001565311;0,06145281;(-0.750378000, 0.554826900, 4.834084000);(-0.047454520, 1.626288000, 0.053770110);0,2479124;1,808904;;;-0,750378;0,5548269;4,834084
0,2888889;0,2447849211;0,04462839;(-0.789873700, 0.575458200, 4.831607000);(-0.047569980, 1.626750000, 0.053767820);0,2920711;1,781186;;;-0,7898737;0,5754582;4,831607
0,3;0,2767753811;0,03199046;(-0.812235500, 0.598312100, 4.830587000);(-0.047976610, 1.627285000, 0.053979740);0,3235862;1,754784;;;-0,8122355;0,5983121;4,830587
0,3111111;0,3150128311;0,03823745;(-0.820840700, 0.635564200, 4.831168000);(-0.048052670, 1.627775000, 0.054013030);0,3533874;1,716607;;;-0,8208407;0,6355642;4,831168
0,3222222;0,3627651911;0,04775236;(-0.840219300, 0.679207700, 4.831099000);(-0.048255740, 1.628460000, 0.054008590);0,3969127;1,670363;;;-0,8402193;0,6792077;4,831099
0,3333333;0,4373827611;0,07461757;(-0.868440300, 0.748282600, 4.831187000);(-0.048318620, 1.628996000, 0.054050040);0,4658148;1,597721;;;-0,8684403;0,7482826;4,831187
0,3444445;0,5085392811;0,07115652;(-0.904031300, 0.809893900, 4.830426000);(-0.048382490, 1.629503000, 0.054086340);0,5354067;1,53166;;;-0,9040313;0,8098939;4,830426
0,3555556;0,5708210411;0,06228176;(-0.931197200, 0.865938200, 4.830154000);(-0.048500570, 1.629927000, 0.054077580);0,5956858;1,4726;;;-0,9311972;0,8659382;4,830154
0,3666667;0,6358269511;0,06500591;(-0.946992800, 0.928989600, 4.831038000);(-0.048587800, 1.630331000, 0.054002270);0,6548968;1,408108;;;-0,9469928;0,9289896;4,831038
0,3777778;0,7037681811;0,06794123;(-0.962877300, 0.995040700, 4.832016000);(-0.048507870, 1.630658000, 0.053894180);0,7176197;1,340673;;;-0,9628773;0,9950407;4,832016
0,3888889;0,7848276511;0,08105947;(-0.981761500, 1.073861000, 4.833190000);(-0.048540260, 1.631085000, 0.053834010);0,7935551;1,260279;;;-0,9817615;1,073861;4,83319
0,4;0,8559478511;0,0711202;(-1.004229000, 1.141337000, 4.833687000);(-0.048652590, 1.631453000, 0.053869020);0,8626022;1,190957;;;-1,004229;1,141337;4,833687
0,4111111;0,9294229711;0,07347512;(-1.026702000, 1.211289000, 4.834268000);(-0.048693340, 1.631796000, 0.053808440);0,9340931;1,11939;;;-1,026702;1,211289;4,834268
0,4222222;1,0000116711;0,0705887;(-1.043934000, 1.279735000, 4.835220000);(-0.048709850, 1.632151000, 0.053687710);1,001973;1,049902;;;-1,043934;1,279735;4,83522
0,4333333;1,0651099811;0,06509831;(-1.060219000, 1.342758000, 4.836063000);(-0.048711390, 1.632499000, 0.053593980);1,064985;0,9860386;;;-1,060219;1,342758;4,836063
0,4444444;1,1206289411;0,05551896;(-1.066331000, 1.397922000, 4.837457000);(-0.048636440, 1.632829000, 0.053324360);1,116554;0,9306198;;;-1,066331;1,397922;4,837457
0,4555556;1,1808106211;0,06018168;(-1.077577000, 1.457033000, 4.838572000);(-0.048768610, 1.633271000, 0.053223710);1,174312;0,871065;;;-1,077577;1,457033;4,838572
0,4666667;1,2398553711;0,05904475;(-1.090506000, 1.514637000, 4.839500000);(-0.048773870, 1.633612000, 0.053048980);1,231682;0,8130688;;;-1,090506;1,514637;4,8395
0,4777778;1,2995744211;0,05971905;(-1.106303000, 1.572225000, 4.840196000);(-0.048746720, 1.633858000, 0.052940860);1,29042;0,7552338;;;-1,106303;1,572225;4,840196
0,4888889;1,3601249611;0,06055054;(-1.122567000, 1.630546000, 4.840880000);(-0.048689920, 1.634169000, 0.052755160);1,350106;0,6969907;;;-1,122567;1,630546;4,84088
0,5;1,4114126611;0,0512877;(-1.139602000, 1.678921000, 4.841162000);(-0.048684780, 1.634616000, 0.052642000);1,401154;0,649155;;;-1,139602;1,678921;4,841162
0,5111111;1,4595582611;0,0481456;(-1.150830000, 1.725734000, 4.841858000);(-0.048621420, 1.634957000, 0.052461460);1,448386;0,6030227;;;-1,15083;1,725734;4,841858
0,5222223;1,5025688611;0,0430106;(-1.149821000, 1.768705000, 4.843409000);(-0.048634660, 1.635328000, 0.052236390);1,487203;0,5600524;;;-1,149821;1,768705;4,843409
0,5333334;1,5496634811;0,04709462;(-1.139306000, 1.814547000, 4.845823000);(-0.048568760, 1.635763000, 0.052081120);1,525201;0,5135932;;;-1,139306;1,814547;4,845823
0,5444446;1,5975455511;0,04788207;(-1.125890000, 1.860435000, 4.848473000);(-0.048415380, 1.636025000, 0.051819040);1,562667;0,4671096;;;-1,12589;1,860435;4,848473
0,5555557;1,6472138011;0,04966825;(-1.110538000, 1.907585000, 4.851322000);(-0.048374790, 1.636253000, 0.051502540);1,601195;0,4196719;;;-1,110538;1,907585;4,851322
0,5666668;1,6947463111;0,04753251;(-1.101161000, 1.954124000, 4.853669000);(-0.048320870, 1.636512000, 0.051244330);1,641734;0,3732258;;;-1,101161;1,954124;4,853669
0,577778;1,7400665911;0,04532028;(-1.090855000, 1.998196000, 4.856006000);(-0.048294860, 1.636751000, 0.050870370);1,680003;0,3296121;;;-1,090855;1,998196;4,856006
0,5888891;1,7848491111;0,04478252;(-1.088401000, 2.042877000, 4.857732000);(-0.048225700, 1.637014000, 0.050586770);1,721624;0,2851913;;;-1,088401;2,042877;4,857732
0,6000003;1,8347655511;0,04991644;(-1.098031000, 2.091848000, 4.858630000);(-0.048131880, 1.637286000, 0.050339360);1,771172;0,2356604;;;-1,098031;2,091848;4,85863
0,6111114;1,8801523311;0,04538678;(-1.117415000, 2.132887000, 4.858471000);(-0.048097100, 1.637566000, 0.050042760);1,816196;0,1943429;;;-1,117415;2,132887;4,858471
0,6222225;1,9058852511;0,02573292;(-1.126932000, 2.156795000, 4.858522000);(-0.048156480, 1.637832000, 0.049606810);1,84188;0,1710508;;;-1,126932;2,156795;4,858522
0,6333337;1,9201551511;0,0142699;(-1.121915000, 2.170126000, 4.859382000);(-0.048281100, 1.638046000, 0.049319940);1,853004;0,1573462;;;-1,121915;2,170126;4,859382
0,6444448;1,9444706711;0,02431552;(-1.106862000, 2.189131000, 4.861245000);(-0.048686880, 1.638320000, 0.049233930);1,866577;0,1380324;;;-1,106862;2,189131;4,861245
0,655556;1,9721276211;0,02765695;(-1.093681000, 2.213371000, 4.863136000);(-0.048721760, 1.638495000, 0.048952240);1,885918;0,1150758;;;-1,093681;2,213371;4,863136
0,6666671;2,0030474111;0,03091979;(-1.083035000, 2.242342000, 4.864984000);(-0.048812730, 1.638611000, 0.048598070);1,910713;0,08936925;;;-1,083035;2,242342;4,864984
0,6777782;2,0324165911;0,02936918;(-1.079963000, 2.271523000, 4.866229000);(-0.048824470, 1.638788000, 0.048325020);1,937931;0,06388986;;;-1,079963;2,271523;4,866229
0,6888894;2,0573447611;0,02492817;(-1.072268000, 2.295191000, 4.867659000);(-0.048891310, 1.638878000, 0.048002440);1,958667;0,05065398;;;-1,072268;2,295191;4,867659
0,7000005;2,0781915311;0,02084677;(-1.058695000, 2.310930000, 4.869290000);(-0.048933160, 1.638968000, 0.047682480);1,970325;0,05544212;;;-1,058695;2,31093;4,86929
0,7111117;2,0884470811;0,01025555;(-1.050816000, 2.317438000, 4.870147000);(-0.048973890, 1.639066000, 0.047383920);1,974618;0,06172608;;;-1,050816;2,317438;4,870147
0,7222228;2,0994055911;0,01095851;(-1.061128000, 2.321077000, 4.869441000);(-0.049208420, 1.639127000, 0.047187050);1,980758;0,05098926;;;-1,061128;2,321077;4,869441
0,7333339;2,1248593411;0,02545375;(-1.082335000, 2.335100000, 4.868212000);(-0.049258310, 1.639269000, 0.046912630);1,99982;0,03049785;;;-1,082335;2,3351;4,868212
0,7444451;2,1715189611;0,04665962;(-1.126490000, 2.349870000, 4.865160000);(-0.049458220, 1.639400000, 0.046516610);2,026115;0,02726976;;;-1,12649;2,34987;4,86516
0,7555562;2,1892168011;0,01769784;(-1.142681000, 2.356937000, 4.864097000);(-0.049593570, 1.639517000, 0.046112130);2,03752;0,04315317;;;-1,142681;2,356937;4,864097
0,7666674;2,1839422031;0,005274598;(-1.137798000, 2.354968000, 4.864423000);(-0.049681610, 1.639644000, 0.045786330);2,034227;0,03831386;;;-1,137798;2,354968;4,864423
0,7777785;2,1661694631;0,01777274;(-1.120160000, 2.353262000, 4.865786000);(-0.049760660, 1.639659000, 0.045544040);2,02759;0,02760296;;;-1,12016;2,353262;4,865786
0,7888896;2,1761701031;0,01000064;(-1.111832000, 2.358732000, 4.866643000);(-0.049863580, 1.639773000, 0.045234630);2,030536;0,03173762;;;-1,111832;2,358732;4,866643
0,8000008;2,1852677101;0,009097607;(-1.112497000, 2.367802000, 4.866900000);(-0.049928010, 1.639940000, 0.044892020);2,03944;0,0408195;;;-1,112497;2,367802;4,8669
0,8111119;2,1879166441;0,002648934;(-1.113464000, 2.370268000, 4.866907000);(-0.049933960, 1.640066000, 0.044686390);2,042077;0,04331424;;;-1,113464;2,370268;4,866907
0,8222231;2,1850851441;0,0028315;(-1.114971000, 2.367879000, 4.866704000);(-0.049962360, 1.640152000, 0.044449280);2,040194;0,04101805;;;-1,114971;2,367879;4,866704
0,8333342;2,1783173741;0,00676777;(-1.118815000, 2.362332000, 4.866204000);(-0.049996110, 1.640148000, 0.044220160);2,035926;0,03604873;;;-1,118815;2,362332;4,866204
0,8444453;2,1571582841;0,02115909;(-1.127910000, 2.343277000, 4.864820000);(-0.049970790, 1.640170000, 0.044020430);2,020196;0,02302965;;;-1,12791;2,343277;4,86482
0,8555565;2,1333687641;0,02378952;(-1.134806000, 2.320548000, 4.863487000);(-0.050016680, 1.640269000, 0.043822300);2,00041;0,02415806;;;-1,134806;2,320548;4,863487
0,8666676;2,1245219811;0,008846783;(-1.139336000, 2.312975000, 4.862863000);(-0.050052260, 1.640321000, 0.043628520);1,994492;0,0311843;;;-1,139336;2,312975;4,862863
0,8777788;2,1188740621;0,005647919;(-1.143477000, 2.309162000, 4.862399000);(-0.050066770, 1.640371000, 0.043423780);1,992071;0,0366528;;;-1,143477;2,309162;4,862399
0,8888899;2,1151897251;0,003684337;(-1.141433000, 2.306097000, 4.862459000);(-0.050051230, 1.640309000, 0.043171480);1,988538;0,03654911;;;-1,141433;2,306097;4,862459
0,900001;2,1112141581;0,003975567;(-1.138467000, 2.303453000, 4.862607000);(-0.050196440, 1.640263000, 0.042948320);1,985136;0,03583994;;;-1,138467;2,303453;4,862607
0,9111122;2,1006803681;0,01053379;(-1.128056000, 2.302064000, 4.863399000);(-0.050186060, 1.640228000, 0.042747030);1,980761;0,0299541;;;-1,128056;2,302064;4,863399
0,9222233;2,1105235231;0,009843155;(-1.123889000, 2.310959000, 4.864038000);(-0.050182240, 1.640194000, 0.042457060);1,988075;0,0202626;;;-1,123889;2,310959;4,864038
0,9333345;2,1225320831;0,01200856;(-1.126986000, 2.322560000, 4.864186000);(-0.050165930, 1.640163000, 0.042390420);2,000077;0,01605565;;;-1,126986;2,32256;4,864186
