time;total distance traveled;distance to prev position;ray position;hmd position;distance to prev target;distance to current target
(-1.882264000, 2.867281000, 3.638101000);(-1.260789000, 1.410823000, 4.859778000);0,2777778;0,2666667
True

0;-0,03192376;0,03192376;(-1.872263000, 2.893207000, 3.661085000);(-0.034412550, 1.663382000, 0.039267790);0,03606141;2,002056;;;-1,872263;2,893207;3,661085
0,01111111;-0,033373061;0,001449301;(-1.872855000, 2.893711000, 3.659862000);(-0.034536750, 1.663356000, 0.039218970);0,03550463;2,003343;;;-1,872855;2,893711;3,659862
0,02222222;-0,029788137;0,003584924;(-1.871592000, 2.891511000, 3.662395000);(-0.034655210, 1.663302000, 0.039158890);0,03593305;1,999811;;;-1,871592;2,891511;3,662395
0,03333334;-0,021504945;0,008283192;(-1.868457000, 2.887246000, 3.668766000);(-0.034790690, 1.663336000, 0.039064710);0,03910951;1,991882;;;-1,868457;2,887246;3,668766
0,04444445;-0,014387235;0,00711771;(-1.865672000, 2.884010000, 3.674462000);(-0.034884260, 1.663442000, 0.039154950);0,04332715;1,985231;;;-1,865672;2,88401;3,674462
0,05555556;-0,019840496;0,005453261;(-1.865331000, 2.878580000, 3.674821000);(-0.035043700, 1.663436000, 0.039128610);0,04198483;1,980885;;;-1,865331;2,87858;3,674821
0,06666667;-0,024302415;0,004461919;(-1.867145000, 2.877484000, 3.670895000);(-0.035237480, 1.663356000, 0.039158350);0,03752439;1,982979;;;-1,867145;2,877484;3,670895
0,07777778;-0,027020805;0,00271839;(-1.868301000, 2.877866000, 3.668464000);(-0.035443720, 1.663341000, 0.039138560);0,03505575;1,985074;;;-1,868301;2,877866;3,668464
0,08888889;-0,030633936;0,003613131;(-1.869830000, 2.877606000, 3.665201000);(-0.035675790, 1.663289000, 0.039007790);0,03155305;1,98731;;;-1,86983;2,877606;3,665201
0,1;-0,028164041;0,002469895;(-1.868810000, 2.876843000, 3.667316000);(-0.035823420, 1.663219000, 0.038940140);0,03355559;1,985162;;;-1,86881;2,876843;3,667316
0,1111111;-0,022554783;0,005609258;(-1.866772000, 2.879492000, 3.671822000);(-0.035954490, 1.663229000, 0.038970240);0,03906608;1,983796;;;-1,866772;2,879492;3,671822
0,1222222;-0,015140561;0,007414222;(-1.866627000, 2.886861000, 3.672628000);(-0.036227700, 1.663236000, 0.039006600);0,04266119;1,988732;;;-1,866627;2,886861;3,672628
0,1333333;-0,025129144;0,009988583;(-1.870215000, 2.892753000, 3.665404000);(-0.036231920, 1.663148000, 0.038899070);0,03923563;1,998511;;;-1,870215;2,892753;3,665404
0,1444445;-0,033659248;0,008530104;(-1.873781000, 2.894968000, 3.657979000);(-0.036449580, 1.663146000, 0.038745710);0,03512274;2,005684;;;-1,873781;2,894968;3,657979
0,1555556;-0,037540995;0,003881747;(-1.875186000, 2.893114000, 3.654871000);(-0.036620810, 1.663148000, 0.038724370);0,0316016;2,006608;;;-1,875186;2,893114;3,654871
0,1666667;-0,047460917;0,009919922;(-1.877839000, 2.885778000, 3.648743000);(-0.036819070, 1.663165000, 0.038622450);0,02179378;2,005705;;;-1,877839;2,885778;3,648743
0,1777778;-0,055681704;0,008220787;(-1.880092000, 2.879810000, 3.643558000);(-0.037011640, 1.663168000, 0.038601580);0,01383687;2,005156;;;-1,880092;2,87981;3,643558
0,1888889;-0,062105171;0,006423467;(-1.881899000, 2.875248000, 3.639413000);(-0.037229600, 1.663170000, 0.038569640);0,008081825;2,004896;;;-1,881899;2,875248;3,639413
0,2;-0,068487243;0,006382072;(-1.882442000, 2.869085000, 3.637844000);(-0.037478460, 1.663146000, 0.038535480);0,001830731;2,001526;;;-1,882442;2,869085;3,637844
0,2111111;-0,062631924;0,005855319;(-1.880398000, 2.865433000, 3.641939000);(-0.037730440, 1.663156000, 0.038543650);0,004650793;1,99573;;;-1,880398;2,865433;3,641939
0,2222222;-0,060177893;0,002454031;(-1.879642000, 2.863631000, 3.643424000);(-0.037974690, 1.663143000, 0.038494710);0,006966337;1,993276;;;-1,879642;2,863631;3,643424
0,2333333;-0,057612818;0,002565075;(-1.878698000, 2.862200000, 3.645332000);(-0.038280810, 1.662932000, 0.038392730);0,009529895;1,990776;;;-1,878698;2,8622;3,645332
0,2444444;-0,049442156;0,008170662;(-1.876135000, 2.856306000, 3.650377000);(-0.038631200, 1.662710000, 0.038304520);0,01757011;1,982606;;;-1,876135;2,856306;3,650377
0,2555556;-0,031277376;0,01816478;(-1.870854000, 2.842286000, 3.660648000);(-0.038976820, 1.662470000, 0.038226550);0,03554339;1,964479;;;-1,870854;2,842286;3,660648
0,2666667;-0,004041216;0,02723616;(-1.862806000, 2.821529000, 3.676339000);(-0.039344790, 1.662298000, 0.038096440);0,0627216;1,937278;;;-1,862806;2,821529;3,676339
0,2777778;0,025211074;0,02925229;(-1.854216000, 2.799126000, 3.693073000);(-0.039709270, 1.662068000, 0.038039510);0,09194385;1,908074;;;-1,854216;2,799126;3,693073
0,2888889;0,069996024;0,04478495;(-1.841567000, 2.763824000, 3.717556000);(-0.040016890, 1.661732000, 0.037971150);0,1366484;1,863488;;;-1,841567;2,763824;3,717556
0,3;0,113488714;0,04349269;(-1.828167000, 2.731886000, 3.743863000);(-0.040336240, 1.661322000, 0.037900810);0,1801217;1,819999;;;-1,828167;2,731886;3,743863
0,3111111;0,169202784;0,05571407;(-1.808872000, 2.696649000, 3.782464000);(-0.040459510, 1.660766000, 0.037720270);0,2352501;1,764752;;;-1,808872;2,696649;3,782464
0,3222222;0,217835224;0,04863244;(-1.791911000, 2.666264000, 3.816437000);(-0.040930200, 1.660358000, 0.037686060);0,2835061;1,71662;;;-1,791911;2,666264;3,816437
0,3333333;0,265119234;0,04728401;(-1.775624000, 2.636086000, 3.848992000);(-0.041157780, 1.659912000, 0.037633370);0,3306034;1,669734;;;-1,775624;2,636086;3,848992
0,3444445;0,324002114;0,05888288;(-1.755572000, 2.597814000, 3.888997000);(-0.041276560, 1.659333000, 0.037473980);0,3893743;1,611265;;;-1,755572;2,597814;3,888997
0,3555556;0,387622514;0,0636204;(-1.734462000, 2.554881000, 3.930934000);(-0.041360970, 1.658851000, 0.037360910);0,4529794;1,547898;;;-1,734462;2,554881;3,930934
0,3666667;0,452285914;0,0646634;(-1.713141000, 2.510879000, 3.973249000);(-0.041583400, 1.658328000, 0.037158260);0,5176383;1,483469;;;-1,713141;2,510879;3,973249
0,3777778;0,530241014;0,0779551;(-1.687934000, 2.456521000, 4.023117000);(-0.041753930, 1.657793000, 0.036990470);0,5955884;1,405681;;;-1,687934;2,456521;4,023117
0,3888889;0,615071494;0,08483048;(-1.659492000, 2.400096000, 4.079717000);(-0.041877810, 1.657241000, 0.036881340);0,6803775;1,321409;;;-1,659492;2,400096;4,079717
0,4;0,703599224;0,08852773;(-1.629018000, 2.343536000, 4.140622000);(-0.041972650, 1.656719000, 0.036818750);0,7687455;1,233991;;;-1,629018;2,343536;4,140622
0,4111111;0,791877894;0,08827867;(-1.597974000, 2.289201000, 4.202888000);(-0.042046770, 1.656269000, 0.036797770);0,8567275;1,147496;;;-1,597974;2,289201;4,202888
0,4222222;0,882664854;0,09078696;(-1.565656000, 2.234624000, 4.267844000);(-0.042019620, 1.655842000, 0.036786210);0,9471384;1,059236;;;-1,565656;2,234624;4,267844
0,4333333;0,969745914;0,08708106;(-1.536057000, 2.177864000, 4.326880000);(-0.042100860, 1.655271000, 0.036771130);1,034201;0,9737073;;;-1,536057;2,177864;4,32688
0,4444444;1,063830914;0,094085;(-1.503925000, 2.116985000, 4.391014000);(-0.042117770, 1.654636000, 0.036707950);1,128257;0,8817709;;;-1,503925;2,116985;4,391014
0,4555556;1,158603364;0,09477245;(-1.471454000, 2.055974000, 4.455861000);(-0.042175340, 1.654164000, 0.036822090);1,222995;0,7897778;;;-1,471454;2,055974;4,455861
0,4666667;1,251725164;0,0931218;(-1.437626000, 2.002381000, 4.524090000);(-0.042127770, 1.653877000, 0.036929200);1,315573;0,7027799;;;-1,437626;2,002381;4,52409
0,4777778;1,335668044;0,08394288;(-1.405854000, 1.959147000, 4.588648000);(-0.042120640, 1.653540000, 0.037083990);1,39829;0,6286616;;;-1,405854;1,959147;4,588648
0,4888889;1,409269554;0,07360151;(-1.379044000, 1.917057000, 4.642748000);(-0.042080180, 1.653209000, 0.037243370);1,471555;0,5633469;;;-1,379044;1,917057;4,642748
0,5;1,451954284;0,04268473;(-1.371416000, 1.877296000, 4.656270000);(-0.042031600, 1.652868000, 0.037398520);1,509207;0,5208179;;;-1,371416;1,877296;4,65627
0,5111111;1,514873784;0,0629195;(-1.357058000, 1.822199000, 4.683049000);(-0.041998040, 1.652555000, 0.037563870);1,568424;0,457965;;;-1,357058;1,822199;4,683049
0,5222223;1,575116544;0,06024276;(-1.351233000, 1.762826000, 4.691419000);(-0.041950480, 1.652271000, 0.037681230);1,61595;0,4005389;;;-1,351233;1,762826;4,691419
0,5333334;1,638986594;0,06387005;(-1.344608000, 1.700068000, 4.701261000);(-0.041852640, 1.651860000, 0.037879650);1,667864;0,3403177;;;-1,344608;1,700068;4,701261
0,5444446;1,699289484;0,06030289;(-1.334965000, 1.642910000, 4.717889000);(-0.041806280, 1.651427000, 0.038044280);1,721791;0,2819562;;;-1,334965;1,64291;4,717889
0,5555557;1,750755264;0,05146578;(-1.323806000, 1.597091000, 4.738500000);(-0.041625430, 1.651028000, 0.038192580);1,770914;0,2310315;;;-1,323806;1,597091;4,7385
0,5666668;1,796866704;0,04611144;(-1.312595000, 1.557683000, 4.759655000);(-0.041527260, 1.650694000, 0.038371870);1,81589;0,1851387;;;-1,312595;1,557683;4,759655
0,577778;1,829968784;0,03310208;(-1.303874000, 1.530456000, 4.776341000);(-0.041393190, 1.650348000, 0.038528750);1,848574;0,1520865;;;-1,303874;1,530456;4,776341
0,5888891;1,869115184;0,0391464;(-1.291385000, 1.502731000, 4.800994000);(-0.041374910, 1.650064000, 0.038664650);1,887712;0,1133086;;;-1,291385;1,502731;4,800994
0,6000003;1,914559834;0,04544465;(-1.273976000, 1.480263000, 4.836452000);(-0.041355970, 1.649750000, 0.038817710);1,93129;0,07443036;;;-1,273976;1,480263;4,836452
0,6111114;1,957013094;0,04245326;(-1.256470000, 1.466833000, 4.872722000);(-0.041405290, 1.649471000, 0.038926610);1,969051;0,05764842;;;-1,25647;1,466833;4,872722
0,6222225;1,990993064;0,03397997;(-1.242952000, 1.452629000, 4.900474000);(-0.041367140, 1.649158000, 0.039106440);2,000886;0,0610087;;;-1,242952;1,452629;4,900474
0,6333337;2,011447774;0,02045471;(-1.235250000, 1.441922000, 4.916108000);(-0.041177260, 1.648693000, 0.039240250);2,020787;0,06922776;;;-1,23525;1,441922;4,916108
0,6444448;2,029946524;0,01849875;(-1.234772000, 1.423431000, 4.915878000);(-0.041070860, 1.648378000, 0.039416920);2,033879;0,06311102;;;-1,234772;1,423431;4,915878
0,655556;2,059745584;0,02979906;(-1.235648000, 1.393895000, 4.912027000);(-0.040947780, 1.648111000, 0.039487430);2,052284;0,0604033;;;-1,235648;1,393895;4,912027
0,6666671;2,085344204;0,02559862;(-1.239735000, 1.370790000, 4.901793000);(-0.040920390, 1.647813000, 0.039638290);2,06137;0,06173442;;;-1,239735;1,37079;4,901793
0,6777782;2,057415784;0,02792842;(-1.250828000, 1.362170000, 4.877655000);(-0.040881620, 1.647537000, 0.039736700);2,049529;0,0527817;;;-1,250828;1,36217;4,877655
0,6888894;2,034139774;0,02327601;(-1.260192000, 1.355746000, 4.857337000);(-0.040927410, 1.647307000, 0.039834030);2,039179;0,05513404;;;-1,260192;1,355746;4,857337
0,7000005;2,008241194;0,02589858;(-1.270965000, 1.351492000, 4.834173000);(-0.040964310, 1.647073000, 0.039914140);2,025313;0,06541654;;;-1,270965;1,351492;4,834173
0,7111117;2,021405554;0,01316436;(-1.267793000, 1.340199000, 4.840148000);(-0.041051430, 1.646896000, 0.039966650);2,038253;0,07363515;;;-1,267793;1,340199;4,840148
0,7222228;2,043031324;0,02162577;(-1.259995000, 1.327542000, 4.855854000);(-0.041080580, 1.646713000, 0.040032330);2,059354;0,08337687;;;-1,259995;1,327542;4,855854
0,7333339;2,085310514;0,04227919;(-1.242087000, 1.319803000, 4.893363000);(-0.040933730, 1.646573000, 0.040058860);2,092893;0,09880444;;;-1,242087;1,319803;4,893363
0,7444451;2,118742754;0,03343224;(-1.227898000, 1.321308000, 4.923597000);(-0.040914850, 1.646460000, 0.040169430);2,11441;0,1147502;;;-1,227898;1,321308;4,923597
0,7555562;2,138932814;0,02019006;(-1.220207000, 1.329300000, 4.940468000);(-0.040904330, 1.646279000, 0.040237670);2,121288;0,1216698;;;-1,220207;1,3293;4,940468
0,7666674;2,150069974;0,01113716;(-1.216564000, 1.335919000, 4.948650000);(-0.040841480, 1.646113000, 0.040230340);2,122679;0,1243566;;;-1,216564;1,335919;4,94865
0,7777785;2,137697904;0,01237207;(-1.221058000, 1.343040000, 4.939586000);(-0.040886330, 1.645945000, 0.040337810);2,110537;0,1119921;;;-1,221058;1,34304;4,939586
0,7888896;2,122619334;0,01507857;(-1.227492000, 1.343631000, 4.925961000);(-0.040873200, 1.645863000, 0.040347400);2,09972;0,1000183;;;-1,227492;1,343631;4,925961
0,8000008;2,106745594;0,01587374;(-1.234076000, 1.340823000, 4.911793000);(-0.040785760, 1.645835000, 0.040442240);2,091056;0,09120883;;;-1,234076;1,340823;4,911793
0,8111119;2,092834394;0,0139112;(-1.240004000, 1.340886000, 4.899208000);(-0.040802550, 1.645703000, 0.040442770);2,081531;0,0829329;;;-1,240004;1,340886;4,899208
0,8222231;2,070833234;0,02200116;(-1.249387000, 1.341388000, 4.879314000);(-0.040607590, 1.645628000, 0.040363680);2,066276;0,07302663;;;-1,249387;1,341388;4,879314
0,8333342;2,060428774;0,01040446;(-1.253827000, 1.342172000, 4.869938000);(-0.040631430, 1.645516000, 0.040341500);2,058717;0,06974671;;;-1,253827;1,342172;4,869938
0,8444453;2,068691630;0,008262856;(-1.250365000, 1.343244000, 4.877363000);(-0.040623430, 1.645415000, 0.040270280);2,063433;0,07060245;;;-1,250365;1,343244;4,877363
0,8555565;2,094698250;0,02600662;(-1.241260000, 1.356789000, 4.897611000);(-0.040619300, 1.645335000, 0.040252690);2,068535;0,06879176;;;-1,24126;1,356789;4,897611
0,8666676;2,076845920;0,01785233;(-1.237040000, 1.371020000, 4.907531000);(-0.040699560, 1.645205000, 0.040011060);2,065567;0,06654766;;;-1,23704;1,37102;4,907531
0,8777788;2,057438300;0,01940762;(-1.233937000, 1.388531000, 4.915300000);(-0.040655520, 1.644983000, 0.039980360);2,058705;0,06557917;;;-1,233937;1,388531;4,9153
0,8888899;2,036423860;0,02101444;(-1.236850000, 1.408776000, 4.910478000);(-0.040647800, 1.644991000, 0.039930230);2,040279;0,05610425;;;-1,23685;1,408776;4,910478
0,900001;2,015439850;0,02098401;(-1.244408000, 1.421088000, 4.895258000);(-0.040605950, 1.644998000, 0.039854470);2,019599;0,04040516;;;-1,244408;1,421088;4,895258
0,9111122;2,003145970;0,01229388;(-1.249179000, 1.426871000, 4.885515000);(-0.040627520, 1.644952000, 0.039800770);2,00789;0,03247601;;;-1,249179;1,426871;4,885515
0,9222233;1,994554512;0,008591458;(-1.252736000, 1.425299000, 4.877854000);(-0.040578750, 1.644974000, 0.039648300);2,003149;0,0245181;;;-1,252736;1,425299;4,877854
0,9333345;2,001367936;0,006813424;(-1.254224000, 1.419669000, 4.874316000);(-0.040542750, 1.644968000, 0.039590070);2,004555;0,01824038;;;-1,254224;1,419669;4,874316
0,9444456;2,008329937;0,006962001;(-1.255286000, 1.413333000, 4.871634000);(-0.040496260, 1.644929000, 0.039515800);2,007155;0,01330997;;;-1,255286;1,413333;4,871634
0,9555568;2,004554887;0,00377505;(-1.256895000, 1.413720000, 4.868242000);(-0.040340320, 1.644883000, 0.039467400);2,004289;0,009756318;;;-1,256895;1,41372;4,868242
0,9666679;1,995628873;0,008926014;(-1.259357000, 1.420867000, 4.863495000);(-0.040321410, 1.644876000, 0.039394920);1,995424;0,01080565;;;-1,259357;1,420867;4,863495
0,977779;1,982550303;0,01307857;(-1.263485000, 1.430239000, 4.855360000);(-0.040217770, 1.644843000, 0.039190780);1,982347;0,02009428;;;-1,263485;1,430239;4,85536
0,9888902;1,977861308;0,004688995;(-1.264186000, 1.434721000, 4.854174000);(-0.040228070, 1.644816000, 0.039070200);1,978151;0,02478053;;;-1,264186;1,434721;4,854174
1,000001;1,982600197;0,004738889;(-1.262763000, 1.437877000, 4.857409000);(-0.040268570, 1.644782000, 0.038876720);1,978306;0,02722907;;;-1,262763;1,437877;4,857409
1,011112;1,978775481;0,003824716;(-1.262019000, 1.441168000, 4.859210000);(-0.040293250, 1.644668000, 0.038643670);1,977273;0,03037568;;;-1,262019;1,441168;4,85921
1,022224;1,975253074;0,003522407;(-1.261168000, 1.443944000, 4.861204000);(-0.040194060, 1.644800000, 0.038652670);1,976773;0,0331543;;;-1,261168;1,443944;4,861204
1,033335;1,967007348;0,008245726;(-1.264326000, 1.448025000, 4.854773000);(-0.040150570, 1.644834000, 0.038581920);1,968864;0,03770368;;;-1,264326;1,448025;4,854773
1,044446;1,956331808;0,01067554;(-1.268826000, 1.450334000, 4.845371000);(-0.040111660, 1.644894000, 0.038518260);1,959986;0,04281742;;;-1,268826;1,450334;4,845371
1,055557;1,946807349;0,009524459;(-1.272876000, 1.451732000, 4.836865000);(-0.040058960, 1.644978000, 0.038488220);1,952477;0,04842218;;;-1,272876;1,451732;4,836865
1,066668;1,930455329;0,01635202;(-1.279075000, 1.445116000, 4.823256000);(-0.040076510, 1.645047000, 0.038448880);1,947045;0,05333205;;;-1,279075;1,445116;4,823256
1,077779;1,921888901;0,008566428;(-1.281873000, 1.440012000, 4.816971000);(-0.039957600, 1.645047000, 0.038404050);1,946099;0,05593783;;;-1,281873;1,440012;4,816971
