time;total distance traveled;distance to prev position;ray position;hmd position;distance to prev target;distance to current target
(0.443787700, 2.182472000, 4.939517000);(1.976545000, 0.960804000, 4.541797000);0,2555556;0,1555556
True

0;-0,008271453;0,008271453;(0.472992100, 2.172210000, 4.931846000);(0.023263100, 1.646305000, -0.017851890);0,0318913;1,969851;;;0,4729921;2,17221;4,931846
0,01111111;-0,011221567;0,002950114;(0.470282100, 2.171297000, 4.932570000);(0.023220330, 1.646247000, -0.017804090);0,02958197;1,971503;;;0,4702821;2,171297;4,93257
0,02222222;-0,016613383;0,005391816;(0.465093900, 2.170796000, 4.933950000);(0.023229910, 1.646178000, -0.017758790);0,02492531;1,975437;;;0,4650939;2,170796;4,93395
0,03333334;-0,018123730;0,001510347;(0.465349100, 2.172283000, 4.933871000);(0.023217630, 1.646093000, -0.017912930);0,02450697;1,976137;;;0,4653491;2,172283;4,933871
0,04444445;-0,008624049;0,009499681;(0.471964900, 2.178858000, 4.932070000);(0.023276400, 1.646059000, -0.017894810);0,02936777;1,974773;;;0,4719649;2,178858;4,93207
0,05555556;-0,000390771;0,008233278;(0.479775300, 2.180422000, 4.929988000);(0.023486150, 1.645990000, -0.017977420);0,03728415;1,969386;;;0,4797753;2,180422;4,929988
0,06666667;0,008035814;0,008426585;(0.487839800, 2.181589000, 4.927841000);(0.023535730, 1.646014000, -0.017940710);0,04558167;1,963566;;;0,4878398;2,181589;4,927841
0,07777778;0,011945243;0,003909429;(0.490308900, 2.184544000, 4.927165000);(0.023499520, 1.645995000, -0.017861190);0,04817755;1,963402;;;0,4903089;2,184544;4,927165
0,08888889;0,005994774;0,005950469;(0.485658000, 2.188054000, 4.928373000);(0.023537470, 1.646087000, -0.017767790);0,04368572;1,969347;;;0,485658;2,188054;4,928373
0,1;0,000207070;0,005787704;(0.481136400, 2.184654000, 4.929597000);(0.023544920, 1.646098000, -0.017703600);0,0387051;1,9709;;;0,4811364;2,184654;4,929597
0,1111111;-0,004937070;0,00514414;(0.479402800, 2.179836000, 4.930091000);(0.023631920, 1.646110000, -0.017583380);0,03693542;1,969326;;;0,4794028;2,179836;4,930091
0,1222222;-0,016883690;0,01194662;(0.468961500, 2.174754000, 4.932896000);(0.023673450, 1.646085000, -0.017549760);0,02715011;1,9747;;;0,4689615;2,174754;4,932896
0,1333333;-0,037202400;0,02031871;(0.449322600, 2.175004000, 4.938102000);(0.023754790, 1.646034000, -0.017530740);0,009402519;1,990916;;;0,4493226;2,175004;4,938102
0,1444445;-0,020564070;0,01663833;(0.434095900, 2.169678000, 4.942178000);(0.023800850, 1.646007000, -0.017513760);0,01626978;2,000208;;;0,4340959;2,169678;4,942178
0,1555556;-0,013154052;0,007410018;(0.431009900, 2.162997000, 4.943044000);(0.023797770, 1.645958000, -0.017536880);0,02355835;1,998736;;;0,4310099;2,162997;4,943044
0,1666667;-0,023178962;0,01002491;(0.439400900, 2.167995000, 4.940784000);(0.023848550, 1.645903000, -0.017486160);0,01518002;1,994822;;;0,4394009;2,167995;4,940784
0,1777778;0,009251808;0,03243077;(0.463759400, 2.188362000, 4.934178000);(0.023813930, 1.645971000, -0.017449920);0,02149535;1,987305;;;0,4637594;2,188362;4,934178
0,1888889;0,022144008;0,0128922;(0.470618400, 2.199112000, 4.932282000);(0.023840520, 1.645948000, -0.017404980);0,03238977;1,988392;;;0,4706184;2,199112;4,932282
0,2;0,032878168;0,01073416;(0.476727800, 2.207776000, 4.930600000);(0.023828090, 1.645892000, -0.017360450);0,04248336;1,988859;;;0,4767278;2,207776;4,9306
0,2111111;0,042855913;0,009977745;(0.486347700, 2.208470000, 4.928045000);(0.023829600, 1.645988000, -0.017312000);0,0511748;1,981552;;;0,4863477;2,20847;4,928045
0,2222222;0,060905123;0,01804921;(0.500619900, 2.198063000, 4.924334000);(0.023855730, 1.645943000, -0.017256800);0,06085625;1,963543;;;0,5006199;2,198063;4,924334
0,2333333;0,080661573;0,01975645;(0.510739800, 2.181290000, 4.921771000);(0.023793340, 1.645885000, -0.017058200);0,06927411;1,944878;;;0,5107398;2,18129;4,921771
0,2444444;0,108357513;0,02769594;(0.518905100, 2.154899000, 4.919794000);(0.023726240, 1.645755000, -0.017009440);0,08241285;1,921837;;;0,5189051;2,154899;4,919794
0,2555556;0,131640983;0,02328347;(0.526929500, 2.133131000, 4.917822000);(0.023655360, 1.645618000, -0.017013970);0,09908455;1,901876;;;0,5269295;2,133131;4,917822
0,2666667;0,164460873;0,03281989;(0.544674400, 2.105893000, 4.913311000);(0.023666380, 1.645452000, -0.017121140);0,1293415;1,870697;;;0,5446744;2,105893;4,913311
0,2777778;0,214747383;0,05028651;(0.587670600, 2.082359000, 4.902078000);(0.023553080, 1.645353000, -0.017124480);0,1792392;1,82117;;;0,5876706;2,082359;4,902078
0,2888889;0,265444743;0,05069736;(0.633154700, 2.063406000, 4.890152000);(0.023443070, 1.645221000, -0.017175380);0,2290708;1,772507;;;0,6331547;2,063406;4,890152
0,3;0,314902073;0,04945733;(0.677224200, 2.044157000, 4.878603000);(0.023338690, 1.645068000, -0.017219730);0,2780902;1,724914;;;0,6772242;2,044157;4,878603
0,3111111;0,358822333;0,04392026;(0.715695800, 2.025514000, 4.868535000);(0.023219480, 1.644860000, -0.017280400);0,3218823;1,682292;;;0,7156958;2,025514;4,868535
0,3222222;0,410947143;0,05212481;(0.756797100, 1.995289000, 4.857852000);(0.023100550, 1.644601000, -0.017381140);0,3737399;1,630287;;;0,7567971;1,995289;4,857852
0,3333333;0,461141503;0,05019436;(0.784627000, 1.954122000, 4.850766000);(0.022760560, 1.644333000, -0.017324510);0,4197523;1,582027;;;0,784627;1,954122;4,850766
0,3444445;0,511072913;0,04993141;(0.804060200, 1.908381000, 4.845940000);(0.022592780, 1.644159000, -0.017453670);0,462254;1,537897;;;0,8040602;1,908381;4,84594
0,3555556;0,574642393;0,06356948;(0.828809400, 1.850151000, 4.839793000);(0.022412460, 1.644016000, -0.017548270);0,5182894;1,48224;;;0,8288094;1,850151;4,839793
0,3666667;0,643587783;0,06894539;(0.864590000, 1.791919000, 4.830721000);(0.022203800, 1.643888000, -0.017632250);0,584331;1,417982;;;0,86459;1,791919;4,830721
0,3777778;0,742991173;0,09940339;(0.928202900, 1.717303000, 4.814385000);(0.021986500, 1.643760000, -0.017782220);0,6831532;1,321218;;;0,9282029;1,717303;4,814385
0,3888889;0,816356583;0,07336541;(0.975100900, 1.662185000, 4.802343000);(0.021742280, 1.643715000, -0.017907330);0,7561808;1,250084;;;0,9751009;1,662185;4,802343
0,4;0,895506883;0,0791503;(1.037226000, 1.615875000, 4.786200000);(0.021528210, 1.643716000, -0.017977840);0,8346904;1,17097;;;1,037226;1,615875;4,7862
0,4111111;0,967926033;0,07241915;(1.092042000, 1.570733000, 4.771987000);(0.021246250, 1.643729000, -0.018020280);0,9069313;1,098793;;;1,092042;1,570733;4,771987
0,4222222;1,053176683;0,08525065;(1.163211000, 1.527628000, 4.753423000);(0.020925430, 1.643737000, -0.018041440);0,9904653;1,0137;;;1,163211;1,527628;4,753423
0,4333333;1,145764893;0,09258821;(1.241271000, 1.482197000, 4.733047000);(0.020650310, 1.643671000, -0.018054190);1,081201;0,9214418;;;1,241271;1,482197;4,733047
0,4444444;1,233961003;0,08819611;(1.313161000, 1.434659000, 4.714324000);(0.020338160, 1.643660000, -0.017999590);1,168651;0,8332962;;;1,313161;1,434659;4,714324
0,4555556;1,311357983;0,07739698;(1.373049000, 1.388163000, 4.698775000);(0.020147010, 1.643712000, -0.017941780);1,245958;0,7559661;;;1,373049;1,388163;4,698775
0,4666667;1,382948373;0,07159039;(1.426002000, 1.341976000, 4.685063000);(0.019999280, 1.643863000, -0.017883010);1,317545;0,6847739;;;1,426002;1,341976;4,685063
0,4777778;1,451077503;0,06812913;(1.475292000, 1.296704000, 4.672317000);(0.019903390, 1.643984000, -0.017803850);1,385634;0,6173481;;;1,475292;1,296704;4,672317
0,4888889;1,512709743;0,06163224;(1.520827000, 1.256879000, 4.660526000);(0.019979730, 1.643995000, -0.017849630);1,447264;0,5562692;;;1,520827;1,256879;4,660526
0,5;1,576030433;0,06332069;(1.570221000, 1.219393000, 4.647696000);(0.019927710, 1.644050000, -0.017780610);1,510474;0,4931351;;;1,570221;1,219393;4,647696
0,5111111;1,644499633;0,0684692;(1.626372000, 1.183047000, 4.633066000);(0.019778790, 1.644008000, -0.017760340);1,578375;0,4246681;;;1,626372;1,183047;4,633066
0,5222223;1,722385163;0,07788553;(1.698893000, 1.162002000, 4.613986000);(0.019778620, 1.643968000, -0.017689830);1,650036;0,3504035;;;1,698893;1,162002;4,613986
0,5333334;1,791872723;0,06948756;(1.760963000, 1.135336000, 4.597716000);(0.019700350, 1.644014000, -0.017669090);1,717054;0,2829556;;;1,760963;1,135336;4,597716
0,5444446;1,851330953;0,05945823;(1.813539000, 1.111222000, 4.583947000);(0.019802450, 1.643907000, -0.017530450);1,774887;0,2257725;;;1,813539;1,111222;4,583947
0,5555557;1,900056023;0,04872507;(1.854386000, 1.086889000, 4.573289000);(0.019868490, 1.643986000, -0.017465360);1,823242;0,1783596;;;1,854386;1,086889;4,573289
0,5666668;1,918155073;0,01809905;(1.860647000, 1.069978000, 4.571750000);(0.020010720, 1.643999000, -0.017369570);1,838583;0,1620135;;;1,860647;1,069978;4,57175
0,577778;1,935322543;0,01716747;(1.861527000, 1.052833000, 4.571639000);(0.020212670, 1.643960000, -0.017282550);1,849703;0,1502967;;;1,861527;1,052833;4,571639
0,5888891;1,960620213;0,02529767;(1.876192000, 1.032563000, 4.567895000);(0.020355000, 1.643784000, -0.017291430);1,87408;0,1260997;;;1,876192;1,032563;4,567895
0,6000003;1,981948593;0,02132838;(1.869032000, 1.012576000, 4.569937000);(0.020516510, 1.643672000, -0.017236120);1,880576;0,1226026;;;1,869032;1,012576;4,569937
0,6111114;2,006329593;0,024381;(1.882577000, 0.992599700, 4.566488000);(0.020745560, 1.643438000, -0.017278260);1,903959;0,1022286;;;1,882577;0,9925997;4,566488
0,6222225;2,028768323;0,02243873;(1.901242000, 0.981136300, 4.561620000);(0.020932330, 1.643289000, -0.017250010);1,926184;0,08047938;;;1,901242;0,9811363;4,56162
0,6333337;2,046400153;0,01763183;(1.918084000, 0.978408600, 4.557174000);(0.021112650, 1.643138000, -0.017196960);1,941522;0,06296042;;;1,918084;0,9784086;4,557174
0,6444448;2,056876833;0,01047668;(1.928092000, 0.979993800, 4.554508000);(0.021308290, 1.643038000, -0.017141640);1,948677;0,05364298;;;1,928092;0,9799938;4,554508
0,655556;2,037696983;0,01917985;(1.928187000, 0.999172700, 4.554346000);(0.021349190, 1.643017000, -0.017104270);1,937007;0,06299318;;;1,928187;0,9991727;4,554346
0,6666671;2,027211563;0,01048542;(1.926562000, 1.009525000, 4.554703000);(0.021702530, 1.642909000, -0.017077750);1,929379;0,07098351;;;1,926562;1,009525;4,554703
0,6777782;2,020157669;0,007053894;(1.929579000, 1.015845000, 4.553858000);(0.021945450, 1.642844000, -0.017028160);1,928038;0,07335339;;;1,929579;1,015845;4,553858
0,6888894;2,027750972;0,007593303;(1.935790000, 1.019879000, 4.552182000);(0.022226990, 1.642814000, -0.017076910);1,930731;0,0725168;;;1,93579;1,019879;4,552182
0,7000005;2,037666945;0,009915973;(1.939622000, 1.010783000, 4.551231000);(0.022488940, 1.642718000, -0.017081030);1,939366;0,06285086;;;1,939622;1,010783;4,551231
0,7111117;2,053360085;0,01569314;(1.940132000, 0.995098100, 4.551208000);(0.022749350, 1.642585000, -0.017135560);1,949278;0,05089783;;;1,940132;0,9950981;4,551208
0,7222228;2,029875665;0,02348442;(1.924278000, 0.978320800, 4.555532000);(0.022975240, 1.642432000, -0.017201960);1,946606;0,0568097;;;1,924278;0,9783208;4,555532
0,7333339;2,040822205;0,01094654;(1.923581000, 0.967399600, 4.555795000);(0.023206930, 1.642411000, -0.017170190);1,952801;0,05517804;;;1,923581;0,9673996;4,555795
0,7444451;2,057734205;0,016912;(1.936413000, 0.956897700, 4.552467000);(0.023380280, 1.642253000, -0.017180450);1,969713;0,04170973;;;1,936413;0,9568977;4,552467
0,7555562;2,068476935;0,01074273;(1.946626000, 0.954940700, 4.549773000);(0.023431730, 1.642192000, -0.017178000);1,979206;0,03151373;;;1,946626;0,9549407;4,549773
0,7666674;2,073215974;0,004739039;(1.949863000, 0.958288200, 4.548890000);(0.023550930, 1.641993000, -0.017259720);1,979767;0,02772343;;;1,949863;0,9582882;4,54889
0,7777785;2,059156664;0,01405931;(1.938984000, 0.966734600, 4.551715000);(0.023702700, 1.641956000, -0.017306570);1,965711;0,03929832;;;1,938984;0,9667346;4,551715
0,7888896;2,038801004;0,02035566;(1.923653000, 0.979521500, 4.555689000);(0.023827760, 1.641960000, -0.017349070);1,945357;0,05780083;;;1,923653;0,9795215;4,555689
0,8000008;2,021774574;0,01702643;(1.912175000, 0.991745500, 4.558645000);(0.023973500, 1.641949000, -0.017388050);1,928485;0,07338068;;;1,912175;0,9917455;4,558645
0,8111119;2,025050009;0,003275435;(1.914171000, 0.994284600, 4.558098000);(0.024100770, 1.641923000, -0.017446110);1,928548;0,07264462;;;1,914171;0,9942846;4,558098
0,8222231;2,042923479;0,01787347;(1.929998000, 0.987089400, 4.553952000);(0.024214820, 1.641903000, -0.017495820);1,945873;0,05482069;;;1,929998;0,9870894;4,553952
0,8333342;2,053268199;0,01034472;(1.936980000, 0.979671700, 4.552154000);(0.024292650, 1.641841000, -0.017532060);1,95612;0,04504004;;;1,93698;0,9796717;4,552154
0,8444453;2,047013263;0,006254936;(1.932804000, 0.975157400, 4.553294000);(0.024373210, 1.641849000, -0.017529550);1,955491;0,04744993;;;1,932804;0,9751574;4,553294
0,8555565;2,028400673;0,01861259;(1.915242000, 0.979232800, 4.557921000);(0.024433020, 1.641962000, -0.017538020);1,938705;0,06601244;;;1,915242;0,9792328;4,557921
0,8666676;2,024610704;0,003789969;(1.915262000, 0.983022600, 4.557889000);(0.024470580, 1.642017000, -0.017612580);1,936377;0,06714337;;;1,915262;0,9830226;4,557889
0,8777788;2,033815094;0,00920439;(1.924076000, 0.981753300, 4.555561000);(0.024440340, 1.642092000, -0.017623070);1,944326;0,05814897;;;1,924076;0,9817533;4,555561
0,8888899;2,042997381;0,009182287;(1.928627000, 0.973861300, 4.554410000);(0.024374670, 1.642161000, -0.017808320);1,952894;0,05124222;;;1,928627;0,9738613;4,55441
0,900001;2,046753182;0,003755801;(1.930565000, 0.970682000, 4.553919000);(0.024369840, 1.642198000, -0.017839500);1,956432;0,04856636;;;1,930565;0,970682;4,553919
0,9111122;2,039037203;0,007715979;(1.934958000, 0.976909000, 4.552710000);(0.024403510, 1.642263000, -0.017940770);1,956167;0,04591244;;;1,934958;0,976909;4,55271
0,9222233;2,062075333;0,02303813;(1.954316000, 0.988259700, 4.547495000);(0.024446180, 1.642305000, -0.017941060);1,965075;0,0357831;;;1,954316;0,9882597;4,547495
0,9333345;2,079570253;0,01749492;(1.969151000, 0.996628700, 4.543502000);(0.024472090, 1.642192000, -0.017935820);1,972254;0,03661951;;;1,969151;0,9966287;4,543502
0,9444456;2,074873678;0,004696575;(1.965249000, 0.999035800, 4.544519000);(0.024493550, 1.642213000, -0.017911800);1,967584;0,03995865;;;1,965249;0,9990358;4,544519
0,9555568;2,063572668;0,01130101;(1.954335000, 0.999536500, 4.547410000);(0.024502460, 1.642226000, -0.017900060);1,958274;0,04499997;;;1,954335;0,9995365;4,54741
0,9666679;2,047491838;0,01608083;(1.939642000, 0.994318700, 4.551343000);(0.024471690, 1.642226000, -0.017927290);1,94935;0,05075652;;;1,939642;0,9943187;4,551343
0,977779;2,057340727;0,009848889;(1.939497000, 0.984471400, 4.551452000);(0.024480940, 1.642225000, -0.017917700);1,955235;0,04501042;;;1,939497;0,9844714;4,551452
0,9888902;2,067919037;0,01057831;(1.949695000, 0.983691800, 4.548753000);(0.024481640, 1.642239000, -0.017859050);1,964059;0,03596038;;;1,949695;0,9836918;4,548753
1,000001;2,073900745;0,005981708;(1.955449000, 0.983091900, 4.547232000);(0.024543780, 1.642270000, -0.017847840);1,969142;0,0311661;;;1,955449;0,9830919;4,547232
1,011112;2,0732003874;0,0007003576;(1.954818000, 0.983346200, 4.547398000);(0.024576170, 1.642343000, -0.017762070);1,96847;0,0318054;;;1,954818;0,9833462;4,547398
1,022224;2,0664480004;0,006752387;(1.949155000, 0.986713900, 4.548875000);(0.024644790, 1.642296000, -0.017726780);1,961777;0,03836199;;;1,949155;0,9867139;4,548875
1,033335;2,0699229214;0,003474921;(1.952181000, 0.988216300, 4.548062000);(0.024684220, 1.642284000, -0.017684940);1,963348;0,03720617;;;1,952181;0,9882163;4,548062
1,044446;2,0876510014;0,01772808;(1.968659000, 0.983320400, 4.543727000);(0.024762410, 1.642323000, -0.017623190);1,97986;0,02393542;;;1,968659;0,9833204;4,543727
1,055557;2,0994603414;0,01180934;(1.978839000, 0.977959300, 4.541066000);(0.024786300, 1.642273000, -0.017598220);1,991481;0,01732343;;;1,978839;0,9779593;4,541066
1,066668;2,1055972424;0,006136901;(1.977715000, 0.971935800, 4.541407000);(0.024816990, 1.642245000, -0.017588020);1,994197;0,01119995;;;1,977715;0,9719358;4,541407
1,077779;2,1149453544;0,009348112;(1.974991000, 0.963028000, 4.542193000);(0.024919240, 1.642198000, -0.017575210);1,997372;0,002741694;;;1,974991;0,963028;4,542193
1,08889;2,1222417504;0,007296396;(1.979944000, 0.957823500, 4.540917000);(0.024950980, 1.642139000, -0.017632430);2,0046;0,004605045;;;1,979944;0,9578235;4,540917
1,100002;2,1248296374;0,002587887;(1.981634000, 0.959727900, 4.540455000);(0.025055950, 1.642119000, -0.017669440);2,004825;0,005371524;;;1,981634;0,9597279;4,540455
1,111113;2,1195237654;0,005305872;(1.976853000, 0.961659100, 4.541709000);(0.025107190, 1.642210000, -0.017634100);1,999732;0,0009132715;;;1,976853;0,9616591;4,541709
1,122224;2,0972697754;0,02225399;(1.956688000, 0.969444000, 4.547001000);(0.025196900, 1.642193000, -0.017549880);1,978478;0,02227142;;;1,956688;0,969444;4,547001
1,133335;2,1023388254;0,00506905;(1.953799000, 0.965355700, 4.547796000);(0.025251200, 1.642191000, -0.017473410);1,978624;0,02396021;;;1,953799;0,9653557;4,547796
1,144446;2,1216869954;0,01934817;(1.967980000, 0.952715300, 4.544126000);(0.025262950, 1.642168000, -0.017406710);1,997949;0,0120088;;;1,96798;0,9527153;4,544126
1,155557;2,1350407654;0,01335377;(1.977433000, 0.943604600, 4.541684000);(0.025304080, 1.642164000, -0.017350080);2,011251;0,01722266;;;1,977433;0,9436046;4,541684
1,166668;2,1321972454;0,00284352;(1.974864000, 0.942598900, 4.542373000);(0.025288110, 1.642181000, -0.017391270);2,009777;0,01829158;;;1,974864;0,9425989;4,542373
1,17778;2,1240347744;0,008162471;(1.969304000, 0.948400300, 4.543806000);(0.025362080, 1.642159000, -0.017328690);2,001679;0,01450261;;;1,969304;0,9484003;4,543806
