time;total distance traveled;distance to prev position;ray position;hmd position;distance to prev target;distance to current target
(-3.935337000, 2.998135000, 2.785223000);(-2.628566000, 2.411990000, 4.181211000);0,2555556;0,1666667
True

0;-0,007595769;0,007595769;(-3.950812000, 2.981556000, 2.768187000);(-0.063651840, 1.660480000, -0.032809070);0,02836464;2,01727;;;-3,950812;2,981556;2,768187
0,01111111;-0,012685459;0,00508969;(-3.947351000, 2.981373000, 2.771914000);(-0.063784990, 1.660522000, -0.032780220);0,02454439;2,012339;;;-3,947351;2,981373;2,771914
0,02222222;-0,022278578;0,009593119;(-3.947090000, 2.990950000, 2.772399000);(-0.064096300, 1.660604000, -0.032640750);0,01882039;2,01456;;;-3,94709;2,99095;2,772399
0,03333334;-0,005742678;0,0165359;(-3.946684000, 3.007462000, 2.773192000);(-0.064204230, 1.660702000, -0.032454900);0,0189872;2,018549;;;-3,946684;3,007462;2,773192
0,04444445;0,004861622;0,0106043;(-3.946242000, 3.018034000, 2.773895000);(-0.064052020, 1.660456000, -0.032405490);0,02536195;2,020915;;;-3,946242;3,018034;2,773895
0,05555556;-0,000233255;0,005094877;(-3.948276000, 3.013957000, 2.771615000);(-0.063987020, 1.660418000, -0.032392910);0,0245547;2,022612;;;-3,948276;3,013957;2,771615
0,06666667;-0,015499165;0,01526591;(-3.948436000, 2.998700000, 2.771115000);(-0.063929840, 1.660228000, -0.032433320);0,01925967;2,018577;;;-3,948436;2,9987;2,771115
0,07777778;-0,010544419;0,004954746;(-3.949402000, 2.993976000, 2.769973000);(-0.063927290, 1.660158000, -0.032397560);0,02115843;2,01864;;;-3,949402;2,993976;2,769973
0,08888889;-0,002804150;0,007740269;(-3.954591000, 2.992786000, 2.764354000);(-0.064212110, 1.660069000, -0.032437140);0,02889333;2,025623;;;-3,954591;2,992786;2,764354
0,1;0,003311529;0,006115679;(-3.958681000, 2.991767000, 2.759923000);(-0.064253580, 1.660012000, -0.032411510);0,03500813;2,031109;;;-3,958681;2,991767;2,759923
0,1111111;0,005437862;0,002126333;(-3.959944000, 2.990761000, 2.758540000);(-0.064296320, 1.660001000, -0.032374610);0,03703878;2,032618;;;-3,959944;2,990761;2,75854
0,1222222;-0,007184758;0,01262262;(-3.951910000, 2.995028000, 2.767291000);(-0.064542010, 1.660219000, -0.032247240);0,02461483;2,02246;;;-3,95191;2,995028;2,767291
0,1333333;-0,015491867;0,008307109;(-3.948734000, 3.001823000, 2.770862000);(-0.064624610, 1.660239000, -0.032167840);0,01998328;2,019859;;;-3,948734;3,001823;2,770862
0,1444445;-0,025867537;0,01037567;(-3.944200000, 3.009667000, 2.775917000);(-0.064565750, 1.660080000, -0.032092380);0,017267;2,015678;;;-3,9442;3,009667;2,775917
0,1555556;-0,014401137;0,0114664;(-3.939830000, 3.019062000, 2.780829000);(-0.064607080, 1.660074000, -0.031998390);0,02185068;2,012217;;;-3,93983;3,019062;2,780829
0,1666667;-0,007916952;0,006484185;(-3.940017000, 3.025543000, 2.780766000);(-0.064528270, 1.660006000, -0.032026160);0,0281603;2,014348;;;-3,940017;3,025543;2,780766
0,1777778;-0,014866858;0,006949906;(-3.944193000, 3.022382000, 2.776197000);(-0.064534190, 1.659972000, -0.031982470);0,02734643;2,019286;;;-3,944193;3,022382;2,776197
0,1888889;-0,027830858;0,012964;(-3.947453000, 3.010415000, 2.772427000);(-0.064762320, 1.659817000, -0.032083920);0,02147887;2,020457;;;-3,947453;3,010415;2,772427
0,2;-0,022549133;0,005281725;(-3.949240000, 3.005876000, 2.770402000);(-0.064820470, 1.659737000, -0.032076950);0,02174602;2,021698;;;-3,94924;3,005876;2,770402
0,2111111;-0,027707433;0,0051583;(-3.946505000, 3.009043000, 2.773418000);(-0.064893360, 1.659667000, -0.032087620);0,01957232;2,018741;;;-3,946505;3,009043;2,773418
0,2222222;-0,042563203;0,01485577;(-3.936531000, 3.006435000, 2.784114000);(-0.064700590, 1.659390000, -0.032188110);0,008458745;2,004;;;-3,936531;3,006435;2,784114
0,2333333;-0,019066383;0,02349682;(-3.921597000, 2.997719000, 2.800024000);(-0.064770920, 1.659312000, -0.032214870);0,02019934;1,980577;;;-3,921597;2,997719;2,800024
0,2444444;0,013536447;0,03260283;(-3.900626000, 2.986636000, 2.822392000);(-0.064975310, 1.659172000, -0.032193590);0,05213996;1,94801;;;-3,900626;2,986636;2,822392
0,2555556;0,050532177;0,03699573;(-3.875754000, 2.980429000, 2.849067000);(-0.065036330, 1.659057000, -0.032261660);0,0891044;1,911337;;;-3,875754;2,980429;2,849067
0,2666667;0,084635737;0,03410356;(-3.853076000, 2.972732000, 2.873346000);(-0.065197270, 1.659242000, -0.032127850);0,1231986;1,877329;;;-3,853076;2,972732;2,873346
0,2777778;0,130279207;0,04564347;(-3.823806000, 2.956837000, 2.904555000);(-0.065259400, 1.659224000, -0.032096620);0,1684775;1,83175;;;-3,823806;2,956837;2,904555
0,2888889;0,198127117;0,06784791;(-3.781585000, 2.928472000, 2.949456000);(-0.065228130, 1.659128000, -0.032138640);0,2355101;1,76449;;;-3,781585;2,928472;2,949456
0,3;0,293508567;0,09538145;(-3.722462000, 2.887837000, 3.012313000);(-0.065127490, 1.659004000, -0.032161530);0,3302284;1,670138;;;-3,722462;2,887837;3,012313
0,3111111;0,377768317;0,08425975;(-3.670467000, 2.851197000, 3.067573000);(-0.065018220, 1.658827000, -0.032169990);0,4140871;1,587025;;;-3,670467;2,851197;3,067573
0,3222222;0,482548817;0,1047805;(-3.605963000, 2.805148000, 3.136113000);(-0.064805850, 1.658589000, -0.032163140);0,5185117;1,48395;;;-3,605963;2,805148;3,136113
0,3333333;0,567556867;0,08500805;(-3.552971000, 2.769916000, 3.192477000);(-0.064655500, 1.658408000, -0.032193470);0,6034425;1,400082;;;-3,552971;2,769916;3,192477
0,3444445;0,662009337;0,09445247;(-3.494051000, 2.730905000, 3.255149000);(-0.064443010, 1.658240000, -0.032100610);0,6978362;1,307043;;;-3,494051;2,730905;3,255149
0,3555556;0,754738737;0,0927294;(-3.434577000, 2.698654000, 3.318564000);(-0.064279380, 1.658095000, -0.032133390);0,7905073;1,214903;;;-3,434577;2,698654;3,318564
0,3666667;0,836144197;0,08140546;(-3.381236000, 2.675577000, 3.375565000);(-0.064046740, 1.657853000, -0.032116820);0,8715355;1,133603;;;-3,381236;2,675577;3,375565
0,3777778;0,912238887;0,07609469;(-3.330399000, 2.660100000, 3.430030000);(-0.063831090, 1.657790000, -0.032176900);0,9465689;1,057545;;;-3,330399;2,6601;3,43003
0,3888889;0,987815607;0,07557672;(-3.281941000, 2.633752000, 3.481697000);(-0.063750700, 1.657841000, -0.032075220);1,022143;0,9825465;;;-3,281941;2,633752;3,481697
0,4;1,075489737;0,08767413;(-3.227076000, 2.598130000, 3.540071000);(-0.063525380, 1.657898000, -0.031973410);1,1097;0,8966169;;;-3,227076;2,59813;3,540071
0,4111111;1,180778537;0,1052888;(-3.163547000, 2.548064000, 3.607475000);(-0.063315360, 1.657941000, -0.031967810);1,214216;0,7961745;;;-3,163547;2,548064;3,607475
0,4222222;1,276673787;0,09589525;(-3.103117000, 2.510575000, 3.671807000);(-0.062854420, 1.657736000, -0.032058770);1,31009;0,7031426;;;-3,103117;2,510575;3,671807
0,4333333;1,365582237;0,08890845;(-3.047385000, 2.474777000, 3.731113000);(-0.062614220, 1.657727000, -0.032081060);1,398953;0,6180127;;;-3,047385;2,474777;3,731113
0,4444444;1,438241877;0,07265964;(-3.001892000, 2.445337000, 3.779518000);(-0.062395610, 1.657752000, -0.032101210);1,471573;0,5494006;;;-3,001892;2,445337;3,779518
0,4555556;1,506944357;0,06870248;(-2.958625000, 2.418381000, 3.825577000);(-0.062161530, 1.657761000, -0.032092380);1,540265;0,4852372;;;-2,958625;2,418381;3,825577
0,4666667;1,578830157;0,0718858;(-2.913369000, 2.390120000, 3.873751000);(-0.061908390, 1.657837000, -0.032141020);1,612139;0,4196696;;;-2,913369;2,39012;3,873751
0,4777778;1,629067927;0,05023777;(-2.881659000, 2.370668000, 3.907514000);(-0.061617040, 1.657827000, -0.032113840);1,662374;0,3750646;;;-2,881659;2,370668;3,907514
0,4888889;1,670513167;0,04144524;(-2.854015000, 2.361904000, 3.937123000);(-0.061321150, 1.657786000, -0.032082730);1,703209;0,3360275;;;-2,854015;2,361904;3,937123
0,5;1,700724577;0,03021141;(-2.833717000, 2.366149000, 3.959094000);(-0.060996440, 1.657764000, -0.032010610);1,729435;0,3058173;;;-2,833717;2,366149;3,959094
0,5111111;1,726128817;0,02540424;(-2.816861000, 2.371347000, 3.977376000);(-0.060651520, 1.657743000, -0.031939680);1,750737;0,2804559;;;-2,816861;2,371347;3,977376
0,5222223;1,762268587;0,03613977;(-2.792793000, 2.363436000, 4.003148000);(-0.060418970, 1.657807000, -0.031982710);1,786503;0,2470512;;;-2,792793;2,363436;4,003148
0,5333334;1,808408527;0,04613994;(-2.762381000, 2.351335000, 4.035669000);(-0.060054270, 1.657776000, -0.031892410);1,832427;0,2068041;;;-2,762381;2,351335;4,035669
0,5444446;1,840661287;0,03225276;(-2.740553000, 2.347606000, 4.059118000);(-0.059945420, 1.657640000, -0.031810990);1,863734;0,1777443;;;-2,740553;2,347606;4,059118
0,5555557;1,848906708;0,008245421;(-2.735021000, 2.346118000, 4.065049000);(-0.059622690, 1.657613000, -0.031762180);1,871854;0,170779;;;-2,735021;2,346118;4,065049
0,5666668;1,855896229;0,006989521;(-2.730356000, 2.344664000, 4.070046000);(-0.059342720, 1.657624000, -0.031746800);1,878769;0,1650807;;;-2,730356;2,344664;4,070046
0,577778;1,846545733;0,009350496;(-2.733127000, 2.336313000, 4.066879000);(-0.059093260, 1.657628000, -0.031739410);1,877754;0,1724286;;;-2,733127;2,336313;4,066879
0,5888891;1,853604324;0,007058591;(-2.732024000, 2.329420000, 4.067921000);(-0.058865840, 1.657644000, -0.031724980);1,88161;0,1742297;;;-2,732024;2,32942;4,067921
0,6000003;1,866110034;0,01250571;(-2.724308000, 2.334506000, 4.076346000);(-0.058712120, 1.657841000, -0.031431610);1,890501;0,1617617;;;-2,724308;2,334506;4,076346
0,6111114;1,829209254;0,03690078;(-2.717278000, 2.369759000, 4.084681000);(-0.058444990, 1.657933000, -0.031378560);1,88868;0,1377361;;;-2,717278;2,369759;4,084681
0,6222225;1,852965904;0,02375665;(-2.709057000, 2.390017000, 4.093977000);(-0.058190970, 1.658040000, -0.031292730);1,893781;0,120712;;;-2,709057;2,390017;4,093977
0,6333337;1,834218744;0,01874716;(-2.707030000, 2.408475000, 4.096558000);(-0.057904460, 1.658081000, -0.031216200);1,891041;0,1154776;;;-2,70703;2,408475;4,096558
0,6444448;1,843147159;0,008928415;(-2.708746000, 2.399952000, 4.094526000);(-0.057532320, 1.657882000, -0.031265310);1,891196;0,1186933;;;-2,708746;2,399952;4,094526
0,655556;1,828563849;0,01458331;(-2.713334000, 2.387131000, 4.089306000);(-0.057274410, 1.657857000, -0.031234910);1,888716;0,1274756;;;-2,713334;2,387131;4,089306
0,6666671;1,802116769;0,02644708;(-2.730648000, 2.380353000, 4.070498000);(-0.057084540, 1.657916000, -0.031236880);1,866779;0,1538794;;;-2,730648;2,380353;4,070498
0,6777782;1,782878439;0,01923833;(-2.743657000, 2.378586000, 4.056436000);(-0.056936390, 1.657900000, -0.031210360);1,849303;0,1730045;;;-2,743657;2,378586;4,056436
0,6888894;1,795165009;0,01228657;(-2.741389000, 2.366711000, 4.058627000);(-0.057003140, 1.657992000, -0.031102290);1,856277;0,172644;;;-2,741389;2,366711;4,058627
0,7000005;1,814605629;0,01944062;(-2.728165000, 2.366229000, 4.072869000);(-0.056552410, 1.657797000, -0.031184490);1,874727;0,1541167;;;-2,728165;2,366229;4,072869
0,7111117;1,877340159;0,06273453;(-2.692728000, 2.400349000, 4.111801000);(-0.056413620, 1.657754000, -0.031197480);1,913435;0,0952366;;;-2,692728;2,400349;4,111801
0,7222228;1,915097399;0,03775724;(-2.683923000, 2.435606000, 4.122047000);(-0.056264500, 1.657688000, -0.031199630);1,915613;0,08439477;;;-2,683923;2,435606;4,122047
0,7333339;1,889714089;0,02538331;(-2.681172000, 2.460596000, 4.125549000);(-0.056093930, 1.657602000, -0.031194620);1,912682;0,09070919;;;-2,681172;2,460596;4,125549
0,7444451;1,880977109;0,00873698;(-2.680733000, 2.469297000, 4.126210000);(-0.056023370, 1.657641000, -0.031204750);1,911007;0,09502888;;;-2,680733;2,469297;4,12621
0,7555562;1,894847709;0,0138706;(-2.681407000, 2.455481000, 4.125187000);(-0.055874370, 1.657564000, -0.031201000);1,913718;0,08844349;;;-2,681407;2,455481;4,125187
0,7666674;1,872137069;0,02271064;(-2.691495000, 2.438519000, 4.113949000);(-0.055742990, 1.657500000, -0.031175670);1,90416;0,09585389;;;-2,691495;2,438519;4,113949
0,7777785;1,848437689;0,02369938;(-2.707446000, 2.435462000, 4.096690000);(-0.055618180, 1.657544000, -0.031160650);1,882621;0,1179694;;;-2,707446;2,435462;4,09669
0,7888896;1,833391699;0,01504599;(-2.716450000, 2.428519000, 4.086835000);(-0.055552510, 1.657550000, -0.031209280);1,871988;0,1300139;;;-2,71645;2,428519;4,086835
0,8000008;1,855709509;0,02231781;(-2.702142000, 2.420732000, 4.102090000);(-0.055424970, 1.657436000, -0.031297200);1,894282;0,108397;;;-2,702142;2,420732;4,10209
0,8111119;1,871468059;0,01575855;(-2.691429000, 2.419975000, 4.113622000);(-0.055388720, 1.657353000, -0.031336300);1,909508;0,09264832;;;-2,691429;2,419975;4,113622
0,8222231;1,888059339;0,01659128;(-2.682871000, 2.430591000, 4.123074000);(-0.055327140, 1.657376000, -0.031386900);1,918494;0,08170029;;;-2,682871;2,430591;4,123074
0,8333342;1,902885249;0,01482591;(-2.678829000, 2.444077000, 4.127721000);(-0.055265440, 1.657298000, -0.031419930);1,920441;0,08010647;;;-2,678829;2,444077;4,127721
0,8444453;1,897026745;0,005858504;(-2.682788000, 2.443498000, 4.123442000);(-0.055213020, 1.657210000, -0.031430060);1,915028;0,08526412;;;-2,682788;2,443498;4,123442
0,8555565;1,901907307;0,004880562;(-2.682558000, 2.438625000, 4.123585000);(-0.055161710, 1.657024000, -0.031486800);1,916695;0,08333809;;;-2,682558;2,438625;4,123585
0,8666676;1,925751647;0,02384434;(-2.670603000, 2.422238000, 4.136119000);(-0.055142880, 1.656942000, -0.031565240);1,938074;0,06249288;;;-2,670603;2,422238;4,136119
0,8777788;1,971981457;0,04622981;(-2.642834000, 2.399907000, 4.165571000);(-0.055106990, 1.656870000, -0.031630330);1,983381;0,02437583;;;-2,642834;2,399907;4,165571
0,8888899;2,001058847;0,02907739;(-2.625036000, 2.386816000, 4.184475000);(-0.054951170, 1.656795000, -0.031728200);2,012089;0,02562935;;;-2,625036;2,386816;4,184475
0,900001;2,004912461;0,003853614;(-2.622439000, 2.386236000, 4.187262000);(-0.054884680, 1.656747000, -0.031742980);2,015895;0,02715583;;;-2,622439;2,386236;4,187262
0,9111122;2,012557816;0,007645355;(-2.618725000, 2.380800000, 4.191149000);(-0.054821140, 1.656672000, -0.031727540);2,022671;0,03418236;;;-2,618725;2,3808;4,191149
0,9222233;2,016494002;0,003936186;(-2.617406000, 2.384194000, 4.192644000);(-0.054725760, 1.656517000, -0.031586460);2,023536;0,03206043;;;-2,617406;2,384194;4,192644
0,9333345;1,999050872;0,01744313;(-2.620902000, 2.400940000, 4.189234000);(-0.054689150, 1.656484000, -0.031548550);2,013859;0,01565952;;;-2,620902;2,40094;4,189234
0,9444456;1,985086032;0,01396484;(-2.627675000, 2.410887000, 4.182148000);(-0.054674310, 1.656449000, -0.031545210);2,001559;0,001700326;;;-2,627675;2,410887;4,182148
0,9555568;1,970497962;0,01458807;(-2.637255000, 2.414905000, 4.171907000);(-0.054636650, 1.656450000, -0.031446030);1,986974;0,01305971;;;-2,637255;2,414905;4,171907
0,9666679;1,937144442;0,03335352;(-2.659942000, 2.415310000, 4.147461000);(-0.054604780, 1.656423000, -0.031416410);1,954996;0,04620078;;;-2,659942;2,41531;4,147461
0,977779;1,914836412;0,02230803;(-2.674966000, 2.412531000, 4.131207000);(-0.054572740, 1.656451000, -0.031434350);1,934719;0,06821771;;;-2,674966;2,412531;4,131207
0,9888902;1,945024172;0,03018776;(-2.665949000, 2.385207000, 4.140341000);(-0.054709920, 1.656549000, -0.031320500);1,955344;0,06152352;;;-2,665949;2,385207;4,140341
1,000001;1,974471562;0,02944739;(-2.648950000, 2.369243000, 4.158321000);(-0.054508800, 1.656530000, -0.031263400);1,983859;0,05260002;;;-2,64895;2,369243;4,158321
1,011112;1,990428482;0,01595692;(-2.638096000, 2.368830000, 4.170012000);(-0.054473130, 1.656561000, -0.031171080);1,999124;0,04559639;;;-2,638096;2,36883;4,170012
1,022224;2,000897582;0,0104691;(-2.635390000, 2.378449000, 4.173136000);(-0.054451730, 1.656549000, -0.031056690);2,000044;0,03516813;;;-2,63539;2,378449;4,173136
1,033335;1,978184822;0,02271276;(-2.633999000, 2.401032000, 4.175119000);(-0.054480470, 1.656527000, -0.031092820);1,99545;0,0136643;;;-2,633999;2,401032;4,175119
1,044446;1,962961612;0,01522321;(-2.634401000, 2.416250000, 4.175013000);(-0.054495760, 1.656433000, -0.031079760);1,990613;0,009518627;;;-2,634401;2,41625;4,175013
1,055557;1,946341932;0,01661968;(-2.641266000, 2.429609000, 4.167899000);(-0.054285900, 1.656153000, -0.031142410);1,977279;0,02547396;;;-2,641266;2,429609;4,167899
1,066668;1,932244702;0,01409723;(-2.649804000, 2.436222000, 4.158838000);(-0.054241520, 1.656084000, -0.031093770);1,963456;0,03922743;;;-2,649804;2,436222;4,158838
1,077779;1,916416022;0,01582868;(-2.659488000, 2.429530000, 4.148256000);(-0.054146020, 1.656173000, -0.030958230);1,951656;0,04847542;;;-2,659488;2,42953;4,148256
1,08889;1,939242522;0,0228265;(-2.658420000, 2.406739000, 4.148918000);(-0.054089300, 1.656117000, -0.030897070);1,959574;0,04429042;;;-2,65842;2,406739;4,148918
1,100002;1,962812312;0,02356979;(-2.650030000, 2.386465000, 4.157527000);(-0.054149620, 1.656205000, -0.030809220);1,977213;0,04090444;;;-2,65003;2,386465;4,157527
1,111113;1,975333702;0,01252139;(-2.641525000, 2.385605000, 4.166676000);(-0.054150220, 1.656165000, -0.030780370);1,98936;0,03279256;;;-2,641525;2,385605;4,166676
1,122224;1,988540102;0,0132064;(-2.634748000, 2.394115000, 4.174164000);(-0.054155420, 1.656156000, -0.030816130);1,996379;0,02018417;;;-2,634748;2,394115;4,174164
1,133335;2,009480402;0,0209403;(-2.622141000, 2.403569000, 4.187955000);(-0.054170530, 1.656141000, -0.030816960);2,011379;0,01255676;;;-2,622141;2,403569;4,187955
1,144446;2,030838262;0,02135786;(-2.608914000, 2.412093000, 4.202396000);(-0.054178070, 1.656150000, -0.030820660);2,027615;0,02889686;;;-2,608914;2,412093;4,202396
1,155557;2,043656832;0,01281857;(-2.601195000, 2.417876000, 4.210840000);(-0.054154810, 1.656132000, -0.030813920);2,036914;0,04076359;;;-2,601195;2,417876;4,21084
1,166668;2,0446016583;0,0009448263;(-2.601162000, 2.416931000, 4.210855000);(-0.054102510, 1.656095000, -0.030811720);2,037215;0,04067096;;;-2,601162;2,416931;4,210855
1,17778;2,0265343283;0,01806733;(-2.607913000, 2.401993000, 4.203258000);(-0.053745560, 1.655755000, -0.030964670);2,031813;0,0318211;;;-2,607913;2,401993;4,203258
1,188891;2,0046063483;0,02192798;(-2.617818000, 2.385832000, 4.192234000);(-0.053649480, 1.655719000, -0.030934150);2,022486;0,03035228;;;-2,617818;2,385832;4,192234
1,200002;2,0148697283;0,01026338;(-2.618750000, 2.375684000, 4.191012000);(-0.053603590, 1.655783000, -0.030929980);2,024127;0,03886577;;;-2,61875;2,375684;4,191012
1,211113;2,0220620153;0,007192287;(-2.614820000, 2.371310000, 4.195154000);(-0.053547940, 1.655719000, -0.031002100);2,030906;0,04514711;;;-2,61482;2,37131;4,195154
