time;total distance traveled;distance to prev position;ray position;hmd position;distance to prev target;distance to current target
(-2.325206000, 1.923966000, 4.443719000);(-2.608255000, 0.001746178, 3.969424000);0,2111111;0,2888889
True

0;-0,01050603;0,01050603;(-2.324468000, 1.914221000, 4.444470000);(-0.031688080, 1.639003000, 0.007914308);0,009801649;1,99092;;;-2,324468;1,914221;4,44447
0,01111111;0,00681256;0,01731859;(-2.317120000, 1.925359000, 4.455510000);(-0.031850620, 1.638964000, 0.007859889);0,01436553;2,005324;;;-2,31712;1,925359;4,45551
0,02222222;0,014696769;0,007884209;(-2.314330000, 1.931386000, 4.459759000);(-0.032009750, 1.639022000, 0.007777993);0,02075184;2,012543;;;-2,31433;1,931386;4,459759
0,03333334;0,017961398;0,003264629;(-2.314475000, 1.934646000, 4.459656000);(-0.032098880, 1.638976000, 0.007743780);0,02198196;2,015623;;;-2,314475;1,934646;4,459656
0,04444445;0,009550191;0,008411207;(-2.318947000, 1.931925000, 4.453072000);(-0.032332300, 1.639013000, 0.007791344);0,01378443;2,010772;;;-2,318947;1,931925;4,453072
0,05555556;-0,000151238;0,009701429;(-2.322971000, 1.925503000, 4.447016000);(-0.032474670, 1.638983000, 0.007738177);0,004269492;2,002578;;;-2,322971;1,925503;4,447016
0,06666667;0,020157562;0,0203088;(-2.331525000, 1.912313000, 4.434158000);(-0.032503820, 1.638972000, 0.007645611);0,01634349;1,985655;;;-2,331525;1,912313;4,434158
0,07777778;0,041372482;0,02121492;(-2.342117000, 1.902750000, 4.418460000);(-0.032568120, 1.639009000, 0.007649604);0,03706854;1,971365;;;-2,342117;1,90275;4,41846
0,08888889;0,054240142;0,01286766;(-2.348152000, 1.895804000, 4.409466000);(-0.032661100, 1.639025000, 0.007615987);0,0499289;1,961821;;;-2,348152;1,895804;4,409466
0,1;0,043994882;0,01024526;(-2.343041000, 1.890683000, 4.416720000);(-0.032692480, 1.639022000, 0.007659975);0,04641978;1,959207;;;-2,343041;1,890683;4,41672
0,1111111;0,025781922;0,01821296;(-2.333243000, 1.884441000, 4.430747000);(-0.032770620, 1.639003000, 0.007662062);0,04236792;1,957803;;;-2,333243;1,884441;4,430747
0,1222222;0,002148172;0,02363375;(-2.319838000, 1.883394000, 4.450182000);(-0.032734220, 1.638975000, 0.007664267);0,04143309;1,963392;;;-2,319838;1,883394;4,450182
0,1333333;-0,017203728;0,0193519;(-2.312885000, 1.898030000, 4.460762000);(-0.032786220, 1.638935000, 0.007637326);0,03339078;1,981047;;;-2,312885;1,89803;4,460762
0,1444445;-0,032305648;0,01510192;(-2.314410000, 1.912955000, 4.459037000);(-0.032883350, 1.639064000, 0.007637445);0,02173557;1,99469;;;-2,31441;1,912955;4,459037
0,1555556;-0,038901426;0,006595778;(-2.315100000, 1.919468000, 4.458251000);(-0.032895050, 1.639200000, 0.007748071);0,01826314;2,000637;;;-2,3151;1,919468;4,458251
0,1666667;-0,051413706;0,01251228;(-2.320910000, 1.912562000, 4.449584000);(-0.032906630, 1.639307000, 0.007685486);0,01352393;1,991065;;;-2,32091;1,912562;4,449584
0,1777778;-0,038287526;0,01312618;(-2.326663000, 1.904508000, 4.440963000);(-0.033007150, 1.639362000, 0.007649008);0,019706;1,98044;;;-2,326663;1,904508;4,440963
0,1888889;-0,013251996;0,02503553;(-2.337443000, 1.888731000, 4.424787000);(-0.033039230, 1.639503000, 0.007475439);0,04182877;1,959951;;;-2,337443;1,888731;4,424787
0,2;0,004399994;0,01765199;(-2.344809000, 1.877130000, 4.413707000);(-0.033218860, 1.639357000, 0.007396702);0,05897921;1,945214;;;-2,344809;1,87713;4,413707
0,2111111;0,014459104;0,01005911;(-2.349873000, 1.872734000, 4.406209000);(-0.033367910, 1.639342000, 0.007426027);0,0681181;1,938592;;;-2,349873;1,872734;4,406209
0,2222222;0,007948995;0,006510109;(-2.352124000, 1.878000000, 4.403112000);(-0.033469620, 1.639304000, 0.007387344);0,06698004;1,942683;;;-2,352124;1,878;4,403112
0,2333333;0,012137672;0,004188677;(-2.353866000, 1.880929000, 4.400678000);(-0.033571160, 1.639293000, 0.007314447);0,06727572;1,944742;;;-2,353866;1,880929;4,400678
0,2444444;0,016423119;0,004285447;(-2.356122000, 1.882635000, 4.397458000);(-0.033712550, 1.639118000, 0.007204238);0,069311;1,945386;;;-2,356122;1,882635;4,397458
0,2555556;0,024628624;0,008205505;(-2.360313000, 1.879268000, 4.391259000);(-0.033884250, 1.639013000, 0.007092778);0,07734563;1,940234;;;-2,360313;1,879268;4,391259
0,2666667;0,034192668;0,009564044;(-2.362981000, 1.871072000, 4.387115000);(-0.034085770, 1.638916000, 0.006997172);0,08618939;1,931063;;;-2,362981;1,871072;4,387115
0,2777778;0,044448958;0,01025629;(-2.363440000, 1.860875000, 4.386114000);(-0.034369430, 1.638786000, 0.006979886);0,09359808;1,920918;;;-2,36344;1,860875;4,386114
0,2888889;0,066528368;0,02207941;(-2.362253000, 1.838850000, 4.387113000);(-0.034663160, 1.638700000, 0.006984059);0,1087264;1,899982;;;-2,362253;1,83885;4,387113
0,3;0,095056808;0,02852844;(-2.365389000, 1.811027000, 4.381644000);(-0.034931190, 1.638583000, 0.006908361);0,1349932;1,871471;;;-2,365389;1,811027;4,381644
0,3111111;0,126366208;0,0313094;(-2.371467000, 1.781914000, 4.371859000);(-0.035227090, 1.638524000, 0.006634835);0,1657793;1,840385;;;-2,371467;1,781914;4,371859
0,3222222;0,160127868;0,03376166;(-2.379218000, 1.751427000, 4.359598000);(-0.035561420, 1.638377000, 0.006460134);0,1994074;1,807229;;;-2,379218;1,751427;4,359598
0,3333333;0,210019758;0,04989189;(-2.388739000, 1.704922000, 4.344241000);(-0.035925290, 1.638155000, 0.006373946);0,2488223;1,757692;;;-2,388739;1,704922;4,344241
0,3444445;0,259554568;0,04953481;(-2.399040000, 1.659351000, 4.327782000);(-0.036246050, 1.637924000, 0.006060425);0,2981841;1,708755;;;-2,39904;1,659351;4,327782
0,3555556;0,299541618;0,03998705;(-2.408933000, 1.623858000, 4.312246000);(-0.036651640, 1.637774000, 0.005842391);0,3381712;1,669881;;;-2,408933;1,623858;4,312246
0,3666667;0,351477668;0,05193605;(-2.426440000, 1.582942000, 4.285474000);(-0.037115740, 1.637539000, 0.005515162);0,3893412;1,622691;;;-2,42644;1,582942;4,285474
0,3777778;0,407734368;0,0562567;(-2.446989000, 1.540902000, 4.254246000);(-0.037607460, 1.637469000, 0.005265418);0,4443744;1,573573;;;-2,446989;1,540902;4,254246
0,3888889;0,480284788;0,07255042;(-2.474434000, 1.488176000, 4.212650000);(-0.038113110, 1.637238000, 0.004904751);0,5153395;1,512131;;;-2,474434;1,488176;4,21265
0,4;0,547532698;0,06724791;(-2.492278000, 1.429620000, 4.184810000);(-0.038749220, 1.637168000, 0.004639510);0,582516;1,448677;;;-2,492278;1,42962;4,18481
0,4111111;0,617193478;0,06966078;(-2.503510000, 1.363404000, 4.166318000);(-0.039305940, 1.637087000, 0.004376534);0,6503636;1,379801;;;-2,50351;1,363404;4,166318
0,4222222;0,676684228;0,05949075;(-2.509413000, 1.305143000, 4.155829000);(-0.039905150, 1.636953000, 0.004079644);0,7069326;1,320364;;;-2,509413;1,305143;4,155829
0,4333333;0,740390358;0,06370613;(-2.506083000, 1.241584000, 4.158577000);(-0.040486530, 1.636844000, 0.003939811);0,7613589;1,258338;;;-2,506083;1,241584;4,158577
0,4444444;0,798843668;0,05845331;(-2.508138000, 1.183372000, 4.153678000);(-0.041213250, 1.636574000, 0.003688399);0,816129;1,200089;;;-2,508138;1,183372;4,153678
0,4555556;0,863087108;0,06424344;(-2.510676000, 1.119440000, 4.147891000);(-0.041777700, 1.636276000, 0.003396217);0,8770257;1,136051;;;-2,510676;1,11944;4,147891
0,4666667;0,932967598;0,06988049;(-2.518091000, 1.051184000, 4.134877000);(-0.042349360, 1.635951000, 0.003080193);0,9456934;1,066219;;;-2,518091;1,051184;4,134877
0,4777778;1,002164358;0,06919676;(-2.528752000, 0.985132300, 4.117221000);(-0.042972000, 1.635541000, 0.002732459);1,014613;0,9976037;;;-2,528752;0,9851323;4,117221
0,4888889;1,073734758;0,0715704;(-2.540882000, 0.917445900, 4.097379000);(-0.043564640, 1.635339000, 0.002430502);1,086071;0,9270477;;;-2,540882;0,9174459;4,097379
0,5;1,138641438;0,06490668;(-2.550797000, 0.855443400, 4.080939000);(-0.044039120, 1.634961000, 0.002252642);1,150756;0,862865;;;-2,550797;0,8554434;4,080939
0,5111111;1,194709968;0,05606853;(-2.559001000, 0.801692400, 4.067257000);(-0.044600860, 1.634629000, 0.002079252);1,206599;0,8074101;;;-2,559001;0,8016924;4,067257
0,5222223;1,245639298;0,05092933;(-2.565462000, 0.752387600, 4.056252000);(-0.045217770, 1.634160000, 0.002061550);1,257159;0,7568573;;;-2,565462;0,7523876;4,056252
0,5333334;1,298716098;0,0530768;(-2.573137000, 0.701458000, 4.043430000);(-0.045846020, 1.633758000, 0.001972500);1,310048;0,7044904;;;-2,573137;0,701458;4,04343
0,5444446;1,358146758;0,05943066;(-2.579309000, 0.643357500, 4.032557000);(-0.046549770, 1.633318000, 0.001765791);1,368788;0,6453593;;;-2,579309;0,6433575;4,032557
0,5555557;1,422556748;0,06440999;(-2.583811000, 0.579687400, 4.023925000);(-0.047141510, 1.632869000, 0.001640625);1,431848;0,5810197;;;-2,583811;0,5796874;4,023925
0,5666668;1,477510268;0,05495352;(-2.587709000, 0.525380400, 4.016479000);(-0.047645290, 1.632408000, 0.001560815);1,48576;0,5261455;;;-2,587709;0,5253804;4,016479
0,577778;1,527456808;0,04994654;(-2.591952000, 0.476226200, 4.008699000);(-0.048167670, 1.632020000, 0.001588173);1,535039;0,4763818;;;-2,591952;0,4762262;4,008699
0,5888891;1,560460008;0,0330032;(-2.590042000, 0.443321800, 4.010391000);(-0.048654880, 1.631695000, 0.001633234);1,565317;0,4438457;;;-2,590042;0,4433218;4,010391
0,6000003;1,591693168;0,03123316;(-2.588078000, 0.412204100, 4.012221000);(-0.049114850, 1.631406000, 0.001718350);1,593962;0,413176;;;-2,588078;0,4122041;4,012221
0,6111114;1,629456538;0,03776337;(-2.590885000, 0.374920200, 4.006919000);(-0.049663370, 1.631087000, 0.001946039);1,631233;0,375455;;;-2,590885;0,3749202;4,006919
0,6222225;1,673506178;0,04404964;(-2.600939000, 0.335094000, 3.991008000);(-0.050136420, 1.630763000, 0.002040572);1,674959;0,3341259;;;-2,600939;0,335094;3,991008
0,6333337;1,718664808;0,04515863;(-2.606928000, 0.291496400, 3.980875000);(-0.050647470, 1.630566000, 0.002281077);1,720043;0,2899794;;;-2,606928;0,2914964;3,980875
0,6444448;1,770010308;0,0513455;(-2.604692000, 0.240223500, 3.982439000);(-0.050943260, 1.630270000, 0.002215333);1,768016;0,2388587;;;-2,604692;0,2402235;3,982439
0,655556;1,814381778;0,04437147;(-2.598069000, 0.197122500, 3.990641000);(-0.051418830, 1.629783000, 0.002229400);1,806023;0,1967887;;;-2,598069;0,1971225;3,990641
0,6666671;1,839629778;0,025248;(-2.601649000, 0.172859800, 3.984644000);(-0.052075840, 1.629420000, 0.002595432);1,831268;0,1719161;;;-2,601649;0,1728598;3,984644
0,6777782;1,873100828;0,03347105;(-2.617445000, 0.155048400, 3.961116000);(-0.052413100, 1.629118000, 0.002684720);1,856712;0,1538019;;;-2,617445;0,1550484;3,961116
0,6888894;1,905403188;0,03230236;(-2.628866000, 0.130346700, 3.943714000);(-0.052926950, 1.628810000, 0.002959616);1,886606;0,1327551;;;-2,628866;0,1303467;3,943714
0,7000005;1,929757828;0,02435464;(-2.630356000, 0.106218000, 3.940758000);(-0.053231720, 1.628528000, 0.003065296);1,910574;0,1105647;;;-2,630356;0,106218;3,940758
0,7111117;1,950017908;0,02026008;(-2.626559000, 0.086924430, 3.945638000);(-0.053572380, 1.628293000, 0.003102966);1,927075;0,09031142;;;-2,626559;0,08692443;3,945638
0,7222228;1,957040378;0,00702247;(-2.626892000, 0.079946160, 3.944926000);(-0.053585360, 1.628039000, 0.003036387);1,933964;0,08404028;;;-2,626892;0,07994616;3,944926
0,7333339;1,962555859;0,005515481;(-2.628258000, 0.075052020, 3.942780000);(-0.053859270, 1.627890000, 0.003167160);1,939397;0,08052187;;;-2,628258;0,07505202;3,94278
0,7444451;1,972749219;0,01019336;(-2.629568000, 0.065191390, 3.940554000);(-0.054061050, 1.627670000, 0.003246017);1,949578;0,07289056;;;-2,629568;0,06519139;3,940554
0,7555562;1,991048809;0,01829959;(-2.628229000, 0.046990630, 3.941901000);(-0.054323400, 1.627502000, 0.003348418);1,966387;0,05659996;;;-2,628229;0,04699063;3,941901
0,7666674;2,011672089;0,02062328;(-2.625000000, 0.027024920, 3.945934000);(-0.054586490, 1.627362000, 0.003493138);1,983948;0,0383564;;;-2,625;0,02702492;3,945934
0,7777785;2,025305129;0,01363304;(-2.620224000, 0.016079310, 3.952510000);(-0.054811440, 1.627253000, 0.003523476);1,992072;0,02519518;;;-2,620224;0,01607931;3,95251
0,7888896;2,031103621;0,005798492;(-2.623035000, 0.013203380, 3.948333000);(-0.055203300, 1.627211000, 0.003651686);1,996277;0,02818831;;;-2,623035;0,01320338;3,948333
0,8000008;2,041968671;0,01086505;(-2.627676000, 0.006278157, 3.941365000);(-0.055405520, 1.627068000, 0.003629990);2,005336;0,03442473;;;-2,627676;0,006278157;3,941365
0,8111119;2,054798481;0,01282981;(-2.628231000, -0.006480932, 3.940139000);(-0.055528630, 1.626790000, 0.003550239);2,01793;0,03639148;;;-2,628231;-0,006480932;3,940139
0,8222231;2,059927718;0,005129237;(-2.627971000, -0.011599300, 3.940349000);(-0.055668320, 1.626574000, 0.003521867);2,022736;0,03757958;;;-2,627971;-0,0115993;3,940349
0,8333342;2,030209478;0,02971824;(-2.640657000, 0.008568883, 3.922586000);(-0.055628810, 1.626688000, 0.003736265);2,009933;0,05736032;;;-2,640657;0,008568883;3,922586
0,8444453;1,999428888;0,03078059;(-2.656346000, 0.022823870, 3.900268000);(-0.055757860, 1.626582000, 0.003532238);2,004827;0,08683045;;;-2,656346;0,02282387;3,900268
0,8555565;2,025378368;0,02594948;(-2.648713000, 0.000283241, 3.910614000);(-0.055807750, 1.626412000, 0.003452845);2,022229;0,07139756;;;-2,648713;0,0002832413;3,910614
0,8666676;2,051539078;0,02616071;(-2.637414000, -0.017209410, 3.926449000);(-0.055892520, 1.626240000, 0.003271766);2,033028;0,05528545;;;-2,637414;-0,01720941;3,926449
0,8777788;2,028651438;0,02288764;(-2.624542000, -0.020818230, 3.945026000);(-0.056008630, 1.626208000, 0.003120489);2,029897;0,03700925;;;-2,624542;-0,02081823;3,945026
0,8888899;2,014678618;0,01397282;(-2.617413000, -0.015053510, 3.955571000);(-0.056393910, 1.626187000, 0.003095455);2,02076;0,02362248;;;-2,617413;-0,01505351;3,955571
0,900001;2,010177243;0,004501375;(-2.615706000, -0.011789200, 3.958158000);(-0.056549290, 1.626209000, 0.002991624);2,016757;0,01912224;;;-2,615706;-0,0117892;3,958158
0,9111122;2,018166176;0,007988933;(-2.611385000, -0.014405370, 3.964347000);(-0.056535040, 1.626354000, 0.002895541);2,017171;0,01721766;;;-2,611385;-0,01440537;3,964347
0,9222233;2,033649126;0,01548295;(-2.603866000, -0.022762890, 3.974993000);(-0.056740460, 1.626396000, 0.002802379);2,02166;0,0255141;;;-2,603866;-0,02276289;3,974993
0,9333345;2,030523443;0,003125683;(-2.603666000, -0.019668220, 3.975384000);(-0.056847860, 1.626422000, 0.002700754);2,018561;0,02269699;;;-2,603666;-0,01966822;3,975384
0,9444456;2,007118783;0,02340466;(-2.616207000, -0.011382340, 3.957444000);(-0.056834380, 1.626355000, 0.002548523);2,01661;0,01947104;;;-2,616207;-0,01138234;3,957444
0,9555568;2,030098753;0,02297997;(-2.629235000, -0.011545780, 3.938515000);(-0.056911190, 1.626302000, 0.002360530);2,023331;0,03965162;;;-2,629235;-0,01154578;3,938515
0,9666679;2,036379045;0,006280292;(-2.627251000, -0.016853690, 3.941222000);(-0.056718770, 1.626455000, 0.002225049);2,02744;0,0387577;;;-2,627251;-0,01685369;3,941222
0,977779;2,011470115;0,02490893;(-2.613147000, -0.019065740, 3.961634000);(-0.056746670, 1.626425000, 0.002054937);2,022545;0,02275426;;;-2,613147;-0,01906574;3,961634
0,9888902;1,992691615;0,0187785;(-2.602545000, -0.017740730, 3.977077000);(-0.056652330, 1.626419000, 0.002003260);2,016159;0,02170024;;;-2,602545;-0,01774073;3,977077
1,000001;1,979403685;0,01328793;(-2.596005000, -0.011446600, 3.986782000);(-0.056681160, 1.626435000, 0.001849838);2,006974;0,02500753;;;-2,596005;-0,0114466;3,986782
1,011112;1,971243973;0,008159712;(-2.592631000, -0.006025553, 3.991861000);(-0.056631530, 1.626413000, 0.001712032);2,000139;0,02842431;;;-2,592631;-0,006025553;3,991861
1,022224;1,976993830;0,005749857;(-2.595867000, -0.005156398, 3.987189000);(-0.056626800, 1.626407000, 0.001570888);2,000797;0,02273082;;;-2,595867;-0,005156398;3,987189
1,033335;1,987592620;0,01059879;(-2.601869000, -0.004217625, 3.978504000);(-0.056624410, 1.626405000, 0.001430221);2,002713;0,01260111;;;-2,601869;-0,004217625;3,978504
1,044446;2,006140530;0,01854791;(-2.612355000, -0.002190828, 3.963339000);(-0.056597750, 1.626410000, 0.001436181);2,005816;0,008326763;;;-2,612355;-0,002190828;3,963339
1,055557;2,024393520;0,01825299;(-2.622689000, -0.000535369, 3.948385000);(-0.056618360, 1.626394000, 0.001308866);2,009367;0,02561644;;;-2,622689;-0,0005353689;3,948385
1,066668;2,029806473;0,005412953;(-2.625457000, -0.002746224, 3.944292000);(-0.056500190, 1.626391000, 0.001169272);2,012908;0,03078496;;;-2,625457;-0,002746224;3,944292
1,077779;2,052482213;0,02267574;(-2.614884000, -0.016160610, 3.959207000);(-0.056529930, 1.626422000, 0.001025148);2,020583;0,02165612;;;-2,614884;-0,01616061;3,959207
