time;total distance traveled;distance to prev position;ray position;hmd position;distance to prev target;distance to current target
(-2.364510000, 3.001223000, 4.293030000);(-1.472050000, 1.296216000, 4.837516000);0,2333333;0,1444445

0;-0,01009322;0,01009322;(-2.370374000, 2.989783000, 4.288287000);(-0.079830570, 1.698263000, 0.030668810);0,01370198;1,994194;;;-2,370374;2,989783;4,288287
0,01111111;-0,000938635;0,009154585;(-2.374963000, 2.982734000, 4.284674000);(-0.079851660, 1.698301000, 0.030525400);0,02282376;1,991289;;;-2,374963;2,982734;4,284674
0,02222222;0,002135657;0,003074292;(-2.376664000, 2.980539000, 4.283356000);(-0.079848890, 1.698317000, 0.030317140);0,02586792;1,990569;;;-2,376664;2,980539;4,283356
0,03333334;-0,003817959;0,005953616;(-2.379184000, 2.985714000, 4.281837000);(-0.079853790, 1.698289000, 0.030146070);0,02410697;1,996516;;;-2,379184;2,985714;4,281837
0,04444445;-0,005312730;0,001494771;(-2.378255000, 2.986648000, 4.282543000);(-0.079833660, 1.698224000, 0.029914750);0,02261268;1,996688;;;-2,378255;2,986648;4,282543
0,05555556;-0,017276500;0,01196377;(-2.368537000, 2.987496000, 4.289470000);(-0.079823080, 1.698117000, 0.029740050);0,01474189;1,991098;;;-2,368537;2,987496;4,28947
0,06666667;-0,027732820;0,01045632;(-2.361046000, 2.992230000, 4.295021000);(-0.079806160, 1.698100000, 0.029597350);0,00984022;1,990246;;;-2,361046;2,99223;4,295021
0,07777778;-0,038547020;0,0108142;(-2.358301000, 3.002395000, 4.297488000);(-0.079764400, 1.698097000, 0.029412940);0,007732738;1,997027;;;-2,358301;3,002395;4,297488
0,08888889;-0,040391758;0,001844738;(-2.359423000, 3.003664000, 4.296758000);(-0.079870640, 1.698023000, 0.029373480);0,006762535;1,998807;;;-2,359423;3,003664;4,296758
0,1;-0,038196151;0,002195607;(-2.358019000, 3.002251000, 4.297680000);(-0.079820410, 1.697938000, 0.029229710);0,008050889;1,996727;;;-2,358019;3,002251;4,29768
0,1111111;-0,032897898;0,005298253;(-2.357197000, 2.997026000, 4.297994000);(-0.079770640, 1.697935000, 0.029095480);0,009784377;1,991814;;;-2,357197;2,997026;4,297994
0,1222222;-0,042499233;0,009601335;(-2.364826000, 2.995103000, 4.292491000);(-0.079732060, 1.698047000, 0.029048390);0,006151782;1,995074;;;-2,364826;2,995103;4,292491
0,1333333;-0,032222463;0,01027677;(-2.371946000, 2.989933000, 4.287181000);(-0.079718280, 1.698081000, 0.028875060);0,01472965;1,995334;;;-2,371946;2,989933;4,287181
0,1444445;-0,024319966;0,007902497;(-2.366279000, 2.985955000, 4.290991000);(-0.079736800, 1.698115000, 0.028824040);0,0155052;1,988354;;;-2,366279;2,985955;4,290991
0,1555556;-0,033001045;0,008681079;(-2.360062000, 2.989891000, 4.295597000);(-0.079688620, 1.698066000, 0.028683260);0,01244143;1,987656;;;-2,360062;2,989891;4,295597
0,1666667;-0,023109416;0,009891629;(-2.354461000, 2.996803000, 4.299920000);(-0.079614250, 1.698081000, 0.028600760);0,01296048;1,989889;;;-2,354461;2,996803;4,29992
0,1777778;-0,010512656;0,01259676;(-2.345827000, 3.003323000, 4.306372000);(-0.079617860, 1.698230000, 0.028592180);0,02305306;1,989929;;;-2,345827;3,003323;4,306372
0,1888889;0,007881374;0,01839403;(-2.331157000, 3.006710000, 4.316938000);(-0.079550820, 1.698218000, 0.028479940);0,04140189;1,983647;;;-2,331157;3,00671;4,316938
0,2;0,027083474;0,0192021;(-2.315841000, 3.002063000, 4.327548000);(-0.079428200, 1.698087000, 0.028361150);0,05967247;1,970271;;;-2,315841;3,002063;4,327548
0,2111111;0,046233064;0,01914959;(-2.300505000, 2.997800000, 4.338193000);(-0.079330820, 1.697966000, 0.028227220);0,07840953;1,957307;;;-2,300505;2,9978;4,338193
0,2222222;0,077016544;0,03078348;(-2.279635000, 2.979915000, 4.352057000);(-0.079252060, 1.697869000, 0.028083220);0,1055555;1,929432;;;-2,279635;2,979915;4,352057
0,2333333;0,116847524;0,03983098;(-2.253564000, 2.955194000, 4.369253000);(-0.079179420, 1.697778000, 0.027933790);0,1422585;1,892682;;;-2,253564;2,955194;4,369253
0,2444444;0,158226254;0,04137873;(-2.229355000, 2.925494000, 4.384874000);(-0.079127830, 1.697647000, 0.027730420);0,1801028;1,852821;;;-2,229355;2,925494;4,384874
0,2555556;0,217380044;0,05915379;(-2.193754000, 2.884285000, 4.407973000);(-0.079086900, 1.697495000, 0.027524540);0,2367357;1,796476;;;-2,193754;2,884285;4,407973
0,2666667;0,273924724;0,05654468;(-2.157455000, 2.848080000, 4.431824000);(-0.079022260, 1.697307000, 0.027312530);0,2925545;1,744319;;;-2,157455;2,84808;4,431824
0,2777778;0,349950304;0,07602558;(-2.105164000, 2.805281000, 4.466663000);(-0.078867050, 1.696881000, 0.026940120);0,3685132;1,677988;;;-2,105164;2,805281;4,466663
0,2888889;0,410242514;0,06029221;(-2.064281000, 2.770265000, 4.493823000);(-0.078773100, 1.696529000, 0.026604600);0,4287148;1,625326;;;-2,064281;2,770265;4,493823
0,3;0,472554334;0,06231182;(-2.025713000, 2.728287000, 4.518984000);(-0.078652200, 1.696066000, 0.026151730);0,4902371;1,568066;;;-2,025713;2,728287;4,518984
0,3111111;0,538159234;0,0656049;(-1.989138000, 2.679096000, 4.542362000);(-0.078553510, 1.695656000, 0.025671670);0,5539281;1,505607;;;-1,989138;2,679096;4,542362
0,3222222;0,617876854;0,07971762;(-1.954761000, 2.610248000, 4.563173000);(-0.078524660, 1.695309000, 0.025139760);0,6274812;1,426519;;;-1,954761;2,610248;4,563173
0,3333333;0,710129424;0,09225257;(-1.924384000, 2.524840000, 4.580297000);(-0.078475730, 1.695071000, 0.024601410);0,709347;1,334273;;;-1,924384;2,52484;4,580297
0,3444445;0,798474574;0,08834515;(-1.893637000, 2.443913000, 4.597914000);(-0.078639210, 1.694946000, 0.024097870);0,7907397;1,245935;;;-1,893637;2,443913;4,597914
0,3555556;0,879363644;0,08088907;(-1.862211000, 2.371723000, 4.616462000);(-0.078683650, 1.694784000, 0.023389530);0,8678607;1,16525;;;-1,862211;2,371723;4,616462
0,3666667;0,951204774;0,07184113;(-1.829971000, 2.310618000, 4.636157000);(-0.078704290, 1.694618000, 0.022702400);0,9382977;1,094379;;;-1,829971;2,310618;4,636157
0,3777778;1,019109534;0,06790476;(-1.794211000, 2.257500000, 4.658756000);(-0.078660410, 1.694384000, 0.022034240);1,006042;1,029471;;;-1,794211;2,2575;4,658756
0,3888889;1,087534194;0,06842466;(-1.755877000, 2.206403000, 4.683282000);(-0.078639540, 1.694282000, 0.021247630);1,074463;0,9658083;;;-1,755877;2,206403;4,683282
0,4;1,164606304;0,07707211;(-1.716137000, 2.145284000, 4.708289000);(-0.078670180, 1.694310000, 0.020348850);1,151286;0,8928577;;;-1,716137;2,145284;4,708289
0,4111111;1,224762104;0,0601558;(-1.684244000, 2.098441000, 4.728471000);(-0.078684590, 1.694474000, 0.019522320);1,211357;0,8369483;;;-1,684244;2,098441;4,728471
0,4222222;1,279553944;0,05479184;(-1.660771000, 2.051008000, 4.742659000);(-0.078757310, 1.694811000, 0.018747990);1,265038;0,783789;;;-1,660771;2,051008;4,742659
0,4333333;1,319430434;0,03987649;(-1.655989000, 2.011443000, 4.744011000);(-0.078794740, 1.695147000, 0.017973850);1,298095;0,7443964;;;-1,655989;2,011443;4,744011
0,4444444;1,370136784;0,05070635;(-1.648294000, 1.961406000, 4.746887000);(-0.078837210, 1.695526000, 0.017233800);1,341704;0,6940848;;;-1,648294;1,961406;4,746887
0,4555556;1,432803764;0,06266698;(-1.632662000, 1.901247000, 4.754866000);(-0.078891820, 1.695881000, 0.016533440);1,399586;0,6314189;;;-1,632662;1,901247;4,754866
0,4666667;1,502514694;0,06971093;(-1.607998000, 1.837610000, 4.769064000);(-0.078922580, 1.696225000, 0.015879640);1,467281;0,5623831;;;-1,607998;1,83761;4,769064
0,4777778;1,574666164;0,07215147;(-1.574862000, 1.776832000, 4.789410000);(-0.078848650, 1.696424000, 0.015367930);1,539178;0,4938383;;;-1,574862;1,776832;4,78941
0,4888889;1,638425324;0,06375916;(-1.542980000, 1.725341000, 4.809345000);(-0.078848440, 1.696766000, 0.014862490);1,602925;0,4358587;;;-1,54298;1,725341;4,809345
0,5;1,684780984;0,04635566;(-1.514661000, 1.693603000, 4.827774000);(-0.078906070, 1.697189000, 0.014533350);1,648655;0,3997841;;;-1,514661;1,693603;4,827774
0,5111111;1,723174284;0,0383933;(-1.488408000, 1.671703000, 4.845244000);(-0.078908670, 1.697457000, 0.014159750);1,685265;0,3759229;;;-1,488408;1,671703;4,845244
0,5222223;1,768253224;0,04507894;(-1.464798000, 1.636311000, 4.860147000);(-0.078969830, 1.697613000, 0.013876860);1,730343;0,3409248;;;-1,464798;1,636311;4,860147
0,5333334;1,809436714;0,04118349;(-1.447557000, 1.600375000, 4.870512000);(-0.078972840, 1.697822000, 0.013643930);1,771062;0,3069227;;;-1,447557;1,600375;4,870512
0,5444446;1,837043864;0,02760715;(-1.441942000, 1.573470000, 4.873106000);(-0.079009440, 1.697916000, 0.013339940);1,796134;0,2811458;;;-1,441942;1,57347;4,873106
0,5555557;1,862476484;0,02543262;(-1.436816000, 1.548671000, 4.875461000);(-0.078997430, 1.697990000, 0.013357830);1,819271;0,2577106;;;-1,436816;1,548671;4,875461
0,5666668;1,892355864;0,02987938;(-1.431193000, 1.519430000, 4.877941000);(-0.078926170, 1.698023000, 0.013299000);1,846323;0,2304955;;;-1,431193;1,51943;4,877941
0,577778;1,927431904;0,03507604;(-1.422487000, 1.485742000, 4.882374000);(-0.078765640, 1.697938000, 0.013328620);1,879206;0,2009701;;;-1,422487;1,485742;4,882374
0,5888891;1,954211034;0,02677913;(-1.424817000, 1.459236000, 4.879360000);(-0.078647410, 1.697929000, 0.013337560);1,89856;0,1748063;;;-1,424817;1,459236;4,87936
0,6000003;1,978998454;0,02478742;(-1.426823000, 1.434676000, 4.876677000);(-0.078637670, 1.697818000, 0.013392520);1,91676;0,1508314;;;-1,426823;1,434676;4,876677
0,6111114;2,000615934;0,02161748;(-1.434626000, 1.415596000, 4.870166000);(-0.078475040, 1.697811000, 0.013576930);1,926651;0,1292986;;;-1,434626;1,415596;4,870166
0,6222225;2,019213104;0,01859717;(-1.431090000, 1.397406000, 4.871736000);(-0.078413390, 1.697826000, 0.013759200);1,943811;0,1144034;;;-1,43109;1,397406;4,871736
0,6333337;2,034290674;0,01507757;(-1.421656000, 1.387391000, 4.877903000);(-0.078296680, 1.697892000, 0.013953750);1,958444;0,1117298;;;-1,421656;1,387391;4,877903
0,6444448;2,051781474;0,0174908;(-1.410008000, 1.376864000, 4.885613000);(-0.078149650, 1.697950000, 0.014170360);1,975037;0,1125459;;;-1,410008;1,376864;4,885613
0,655556;2,063663174;0,0118817;(-1.400338000, 1.375581000, 4.892397000);(-0.078063640, 1.697955000, 0.014458130);1,982821;0,120222;;;-1,400338;1,375581;4,892397
0,6666671;2,070222790;0,006559616;(-1.395027000, 1.374548000, 4.896106000);(-0.077963930, 1.697941000, 0.014788930);1,987377;0,124504;;;-1,395027;1,374548;4,896106
0,6777782;2,074790634;0,004567844;(-1.397693000, 1.371456000, 4.894058000);(-0.077890950, 1.697948000, 0.015108410);1,987992;0,1199457;;;-1,397693;1,371456;4,894058
0,6888894;2,059025324;0,01576531;(-1.410404000, 1.374393000, 4.885206000);(-0.077796570, 1.697869000, 0.015458950);1,976757;0,1103915;;;-1,410404;1,374393;4,885206
0,7000005;2,030584054;0,02844127;(-1.433330000, 1.379720000, 4.869240000);(-0.077719790, 1.697785000, 0.015789700);1,956626;0,09735826;;;-1,43333;1,37972;4,86924
0,7111117;2,008771034;0,02181302;(-1.450063000, 1.372877000, 4.857035000);(-0.077602830, 1.697641000, 0.016122830);1,950853;0,08210514;;;-1,450063;1,372877;4,857035
0,7222228;2,024096344;0,01532531;(-1.453072000, 1.358130000, 4.854145000);(-0.077518560, 1.697464000, 0.016499820);1,96095;0,06685834;;;-1,453072;1,35813;4,854145
0,7333339;2,043070734;0,01897439;(-1.448986000, 1.339703000, 4.856091000);(-0.077483600, 1.697270000, 0.016774420);1,978855;0,05261294;;;-1,448986;1,339703;4,856091
0,7444451;2,051867405;0,008796671;(-1.447327000, 1.331095000, 4.856823000);(-0.077415190, 1.697049000, 0.017065170);1,987061;0,0469102;;;-1,447327;1,331095;4,856823
0,7555562;2,061923045;0,01005564;(-1.441846000, 1.323420000, 4.860311000);(-0.077297100, 1.696806000, 0.017368560);1,997032;0,04660381;;;-1,441846;1,32342;4,860311
0,7666674;2,072777435;0,01085439;(-1.436162000, 1.314898000, 4.863899000);(-0.077254080, 1.696623000, 0.017646020);2,007838;0,04830157;;;-1,436162;1,314898;4,863899
0,7777785;2,078409981;0,005632546;(-1.433147000, 1.310541000, 4.865810000);(-0.077182170, 1.696557000, 0.017961330);2,013435;0,05019182;;;-1,433147;1,310541;4,86581
0,7888896;2,084556016;0,006146035;(-1.435820000, 1.305443000, 4.863655000);(-0.077188450, 1.696439000, 0.018211910);2,015874;0,04561825;;;-1,43582;1,305443;4,863655
0,8000008;2,091375594;0,006819578;(-1.439738000, 1.300748000, 4.860638000);(-0.077203970, 1.696439000, 0.018456050);2,017175;0,03998993;;;-1,439738;1,300748;4,860638
0,8111119;2,074664884;0,01671071;(-1.453097000, 1.297850000, 4.851026000);(-0.077179560, 1.696329000, 0.018792220);2,010849;0,02333222;;;-1,453097;1,29785;4,851026
0,8222231;2,060998034;0,01366685;(-1.463483000, 1.293241000, 4.843431000);(-0.077293000, 1.696188000, 0.019258450);2,007982;0,01082722;;;-1,463483;1,293241;4,843431
0,8333342;2,027026714;0,03397132;(-1.491046000, 1.297990000, 4.824150000);(-0.077402450, 1.696105000, 0.019422720);1,986462;0,02329516;;;-1,491046;1,29799;4,82415
0,8444453;2,016199004;0,01082771;(-1.499649000, 1.300790000, 4.818201000);(-0.077449730, 1.696041000, 0.019713710);1,978702;0,03399575;;;-1,499649;1,30079;4,818201
0,8555565;2,005076034;0,01112297;(-1.507896000, 1.305738000, 4.812613000);(-0.077449730, 1.696041000, 0.019713710);1,969371;0,0446741;;;-1,507896;1,305738;4,812613
0,8666676;2,005076034;0;(-1.507896000, 1.305738000, 4.812613000);(-0.077682460, 1.696090000, 0.020131300);1,969371;0,0446741;;;-1,507896;1,305738;4,812613
0,8777788;2,000043348;0,005032686;(-1.511980000, 1.305336000, 4.809700000);(-0.077752150, 1.696127000, 0.020411320);1,967177;0,04951099;;;-1,51198;1,305336;4,8097
0,8888899;2,006024116;0,005980768;(-1.507468000, 1.302887000, 4.812769000);(-0.077846070, 1.696150000, 0.020657840);1,972053;0,04371963;;;-1,507468;1,302887;4,812769
0,900001;2,010119071;0,004094955;(-1.504599000, 1.300686000, 4.814689000);(-0.077976960, 1.696235000, 0.021068040);1,975703;0,04000621;;;-1,504599;1,300686;4,814689
0,9111122;2,021152181;0,01103311;(-1.496184000, 1.296449000, 4.820431000);(-0.078049490, 1.696136000, 0.021285240);1,984539;0,02957066;;;-1,496184;1,296449;4,820431
0,9222233;2,028047328;0,006895147;(-1.493870000, 1.290088000, 4.821744000);(-0.078149250, 1.695975000, 0.021471570);1,991365;0,0276118;;;-1,49387;1,290088;4,821744
0,9333345;2,036950499;0,008903171;(-1.497695000, 1.282667000, 4.818652000);(-0.078246150, 1.695873000, 0.021665760);1,995265;0,03459916;;;-1,497695;1,282667;4,818652
0,9444456;2,026272739;0,01067776;(-1.506355000, 1.281759000, 4.812471000);(-0.078353440, 1.695778000, 0.021845170);1,99068;0,04486708;;;-1,506355;1,281759;4,812471
