time;total distance traveled;distance to prev position;ray position;hmd position;distance to prev target;distance to current target
(0.901651900, 0.749606900, 4.851025000);(2.743593000, 0.853139100, 4.078669000);0,2444444;0,2222222

0;-0,01853056;0,01853056;(0.932860300, 0.731759400, 4.837592000);(-0.062860970, 1.669628000, 0.055894030);0,0383788;1,967092;;;0,9328603;0,7317594;4,837592
0,01111111;-0,010152748;0,008377812;(0.937142600, 0.724820100, 4.835670000);(-0.063084330, 1.669512000, 0.056006510);0,04593204;1,96285;;;0,9371426;0,7248201;4,83567
0,02222222;-0,015086954;0,004934206;(0.933499000, 0.727746700, 4.837253000);(-0.063260110, 1.669488000, 0.056021790);0,04100948;1,966625;;;0,933499;0,7277467;4,837253
0,03333334;-0,022373614;0,00728666;(0.928240100, 0.732240700, 4.839542000);(-0.063402740, 1.669457000, 0.056048970);0,03376922;1,972068;;;0,9282401;0,7322407;4,839542
0,04444445;-0,032509934;0,01013632;(0.921901300, 0.739640300, 4.842337000);(-0.063537900, 1.669495000, 0.056177870);0,02418357;1,978543;;;0,9219013;0,7396403;4,842337
0,05555556;-0,036597912;0,004087978;(0.920923000, 0.743580200, 4.842818000);(-0.063797470, 1.669452000, 0.056292850);0,02179546;1,979407;;;0,920923;0,7435802;4,842818
0,06666667;-0,040347818;0,003749906;(0.920330800, 0.747269700, 4.843132000);(-0.063979850, 1.669387000, 0.056341310);0,02041218;1,979873;;;0,9203308;0,7472697;4,843132
0,07777778;-0,045733859;0,005386041;(0.915564800, 0.748745000, 4.845161000);(-0.064132450, 1.669369000, 0.056397540);0,01512247;1,984968;;;0,9155648;0,748745;4,845161
0,08888889;-0,048023269;0,00228941;(0.913557200, 0.748023700, 4.845993000);(-0.064384650, 1.669359000, 0.056439950);0,01302169;1,987175;;;0,9135572;0,7480237;4,845993
0,1;-0,049547867;0,001524598;(0.912156000, 0.748134200, 4.846583000);(-0.064544420, 1.669304000, 0.056480180);0,0114992;1,988688;;;0,912156;0,7481342;4,846583
0,1111111;-0,053696257;0,00414839;(0.909743300, 0.751334500, 4.847654000);(-0.064629820, 1.669322000, 0.056515020);0,008934099;1,991157;;;0,9097433;0,7513345;4,847654
0,1222222;-0,0543409022;0,0006446452;(0.909339200, 0.750859000, 4.847816000);(-0.064751760, 1.669261000, 0.056526440);0,008423842;1,991616;;;0,9093392;0,750859;4,847816
0,1333333;-0,0482899312;0,006050971;(0.914254400, 0.748034400, 4.845700000);(-0.064863120, 1.669221000, 0.056551950);0,0137714;1,98642;;;0,9142544;0,7480344;4,8457
0,1444445;-0,0445631382;0,003726793;(0.917685400, 0.748255300, 4.844262000);(-0.064954390, 1.669170000, 0.056587170);0,01745396;1,982693;;;0,9176854;0,7482553;4,844262
0,1555556;-0,0481096232;0,003546485;(0.914920900, 0.750128300, 4.845456000);(-0.065034970, 1.669165000, 0.056606840);0,01439959;1,985602;;;0,9149209;0,7501283;4,845456
0,1666667;-0,0416947832;0,00641484;(0.913941600, 0.743795800, 4.845757000);(-0.065158520, 1.669153000, 0.056733330);0,01457939;1,986959;;;0,9139416;0,7437958;4,845757
0,1777778;-0,0368151832;0,0048796;(0.915089000, 0.739086900, 4.845191000);(-0.065244540, 1.669111000, 0.056783870);0,01803491;1,985949;;;0,915089;0,7390869;4,845191
0,1888889;-0,0385471752;0,001731992;(0.913720900, 0.739969900, 4.845781000);(-0.065333040, 1.669123000, 0.056919650);0,0163103;1,987386;;;0,9137209;0,7399699;4,845781
0,2;-0,0430532262;0,004506051;(0.912846600, 0.744367800, 4.846227000);(-0.065397920, 1.669177000, 0.057018180);0,01325861;1,988117;;;0,9128466;0,7443678;4,846227
0,2111111;-0,0256698662;0,01738336;(0.928864000, 0.743925000, 4.839487000);(-0.065424460, 1.669336000, 0.057102750);0,03009835;1,97079;;;0,928864;0,743925;4,839487
0,2222222;-0,0047507762;0,02091909;(0.947708000, 0.739615900, 4.831490000);(-0.065451130, 1.669417000, 0.057263030);0,05101553;1,950598;;;0,947708;0,7396159;4,83149
0,2333333;0,0213623238;0,0261131;(0.971772200, 0.740525500, 4.821392000);(-0.065475880, 1.669447000, 0.057419790);0,07666453;1,924492;;;0,9717722;0,7405255;4,821392
0,2444444;0,0402066838;0,01884436;(0.988917500, 0.743691700, 4.814241000);(-0.065484460, 1.669449000, 0.057566000);0,09488562;1,905763;;;0,9889175;0,7436917;4,814241
0,2555556;0,0622269438;0,02202026;(1.008698000, 0.748789400, 4.806018000);(-0.065442190, 1.669430000, 0.057751550);0,1161258;1,884087;;;1,008698;0,7487894;4,806018
0,2666667;0,0914465138;0,02921957;(1.035432000, 0.752577300, 4.794848000);(-0.065440610, 1.669284000, 0.057894960);0,1451263;1,85495;;;1,035432;0,7525773;4,794848
0,2777778;0,1221499738;0,03070346;(1.063646000, 0.755248800, 4.783036000);(-0.065370950, 1.669206000, 0.058052320);0,1757734;1,824264;;;1,063646;0,7552488;4,783036
0,2888889;0,1581761838;0,03602621;(1.096788000, 0.757844000, 4.769153000);(-0.065376650, 1.669182000, 0.058254910);0,2117757;1,788244;;;1,096788;0,757844;4,769153
0,3;0,1976095138;0,03943333;(1.133140000, 0.757730000, 4.753871000);(-0.065285580, 1.669065000, 0.058418170);0,25118;1,748874;;;1,13314;0,75773;4,753871
0,3111111;0,2377318638;0,04012235;(1.170128000, 0.758177500, 4.738333000);(-0.065340210, 1.669032000, 0.058607950);0,2912946;1,708791;;;1,170128;0,7581775;4,738333
0,3222222;0,2786819338;0,04095007;(1.207872000, 0.757582800, 4.722458000);(-0.065254460, 1.668920000, 0.058744240);0,33221;1,667944;;;1,207872;0,7575828;4,722458
0,3333333;0,3179885338;0,0393066;(1.244074000, 0.759556800, 4.707277000);(-0.065191860, 1.668800000, 0.058842550);0,3715045;1,628638;;;1,244074;0,7595568;4,707277
0,3444445;0,3613073838;0,04331885;(1.283933000, 0.762538200, 4.690577000);(-0.065163420, 1.668712000, 0.058928330);0,414789;1,585322;;;1,283933;0,7625382;4,690577
0,3555556;0,4016812438;0,04037386;(1.320846000, 0.767995400, 4.675158000);(-0.065243880, 1.668589000, 0.058966060);0,4549624;1,545076;;;1,320846;0,7679954;4,675158
0,3666667;0,4397361338;0,03805489;(1.355571000, 0.773676300, 4.660664000);(-0.065256450, 1.668707000, 0.059010100);0,4928072;1,507196;;;1,355571;0,7736763;4,660664
0,3777778;0,4732957638;0,03355963;(1.385899000, 0.780535300, 4.648037000);(-0.065359910, 1.668848000, 0.059066670);0,5259803;1,474037;;;1,385899;0,7805353;4,648037
0,3888889;0,5104158038;0,03712004;(1.419801000, 0.775733800, 4.633703000);(-0.065487010, 1.668933000, 0.059136200);0,5624853;1,437526;;;1,419801;0,7757338;4,633703
0,4;0,5525110338;0,04209523;(1.454722000, 0.757633900, 4.618706000);(-0.065643800, 1.669173000, 0.059223760);0,5999359;1,400696;;;1,454722;0,7576339;4,618706
0,4111111;0,5935929838;0,04108195;(1.491035000, 0.746232700, 4.603241000);(-0.065704210, 1.669487000, 0.059361380);0,6393589;1,36217;;;1,491035;0,7462327;4,603241
0,4222222;0,6272179138;0,03362493;(1.521723000, 0.741713100, 4.590263000);(-0.065785480, 1.669789000, 0.059532240);0,672716;1,329327;;;1,521723;0,7417131;4,590263
0,4333333;0,6652359638;0,03801805;(1.556279000, 0.748318700, 4.575855000);(-0.065937560, 1.670191000, 0.059746850);0,7101105;1,29147;;;1,556279;0,7483187;4,575855
0,4444444;0,7163336738;0,05109771;(1.603229000, 0.752837800, 4.556202000);(-0.066011910, 1.670516000, 0.059895050);0,7610136;1,240374;;;1,603229;0,7528378;4,556202
0,4555556;0,7675917238;0,05125805;(1.650430000, 0.755643100, 4.536413000);(-0.065961000, 1.670818000, 0.060006220);0,8122104;1,189134;;;1,65043;0,7556431;4,536413
0,4666667;0,8234001038;0,05580838;(1.701301000, 0.764365000, 4.515185000);(-0.065989210, 1.671152000, 0.060107420);0,867436;1,13349;;;1,701301;0,764365;4,515185
0,4777778;0,8774969038;0,0540968;(1.750439000, 0.773973800, 4.494701000);(-0.065842700, 1.671356000, 0.060152250);0,9208693;1,079678;;;1,750439;0,7739738;4,494701
0,4888889;0,9265630338;0,04906613;(1.795338000, 0.780270000, 4.475941000);(-0.065627010, 1.671547000, 0.060156480);0,9696922;1,03069;;;1,795338;0,78027;4,475941
0,5;0,9775827738;0,05101974;(1.842369000, 0.779930700, 4.456168000);(-0.065379680, 1.671787000, 0.060231220);1,020676;0,9798314;;;1,842369;0,7799307;4,456168
0,5111111;1,0239348138;0,04635204;(1.884824000, 0.774977500, 4.438236000);(-0.065080820, 1.671980000, 0.060271340);1,066614;0,9342815;;;1,884824;0,7749775;4,438236
0,5222223;1,0710868238;0,04715201;(1.928164000, 0.771657900, 4.419961000);(-0.064775320, 1.672108000, 0.060293930);1,113566;0,8877187;;;1,928164;0,7716579;4,419961
0,5333334;1,1185682238;0,0474814;(1.971936000, 0.771718100, 4.401564000);(-0.064358290, 1.672191000, 0.060429770);1,161039;0,8404434;;;1,971936;0,7717181;4,401564
0,5444446;1,1658499238;0,0472817;(2.015490000, 0.770146400, 4.383230000);(-0.063983130, 1.672236000, 0.060469340);1,208259;0,7935862;;;2,01549;0,7701464;4,38323
0,5555557;1,2124848338;0,04663491;(2.058482000, 0.770743500, 4.365171000);(-0.063569070, 1.672285000, 0.060393830);1,254893;0,7471607;;;2,058482;0,7707435;4,365171
0,5666668;1,2525433938;0,04005856;(2.094713000, 0.778773100, 4.350085000);(-0.063330200, 1.672371000, 0.060568850);1,294289;0,7072785;;;2,094713;0,7787731;4,350085
0,577778;1,2908598538;0,03831646;(2.128461000, 0.790338800, 4.336104000);(-0.062890620, 1.672353000, 0.060623840);1,331113;0,6697797;;;2,128461;0,7903388;4,336104
0,5888891;1,3298663338;0,03900648;(2.163805000, 0.797789000, 4.321381000);(-0.062484370, 1.672461000, 0.060649530);1,369626;0,6309731;;;2,163805;0,797789;4,321381
0,6000003;1,3589127438;0,02904641;(2.189008000, 0.807789600, 4.310965000);(-0.062009070, 1.672489000, 0.060744270);1,39726;0,6029782;;;2,189008;0,8077896;4,310965
0,6111114;1,3853423538;0,02642961;(2.211034000, 0.819250800, 4.301909000);(-0.061544670, 1.672488000, 0.060836450);1,42157;0,5784494;;;2,211034;0,8192508;4,301909
0,6222225;1,4038049638;0,01846261;(2.223716000, 0.831657400, 4.296798000);(-0.060961800, 1.672389000, 0.060949850);1,43588;0,5641935;;;2,223716;0,8316574;4,296798
0,6333337;1,4249900338;0,02118507;(2.241062000, 0.841519100, 4.289681000);(-0.060673610, 1.672202000, 0.061081190);1,455189;0,5451591;;;2,241062;0,8415191;4,289681
0,6444448;1,4435638638;0,01857383;(2.255460000, 0.851679100, 4.283810000);(-0.060164850, 1.672176000, 0.061220420);1,471376;0,5294894;;;2,25546;0,8516791;4,28381
0,655556;1,4718203838;0,02825652;(2.281170000, 0.856416900, 4.273087000);(-0.059737040, 1.672073000, 0.061304170);1,499497;0,5016417;;;2,28117;0,8564169;4,273087
0,6666671;1,5044975338;0,03267715;(2.311214000, 0.859028100, 4.260505000);(-0.059324280, 1.672128000, 0.061410890);1,532173;0,4690953;;;2,311214;0,8590281;4,260505
0,6777782;1,5350056138;0,03050808;(2.339192000, 0.862359400, 4.248805000);(-0.058900680, 1.672071000, 0.061472250);1,562659;0,4388296;;;2,339192;0,8623594;4,248805
0,6888894;1,5627457038;0,02774009;(2.364614000, 0.865564500, 4.238176000);(-0.058432890, 1.672022000, 0.061579210);1,590373;0,4113662;;;2,364614;0,8655645;4,238176
0,7000005;1,5922245738;0,02947887;(2.390863000, 0.858123300, 4.227012000);(-0.058005940, 1.671882000, 0.061626150);1,618307;0,3826869;;;2,390863;0,8581233;4,227012
0,7111117;1,6217368138;0,02951224;(2.417389000, 0.851760400, 4.215751000);(-0.057566580, 1.671749000, 0.061706890);1,646654;0,3538392;;;2,417389;0,8517604;4,215751
0,7222228;1,6475761938;0,02583938;(2.439993000, 0.843772600, 4.206109000);(-0.057182820, 1.671590000, 0.061705750);1,670711;0,3293963;;;2,439993;0,8437726;4,206109
0,7333339;1,6656699038;0,01809371;(2.456671000, 0.843581000, 4.199096000);(-0.056885410, 1.671397000, 0.061633900);1,688765;0,3113172;;;2,456671;0,843581;4,199096
0,7444451;1,6866872338;0,02101733;(2.475750000, 0.847385500, 4.191144000);(-0.056545060, 1.671350000, 0.061670260);1,709617;0,2905574;;;2,47575;0,8473855;4,191144
0,7555562;1,7140947038;0,02740747;(2.500782000, 0.843845200, 4.180560000);(-0.056411030, 1.671180000, 0.061831610);1,736555;0,2634866;;;2,500782;0,8438452;4,18056
0,7666674;1,7402853938;0,02619069;(2.524872000, 0.842246200, 4.170406000);(-0.056141640, 1.671136000, 0.061902660);1,762574;0,2374309;;;2,524872;0,8422462;4,170406
0,7777785;1,7646871438;0,02440175;(2.546677000, 0.848407500, 4.161350000);(-0.055845540, 1.671135000, 0.061926980);1,786483;0,2136223;;;2,546677;0,8484075;4,16135
0,7888896;1,7836626238;0,01897548;(2.564096000, 0.850288300, 4.154062000);(-0.055619640, 1.671183000, 0.062034260);1,80544;0,1947088;;;2,564096;0,8502883;4,154062
0,8000008;1,7995698738;0,01590725;(2.578695000, 0.851905700, 4.147954000);(-0.055432230, 1.671208000, 0.062117000);1,821331;0,1788674;;;2,578695;0,8519057;4,147954
0,8111119;1,8078961288;0,008326255;(2.585939000, 0.849206300, 4.144863000);(-0.055353490, 1.671210000, 0.062179160);1,829046;0,1710319;;;2,585939;0,8492063;4,144863
0,8222231;1,8233118388;0,01541571;(2.599816000, 0.845982800, 4.138973000);(-0.055241720, 1.671211000, 0.062252360);1,843927;0,1560761;;;2,599816;0,8459828;4,138973
0,8333342;1,8366093088;0,01329747;(2.611397000, 0.841708800, 4.134030000);(-0.055101830, 1.671213000, 0.062343790);1,856284;0,1437754;;;2,611397;0,8417088;4,13403
0,8444453;1,8522598188;0,01565051;(2.624673000, 0.835680700, 4.128343000);(-0.055016730, 1.671248000, 0.062404680);1,870422;0,1300549;;;2,624673;0,8356807;4,128343
0,8555565;1,8703410688;0,01808125;(2.640734000, 0.830960000, 4.121509000);(-0.054878430, 1.671278000, 0.062469440);1,887649;0,1136101;;;2,640734;0,83096;4,121509
0,8666676;1,8899444988;0,01960343;(2.658766000, 0.829785200, 4.113910000);(-0.054816050, 1.671342000, 0.062574280);1,907149;0,09477843;;;2,658766;0,8297852;4,11391
0,8777788;1,9068940688;0,01694957;(2.674374000, 0.829090500, 4.107337000);(-0.054807360, 1.671484000, 0.062752620);1,924041;0,07868608;;;2,674374;0,8290905;4,107337
0,8888899;1,9229128388;0,01601877;(2.688620000, 0.824976900, 4.101276000);(-0.054707240, 1.671566000, 0.062892510);1,939345;0,06577438;;;2,68862;0,8249769;4,101276
0,900001;1,9319710218;0,009058183;(2.696102000, 0.821010600, 4.098062000);(-0.054644180, 1.671608000, 0.063048080);1,947333;0,06052854;;;2,696102;0,8210106;4,098062
0,9111122;1,9364195608;0,004448539;(2.699884000, 0.819318500, 4.096442000);(-0.054588240, 1.671615000, 0.063204060);1,951383;0,05805339;;;2,699884;0,8193185;4,096442
0,9222233;1,9280756868;0,008343874;(2.692211000, 0.818671200, 4.099656000);(-0.054525380, 1.671651000, 0.063333970);1,943046;0,06533439;;;2,692211;0,8186712;4,099656
0,9333345;1,9212472808;0,006828406;(2.691746000, 0.811859100, 4.099731000);(-0.054562180, 1.671692000, 0.063505550);1,942358;0,06954005;;;2,691746;0,8118591;4,099731
0,9444456;1,9309697808;0,0097225;(2.700171000, 0.808604000, 4.096132000);(-0.054504530, 1.671697000, 0.063613610);1,951413;0,06460546;;;2,700171;0,808604;4,096132
0,9555568;1,9420967408;0,01112696;(2.710428000, 0.808807800, 4.091825000);(-0.054453510, 1.671717000, 0.063731980);1,962539;0,0569058;;;2,710428;0,8088078;4,091825
0,9666679;1,9553347108;0,01323797;(2.720957000, 0.815578600, 4.087519000);(-0.054389280, 1.671763000, 0.063867820);1,974124;0,04473828;;;2,720957;0,8155786;4,087519
0,977779;1,9638515358;0,008516825;(2.726386000, 0.821770900, 4.085346000);(-0.054297210, 1.671744000, 0.064028280);1,980183;0,03639572;;;2,726386;0,8217709;4,085346
0,9888902;1,9702833298;0,006431794;(2.730660000, 0.826259300, 4.083629000);(-0.054206220, 1.671636000, 0.064312770);1,984954;0,03023878;;;2,73066;0,8262593;4,083629
1,000001;1,9719694118;0,001686082;(2.732082000, 0.826951200, 4.083044000);(-0.054115850, 1.671707000, 0.064503240);1,986518;0,02893866;;;2,732082;0,8269512;4,083044
1,011112;1,9706807408;0,001288671;(2.731593000, 0.825773400, 4.083229000);(-0.053989830, 1.671712000, 0.064655770);1,98595;0,03022704;;;2,731593;0,8257734;4,083229
1,022224;1,9696593908;0,00102135;(2.730667000, 0.825581400, 4.083614000);(-0.053882820, 1.671717000, 0.064815240);1,98494;0,0308377;;;2,730667;0,8255814;4,083614
1,033335;1,9665682738;0,003091117;(2.728021000, 0.824415100, 4.084706000);(-0.053780650, 1.671664000, 0.064996260);1,982035;0,03322663;;;2,728021;0,8244151;4,084706
1,044446;1,9714275328;0,004859259;(2.732358000, 0.823232700, 4.082862000);(-0.053673160, 1.671654000, 0.065141510);1,986701;0,0322211;;;2,732358;0,8232327;4,082862
1,055557;1,9773742878;0,005946755;(2.737610000, 0.824977800, 4.080686000);(-0.053556860, 1.671566000, 0.065167800);1,992447;0,02886043;;;2,73761;0,8249778;4,080686
1,066668;1,9828887688;0,005514481;(2.742693000, 0.824894100, 4.078548000);(-0.053422880, 1.671528000, 0.065270680);1,997954;0,02825963;;;2,742693;0,8248941;4,078548
1,077779;1,9909961258;0,008107357;(2.750106000, 0.823919500, 4.075415000);(-0.053268580, 1.671483000, 0.065391850);2,00596;0,0301131;;;2,750106;0,8239195;4,075415
1,08889;1,9952874508;0,004291325;(2.752625000, 0.827247400, 4.074415000);(-0.053110330, 1.671469000, 0.065571680);2,008793;0,02774956;;;2,752625;0,8272474;4,074415
1,100002;1,9894394908;0,00584796;(2.747301000, 0.828129800, 4.076668000);(-0.052985730, 1.671439000, 0.065676470);2,003051;0,02536162;;;2,747301;0,8281298;4,076668
1,111113;1,9802208678;0,009218623;(2.739143000, 0.825482300, 4.080050000);(-0.052823420, 1.671368000, 0.065706830);1,994125;0,02804646;;;2,739143;0,8254823;4,08005
1,122224;1,9726814908;0,007539377;(2.732258000, 0.826461000, 4.082961000);(-0.052707730, 1.671345000, 0.065821160);1,986693;0,02930237;;;2,732258;0,826461;4,082961
1,133335;1,9588060408;0,01387545;(2.721296000, 0.833529200, 4.087694000);(-0.052566350, 1.671397000, 0.065984090);1,97505;0,03103489;;;2,721296;0,8335292;4,087694
1,144446;1,9440024908;0,01480355;(2.711080000, 0.843267900, 4.092159000);(-0.052473440, 1.671355000, 0.066056890);1,964352;0,03655856;;;2,71108;0,8432679;4,092159
1,155557;1,9365980308;0,00740446;(2.706448000, 0.848671700, 4.094202000);(-0.052457930, 1.671217000, 0.066137630);1,959563;0,04050872;;;2,706448;0,8486717;4,094202
1,166668;1,9423601658;0,005762135;(2.711711000, 0.849493000, 4.092004000);(-0.052321300, 1.671134000, 0.066139740);1,9653;0,03475014;;;2,711711;0,849493;4,092004
