time;total distance traveled;distance to prev position;ray position;hmd position;distance to prev target;distance to current target
(3.877448000, 1.615456000, 2.867471000);(2.321792000, 1.744833000, 4.117749000);0,3;0,3

0;-0,009764779;0,009764779;(3.897559000, 1.624912000, 2.849317000);(0.042305350, 1.616379000, -0.323725100);0,02869563;2,026411;;;3,897559;1,624912;2,849317
0,01111111;-0,005751027;0,004013752;(3.900572000, 1.623438000, 2.847113000);(0.042318170, 1.616355000, -0.323705300);0,03182588;2,030222;;;3,900572;1,623438;2,847113
0,02222222;-0,008478985;0,002727958;(3.899621000, 1.621172000, 2.848297000);(0.042386360, 1.616376000, -0.323674100);0,02986554;2,028878;;;3,899621;1,621172;2,848297
0,03333334;-0,021474055;0,01299507;(3.890777000, 1.616211000, 2.856424000);(0.042423760, 1.616360000, -0.323628300);0,01732825;2,017226;;;3,890777;1,616211;2,856424
0,04444445;-0,028421568;0,006947513;(3.886809000, 1.612125000, 2.860403000);(0.042408380, 1.616321000, -0.323578300);0,01219356;2,011917;;;3,886809;1,612125;2,860403
0,05555556;-0,036463036;0,008041468;(3.881615000, 1.608441000, 2.865314000);(0.042406000, 1.616293000, -0.323655700);0,008439614;2,005055;;;3,881615;1,608441;2,865314
0,06666667;-0,040760623;0,004297587;(3.878311000, 1.609580000, 2.867815000);(0.042354320, 1.616289000, -0.323638300);0,005949337;2,000845;;;3,878311;1,60958;2,867815
0,07777778;-0,045364149;0,004603526;(3.875768000, 1.613135000, 2.869260000);(0.042375840, 1.616229000, -0.323632100);0,003377718;1,997727;;;3,875768;1,613135;2,86926
0,08888889;-0,032764469;0,01259968;(3.883409000, 1.619832000, 2.861809000);(0.042378310, 1.616194000, -0.323629900);0,009313683;2,007899;;;3,883409;1,619832;2,861809
0,1;-0,023457144;0,009307325;(3.888335000, 1.625853000, 2.856699000);(0.042447720, 1.616245000, -0.323601000);0,01851122;2,014562;;;3,888335;1,625853;2,856699
0,1111111;-0,008844514;0,01461263;(3.893918000, 1.637594000, 2.850028000);(0.042497940, 1.616271000, -0.323624300);0,03264386;2,022424;;;3,893918;1,637594;2,850028
0,1222222;0,001600826;0,01044534;(3.896369000, 1.647051000, 2.846330000);(0.042541780, 1.616292000, -0.323630700);0,04246349;2,026168;;;3,896369;1,647051;2,84633
0,1333333;0,005766152;0,004165326;(3.893890000, 1.650048000, 2.847823000);(0.042513880, 1.616358000, -0.323679700);0,04304633;2,023163;;;3,89389;1,650048;2,847823
0,1444445;0,001512392;0,00425376;(3.891000000, 1.648412000, 2.850481000);(0.042510450, 1.616317000, -0.323720900);0,03947667;2,019327;;;3,891;1,648412;2,850481
0,1555556;-0,010831698;0,01234409;(3.889223000, 1.636722000, 2.854027000);(0.042576790, 1.616351000, -0.323769500);0,02777877;2,016314;;;3,889223;1,636722;2,854027
0,1666667;-0,025493968;0,01466227;(3.891238000, 1.622230000, 2.854970000);(0.042635530, 1.616375000, -0.323851900);0,0198074;2,018119;;;3,891238;1,62223;2,85497
0,1777778;-0,035050553;0,009556585;(3.891508000, 1.612790000, 2.856437000);(0.042643520, 1.616372000, -0.323895500);0,01807019;2,018007;;;3,891508;1,61279;2,856437
0,1888889;-0,040676864;0,005626311;(3.887614000, 1.610807000, 2.859981000);(0.042673200, 1.616359000, -0.323953100);0,0134558;2,012894;;;3,887614;1,610807;2,859981
0,2;-0,045531210;0,004854346;(3.885455000, 1.615036000, 2.860991000);(0.042735730, 1.616341000, -0.323973000);0,0103086;2,010305;;;3,885455;1,615036;2,860991
0,2111111;-0,037248561;0,008282649;(3.886619000, 1.622889000, 2.858633000);(0.042717340, 1.616353000, -0.323973100);0,01474738;2,012195;;;3,886619;1,622889;2,858633
0,2222222;-0,032151046;0,005097515;(3.889755000, 1.625521000, 2.855595000);(0.042729890, 1.616390000, -0.323975500);0,0198445;2,016377;;;3,889755;1,625521;2,855595
0,2333333;-0,025245482;0,006905564;(3.895129000, 1.624524000, 2.851375000);(0.042743330, 1.616481000, -0.323942500);0,02557212;2,023257;;;3,895129;1,624524;2,851375
0,2444444;-0,029329264;0,004083782;(3.896357000, 1.620642000, 2.851065000);(0.042848080, 1.616567000, -0.323957200);0,02556545;2,02464;;;3,896357;1,620642;2,851065
0,2555556;-0,033357914;0,00402865;(3.894783000, 1.617434000, 2.852926000);(0.042886560, 1.616660000, -0.323957800);0,02271486;2,022451;;;3,894783;1,617434;2,852926
0,2666667;-0,043246976;0,009889062;(3.887725000, 1.614543000, 2.859221000);(0.043036320, 1.616740000, -0.323999500);0,01321058;2,01321;;;3,887725;1,614543;2,859221
0,2777778;-0,056097246;0,01285027;(3.878085000, 1.612524000, 2.867474000);(0.043145570, 1.616811000, -0.324068500);0,003000715;2,000685;;;3,878085;1,612524;2,867474
0,2888889;-0,028540816;0,02755643;(3.856672000, 1.613812000, 2.884771000);(0.043259210, 1.616835000, -0.324163400);0,02708577;1,973134;;;3,856672;1,613812;2,884771
0,3;-0,003225696;0,02531512;(3.836960000, 1.616633000, 2.900402000);(0.043296730, 1.616804000, -0.324438900);0,05220281;1,947846;;;3,83696;1,616633;2,900402
0,3111111;0,039368334;0,04259403;(3.803817000, 1.619757000, 2.926973000);(0.043443560, 1.616770000, -0.324619900);0,09476593;1,905253;;;3,803817;1,619757;2,926973
0,3222222;0,085496104;0,04612777;(3.767912000, 1.623615000, 2.955674000);(0.043640710, 1.616733000, -0.324839800);0,1408705;1,859133;;;3,767912;1,623615;2,955674
0,3333333;0,122840794;0,03734469;(3.738844000, 1.626710000, 2.978914000);(0.043956940, 1.616719000, -0.324872700);0,1782057;1,821794;;;3,738844;1,62671;2,978914
0,3444445;0,160203144;0,03736235;(3.709863000, 1.627601000, 3.002478000);(0.044116080, 1.616659000, -0.324982100);0,2155437;1,784465;;;3,709863;1,627601;3,002478
0,3555556;0,191428804;0,03122566;(3.685553000, 1.630473000, 3.021864000);(0.044384540, 1.616751000, -0.325084100);0,2467516;1,75325;;;3,685553;1,630473;3,021864
0,3666667;0,225839344;0,03441054;(3.658909000, 1.637839000, 3.042356000);(0.044620490, 1.616752000, -0.325224200);0,2807937;1,719244;;;3,658909;1,637839;3,042356
0,3777778;0,265791354;0,03995201;(3.628431000, 1.650045000, 3.065122000);(0.044870500, 1.616757000, -0.325400800);0,3197993;1,68057;;;3,628431;1,650045;3,065122
0,3888889;0,313311244;0,04751989;(3.591646000, 1.660324000, 3.093394000);(0.045121380, 1.616735000, -0.325570300);0,3670656;1,6337;;;3,591646;1,660324;3,093394
0,4;0,355223774;0,04191253;(3.559025000, 1.663705000, 3.119492000);(0.045389890, 1.616692000, -0.325861300);0,4089447;1,591805;;;3,559025;1,663705;3,119492
0,4111111;0,403786254;0,04856248;(3.522809000, 1.655098000, 3.150678000);(0.045590670, 1.616641000, -0.326006000);0,4555733;1,544577;;;3,522809;1,655098;3,150678
0,4222222;0,461717854;0,0579316;(3.481827000, 1.637080000, 3.187447000);(0.045892480, 1.616472000, -0.326166100);0,5092822;1,49089;;;3,481827;1,63708;3,187447
0,4333333;0,529409154;0,0676913;(3.435129000, 1.612803000, 3.230016000);(0.046197210, 1.616367000, -0.326344300);0,5719191;1,430043;;;3,435129;1,612803;3,230016
0,4444444;0,591948534;0,06253938;(3.391028000, 1.592953000, 3.269667000);(0.046389460, 1.616321000, -0.326545100);0,6315633;1,373163;;;3,391028;1,592953;3,269667
0,4555556;0,656881164;0,06493263;(3.346036000, 1.570175000, 3.310571000);(0.046501730, 1.616207000, -0.326747800);0,6933876;1,31572;;;3,346036;1,570175;3,310571
0,4666667;0,715201234;0,05832007;(3.305310000, 1.550555000, 3.347418000);(0.046656910, 1.616131000, -0.326924500);0,7496015;1,264303;;;3,30531;1,550555;3,347418
0,4777778;0,768571874;0,05337064;(3.266040000, 1.538936000, 3.381642000);(0.046787890, 1.616049000, -0.327071900);0,802525;1,214847;;;3,26604;1,538936;3,381642
0,4888889;0,816498224;0,04792635;(3.228722000, 1.544443000, 3.411205000);(0.046811550, 1.615979000, -0.327184500);0,8494318;1,166998;;;3,228722;1,544443;3,411205
0,5;0,861095764;0,04459754;(3.195182000, 1.560581000, 3.435772000);(0.046919170, 1.615964000, -0.327231300);0,889643;1,123322;;;3,195182;1,560581;3,435772
0,5111111;0,901912594;0,04081683;(3.165052000, 1.577642000, 3.457385000);(0.047011440, 1.615938000, -0.327442000);0,9257087;1,08403;;;3,165052;1,577642;3,457385
0,5222223;0,935280134;0,03336754;(3.139333000, 1.585959000, 3.476949000);(0.046949930, 1.615977000, -0.327572300);0,9576781;1,050828;;;3,139333;1,585959;3,476949
0,5333334;0,970674354;0,03539422;(3.111779000, 1.590599000, 3.498675000);(0.046892560, 1.615990000, -0.327670000);0,9926152;1,015441;;;3,111779;1,590599;3,498675
0,5444446;1,014332114;0,04365776;(3.077785000, 1.595634000, 3.525601000);(0.046871760, 1.616029000, -0.327781300);1,035852;0,971815;;;3,077785;1,595634;3,525601
0,5555557;1,069808604;0,05547649;(3.034598000, 1.602988000, 3.559637000);(0.046829610, 1.616065000, -0.327818500);1,090709;0,916352;;;3,034598;1,602988;3,559637
0,5666668;1,124731144;0,05492254;(2.991836000, 1.608268000, 3.593697000);(0.046723400, 1.616095000, -0.327846900);1,145323;0,8615335;;;2,991836;1,608268;3,593697
0,577778;1,176872204;0,05214106;(2.951303000, 1.611062000, 3.626376000);(0.046593820, 1.616157000, -0.327856500);1,197373;0,8097074;;;2,951303;1,611062;3,626376
0,5888891;1,225015754;0,04814355;(2.914687000, 1.606097000, 3.657237000);(0.046437330, 1.616214000, -0.327836300);1,245282;0,7634417;;;2,914687;1,606097;3,657237
0,6000003;1,271666974;0,04665122;(2.878460000, 1.607848000, 3.686578000);(0.046256250, 1.616270000, -0.327797300);1,291887;0,7173232;;;2,87846;1,607848;3,686578
0,6111114;1,319156684;0,04748971;(2.841485000, 1.613696000, 3.715799000);(0.046025490, 1.616244000, -0.327789400);1,338986;0,6699558;;;2,841485;1,613696;3,715799
0,6222225;1,363978974;0,04482229;(2.806731000, 1.622692000, 3.742639000);(0.045778280, 1.616182000, -0.327773300);1,382897;0,6251341;;;2,806731;1,622692;3,742639
0,6333337;1,405451734;0,04147276;(2.774568000, 1.623598000, 3.768805000);(0.045536160, 1.616148000, -0.327796100);1,424364;0,5843509;;;2,774568;1,623598;3,768805
0,6444448;1,446847304;0,04139557;(2.742555000, 1.623383000, 3.795048000);(0.045119800, 1.616068000, -0.327733700);1,465757;0,543992;;;2,742555;1,623383;3,795048
0,655556;1,484504614;0,03765731;(2.713240000, 1.626690000, 3.818453000);(0.044731800, 1.615990000, -0.327718200);1,503287;0,5067224;;;2,71324;1,62669;3,818453
0,6666671;1,516852054;0,03234744;(2.688878000, 1.638231000, 3.836331000);(0.044378050, 1.616016000, -0.327736800);1,533593;0,4746704;;;2,688878;1,638231;3,836331
0,6777782;1,553046364;0,03619431;(2.660812000, 1.645462000, 3.858012000);(0.043935030, 1.616040000, -0.327742400);1,569164;0,4384889;;;2,660812;1,645462;3,858012
0,6888894;1,596053624;0,04300726;(2.627323000, 1.650186000, 3.884579000);(0.043532200, 1.616025000, -0.327680700);1,611995;0,3958228;;;2,627323;1,650186;3,884579
0,7000005;1,645187554;0,04913393;(2.589065000, 1.655397000, 3.914965000);(0.043086560, 1.616018000, -0.327602700);1,660954;0,3472105;;;2,589065;1,655397;3,914965
0,7111117;1,687846554;0,042659;(2.555853000, 1.660851000, 3.941175000);(0.042661490, 1.616021000, -0.327586100);1,703384;0,3049848;;;2,555853;1,660851;3,941175
0,7222228;1,721058144;0,03321159;(2.531039000, 1.673579000, 3.959211000);(0.042176520, 1.616068000, -0.327520300);1,734385;0,2720217;;;2,531039;1,673579;3,959211
0,7333339;1,740811634;0,01975349;(2.517671000, 1.685093000, 3.968094000);(0.041687400, 1.616107000, -0.327487000);1,750775;0,2536414;;;2,517671;1,685093;3,968094
0,7444451;1,751807324;0,01099569;(2.509148000, 1.685273000, 3.975039000);(0.041205200, 1.616213000, -0.327423700);1,761768;0,2429315;;;2,509148;1,685273;3,975039
0,7555562;1,771813944;0,02000662;(2.493578000, 1.686812000, 3.987508000);(0.040796370, 1.616313000, -0.327293800);1,781761;0,2232478;;;2,493578;1,686812;3,987508
0,7666674;1,795371964;0,02355802;(2.475311000, 1.687282000, 4.002377000);(0.040329820, 1.616369000, -0.327191100);1,805314;0,2004769;;;2,475311;1,687282;4,002377
0,7777785;1,819951134;0,02457917;(2.456292000, 1.692683000, 4.016980000);(0.039857870, 1.616370000, -0.327059700);1,829486;0,175967;;;2,456292;1,692683;4,01698
0,7888896;1,842859574;0,02290844;(2.440827000, 1.706116000, 4.027236000);(0.039363360, 1.616440000, -0.326997100);1,848554;0,1544703;;;2,440827;1,706116;4,027236
0,8000008;1,859609744;0,01675017;(2.430469000, 1.717605000, 4.033659000);(0.038907620, 1.616524000, -0.326911800);1,86123;0,1400823;;;2,430469;1,717605;4,033659
0,8111119;1,862669687;0,003059943;(2.428117000, 1.717456000, 4.035611000);(0.038404710, 1.616463000, -0.326750400);1,864274;0,137117;;;2,428117;1,717456;4,035611
0,8222231;1,871755766;0,009086079;(2.423168000, 1.711767000, 4.040680000);(0.037945600, 1.616566000, -0.326665400);1,870996;0,131568;;;2,423168;1,711767;4,04068
0,8333342;1,883215396;0,01145963;(2.414475000, 1.710455000, 4.048031000);(0.037460240, 1.616617000, -0.326579800);1,882296;0,1209652;;;2,414475;1,710455;4,048031
0,8444453;1,897969916;0,01475452;(2.403367000, 1.708325000, 4.057505000);(0.037083720, 1.616668000, -0.326447100);1,896766;0,1077802;;;2,403367;1,708325;4,057505
0,8555565;1,911650946;0,01368103;(2.392832000, 1.707813000, 4.066219000);(0.036676770, 1.616709000, -0.326346200);1,910396;0,09524963;;;2,392832;1,707813;4,066219
0,8666676;1,923565536;0,01191459;(2.386046000, 1.716774000, 4.070171000);(0.036337140, 1.616719000, -0.326199700);1,918601;0,08473263;;;2,386046;1,716774;4,070171
0,8777788;1,933520441;0,009954905;(2.383032000, 1.726230000, 4.070947000);(0.035997540, 1.616783000, -0.326121500);1,921954;0,07928946;;;2,383032;1,72623;4,070947
0,8888899;1,918693621;0,01482682;(2.389983000, 1.736897000, 4.063349000);(0.035724550, 1.616808000, -0.326053100);1,91244;0,08759162;;;2,389983;1,736897;4,063349
0,900001;1,911979361;0,00671426;(2.391738000, 1.742874000, 4.060843000);(0.035525240, 1.616823000, -0.325948000);1,909897;0,09019176;;;2,391738;1,742874;4,060843
0,9111122;1,916308117;0,004328756;(2.388527000, 1.744626000, 4.063159000);(0.035320520, 1.616850000, -0.325784900);1,913959;0,08621939;;;2,388527;1,744626;4,063159
0,9222233;1,929577737;0,01326962;(2.378768000, 1.741719000, 4.071667000);(0.035178870, 1.616807000, -0.325649100);1,926674;0,07334555;;;2,378768;1,741719;4,071667
0,9333345;1,947007097;0,01742936;(2.366797000, 1.735335000, 4.082608000);(0.035052060, 1.616805000, -0.325563000);1,94242;0,0578839;;;2,366797;1,735335;4,082608
0,9444456;1,964641597;0,0176345;(2.354213000, 1.730174000, 4.093832000);(0.034959800, 1.616750000, -0.325580300);1,95892;0,04287176;;;2,354213;1,730174;4,093832
0,9555568;1,976811217;0,01216962;(2.344926000, 1.729109000, 4.101625000);(0.034905940, 1.616587000, -0.325497700);1,970958;0,03228663;;;2,344926;1,729109;4,101625
0,9666679;1,984320150;0,007508933;(2.339891000, 1.733581000, 4.104947000);(0.034824230, 1.616394000, -0.325429800);1,977216;0,02486143;;;2,339891;1,733581;4,104947
0,977779;1,986022151;0,001702001;(2.338647000, 1.734335000, 4.105830000);(0.034768050, 1.616286000, -0.325490100);1,978781;0,02315953;;;2,338647;1,734335;4,10583
0,9888902;1,978582455;0,007439696;(2.344331000, 1.734942000, 4.101068000);(0.034768590, 1.616208000, -0.325492400);1,971417;0,02973384;;;2,344331;1,734942;4,101068
1,000001;1,983557257;0,004974802;(2.340579000, 1.734260000, 4.104262000);(0.034775050, 1.616157000, -0.325472900);1,976293;0,02542881;;;2,340579;1,73426;4,104262
1,011112;1,991563550;0,008006293;(2.334463000, 1.733598000, 4.109387000);(0.034729750, 1.616122000, -0.325341800);1,984217;0,01888675;;;2,334463;1,733598;4,109387
1,022224;2,001505920;0,00994237;(2.327132000, 1.737783000, 4.114640000);(0.034898140, 1.616062000, -0.325359300);1,993458;0,009374969;;;2,327132;1,737783;4,11464
1,033335;1,995973890;0,00553203;(2.327295000, 1.743201000, 4.113536000);(0.034969010, 1.615990000, -0.325422000);1,992981;0,007119804;;;2,327295;1,743201;4,113536
1,044446;1,993274837;0,002699053;(2.327907000, 1.745656000, 4.112597000);(0.035062610, 1.615920000, -0.325406100);1,992076;0,00803849;;;2,327907;1,745656;4,112597
1,055557;1,994734638;0,001459801;(2.327928000, 1.744216000, 4.112836000);(0.035242680, 1.615946000, -0.325405000);1,992116;0,007884386;;;2,327928;1,744216;4,112836
1,066668;2,001278093;0,006543455;(2.322977000, 1.743399000, 4.117036000);(0.035319960, 1.615877000, -0.325400400);1,99854;0,001992576;;;2,322977;1,743399;4,117036
1,077779;2,010159721;0,008881628;(2.316863000, 1.740180000, 4.122616000);(0.035380010, 1.615826000, -0.325557200);2,006582;0,008345;;;2,316863;1,74018;4,122616
1,08889;2,025175711;0,01501599;(2.314732000, 1.725949000, 4.126906000);(0.035380010, 1.615826000, -0.325557200);2,010092;0,02214331;;;2,314732;1,725949;4,126906
1,100002;2,025175711;0;(2.314732000, 1.725949000, 4.126906000);(0.035422480, 1.615770000, -0.325619000);2,010092;0,02214331;;;2,314732;1,725949;4,126906
1,111113;2,028696062;0,003520351;(2.313219000, 1.723274000, 4.128623000);(0.035506280, 1.615721000, -0.325678600);2,012199;0,02562345;;;2,313219;1,723274;4,128623
1,122224;2,038534055;0,009837993;(2.309852000, 1.732450000, 4.129739000);(0.035553880, 1.615731000, -0.325709900);2,016027;0,02096816;;;2,309852;1,73245;4,129739
1,133335;2,032149321;0,006384734;(2.312063000, 1.737765000, 4.126977000);(0.035635390, 1.615745000, -0.325706000);2,012895;0,01515813;;;2,312063;1,737765;4,126977
1,144446;2,027849095;0,004300226;(2.315411000, 1.737332000, 4.124314000);(0.035684500, 1.615754000, -0.325696700);2,008598;0,01183513;;;2,315411;1,737332;4,124314
