time;total distance traveled;distance to prev position;controller position;controller rotation;camera position;tracker distance to hmd;distance to prev target;distance to current target
(1.585591000, 2.637456000, 4.334766000);(1.801589000, 0.650468000, 4.262500000)

0;-0,0006045237;0,0006045237;(0.326331100, 1.563660000, 0.236897700);(345.67, 16.90, 171.35);(0.019081710, 1.638941000, -0.323278300);0,643324700;4,419423;4,38358;;;0,3263311;1,56366;0,2368977
0,01111111;-0,0003405991;0,0002639246;(0.326564800, 1.563573000, 0.236811500);(345.52, 17.04, 171.37);(0.019174610, 1.638957000, -0.323264200);0,643316600;4,419458;4,383563;;;0,3265648;1,563573;0,2368115
0,02222222;-0,0000713537;0,0002692454;(0.326559800, 1.563307000, 0.236768400);(345.42, 17.18, 171.48);(0.019257700, 1.638936000, -0.323316400);0,643311300;4,419564;4,383549;;;0,3265598;1,563307;0,2367684
0,03333334;0,0003648446;0,0004361983;(0.326306800, 1.562952000, 0.236753600);(345.48, 17.21, 171.51);(0.019377000, 1.638872000, -0.323336300);0,643172100;4,419736;4,383574;;;0,3263068;1,562952;0,2367536
0,04444445;0,0007143516;0,000349507;(0.326288200, 1.562605000, 0.236794000);(345.60, 17.06, 171.52);(0.019575900, 1.638873000, -0.323400800);0,643201000;4,419788;4,383471;;;0,3262882;1,562605;0,236794
0,05555556;0,0013389583;0,0006246067;(0.326112300, 1.562006000, 0.236819100);(345.71, 16.91, 171.54);(0.019571840, 1.638817000, -0.323330800);0,643144500;4,41996;4,383382;;;0,3261123;1,562006;0,2368191
0,06666667;0,0018017898;0,0004628315;(0.326470900, 1.561745000, 0.236688500);(345.90, 16.74, 171.60);(0.019675580, 1.638822000, -0.323354000);0,643204400;4,420043;4,383327;;;0,3264709;1,561745;0,2366885
0,07777778;0,0023367287;0,0005349389;(0.326713300, 1.561273000, 0.236616500);(346.05, 16.66, 171.66);(0.019761560, 1.638866000, -0.323328500);0,643256100;4,420156;4,383214;;;0,3267133;1,561273;0,2366165
0,08888889;0,0019554804;0,0003812483;(0.327054700, 1.561331000, 0.236776100);(346.22, 16.64, 171.78);(0.019861070, 1.638880000, -0.323315500);0,643494000;4,419896;4,382964;;;0,3270547;1,561331;0,2367761
0,1;0,0016025212;0,0003529592;(0.327406600, 1.561349000, 0.236754700);(346.21, 16.76, 171.74);(0.020016880, 1.638939000, -0.323297000);0,643557800;4,419812;4,382869;;;0,3274066;1,561349;0,2367547
0,1111111;0,0013163929;0,0002861283;(0.327639000, 1.561512000, 0.236718600);(346.14, 16.83, 171.63);(0.020134510, 1.638984000, -0.323288300);0,643559300;4,419739;4,382858;;;0,327639;1,561512;0,2367186
0,1222222;0,0008517933;0,0004645996;(0.328085700, 1.561401000, 0.236781900);(345.93, 16.94, 171.42);(0.020244180, 1.638969000, -0.323212400);0,643721000;4,41958;4,382626;;;0,3280857;1,561401;0,2367819
0,1333333;0,0011878358;0,0003360425;(0.328307100, 1.561150000, 0.236746600);(345.78, 17.06, 171.29);(0.020336840, 1.638989000, -0.323192900);0,643767700;4,419611;4,382532;;;0,3283071;1,56115;0,2367466
0,1444445;0,0007229825;0,0004648533;(0.328242400, 1.560732000, 0.236939500);(345.73, 17.11, 171.34);(0.020406370, 1.639058000, -0.323257000);0,643986000;4,419553;4,38229;;;0,3282424;1,560732;0,2369395
0,1555556;0,0014649439;0,0007419614;(0.328230900, 1.559992000, 0.236986100);(345.74, 17.09, 171.40);(0.020448030, 1.639050000, -0.323248500);0,644083200;4,419693;4,382097;;;0,3282309;1,559992;0,2369861
0,1666667;0,0023176321;0,0008526882;(0.328386400, 1.559167000, 0.237133800);(345.91, 16.98, 171.50);(0.020482720, 1.639069000, -0.323207200);0,644337800;4,419713;4,381738;;;0,3283864;1,559167;0,2371338
0,1777778;0,0029631279;0,0006454958;(0.328458200, 1.558530000, 0.237209100);(346.11, 16.87, 171.66);(0.020609710, 1.639157000, -0.323193400);0,644455100;4,419778;4,381513;;;0,3284582;1,55853;0,2372091
0,1888889;0,0037718153;0,0008086874;(0.328824300, 1.557809000, 0.237243100);(346.25, 16.81, 171.69);(0.020637570, 1.639100000, -0.323143500);0,644686200;4,419818;4,381209;;;0,3288243;1,557809;0,2372431
0,2;0,0045920984;0,0008202831;(0.329163000, 1.557083000, 0.237068400);(346.34, 16.78, 171.59);(0.020635310, 1.639001000, -0.323113000);0,644750500;4,420062;4,381106;;;0,329163;1,557083;0,2370684
0,2111111;0,0055670927;0,0009749943;(0.329772500, 1.556327000, 0.236986700);(346.44, 16.84, 171.50);(0.020706570, 1.638905000, -0.323042200);0,644960000;4,420149;4,380819;;;0,3297725;1,556327;0,2369867
0,2222222;0,0065153649;0,0009482722;(0.330410800, 1.555702000, 0.236668200);(346.55, 17.01, 171.30);(0.020817520, 1.638715000, -0.323027700);0,644979500;4,420416;4,380769;;;0,3304108;1,555702;0,2366682
0,2333333;0,0076112059;0,001095841;(0.331102700, 1.554855000, 0.236594500);(346.56, 17.16, 171.06);(0.020876140, 1.638544000, -0.322956900);0,645245800;4,420495;4,380429;;;0,3311027;1,554855;0,2365945
0,2444444;0,0088431429;0,001231937;(0.331369800, 1.553653000, 0.236625400);(346.46, 17.25, 170.78);(0.020927610, 1.638262000, -0.322894300);0,645441900;4,420686;4,380063;;;0,3313698;1,553653;0,2366254
0,2555556;0,0106978899;0,001854747;(0.332062400, 1.551933000, 0.236566900);(346.41, 17.27, 170.65);(0.021006530, 1.637978000, -0.322853100);0,645840700;4,420965;4,37953;;;0,3320624;1,551933;0,2365669
0,2666667;0,0133152939;0,002617404;(0.332687900, 1.549392000, 0.236623400);(346.41, 17.21, 170.67);(0.021048070, 1.637677000, -0.322824600);0,646448400;4,42136;4,378746;;;0,3326879;1,549392;0,2366234
0,2777778;0,0165174929;0,003202199;(0.333629500, 1.546332000, 0.236654800);(346.55, 17.11, 170.85);(0.021056420, 1.637292000, -0.322758600);0,647239600;4,421819;4,377774;;;0,3336295;1,546332;0,2366548
0,2888889;0,0204161229;0,00389863;(0.335107300, 1.542724000, 0.236674800);(346.80, 17.03, 171.07);(0.021090000, 1.637036000, -0.322723800);0,648404500;4,422274;4,376523;;;0,3351073;1,542724;0,2366748
0,3;0,0248805699;0,004464447;(0.336380300, 1.538445000, 0.236702400);(347.15, 16.92, 171.23);(0.021119420, 1.636736000, -0.322696400);0,649597900;4,422949;4,375201;;;0,3363803;1,538445;0,2367024
0,3111111;0,0296194039;0,004738834;(0.337834700, 1.533935000, 0.236657900);(347.65, 16.82, 171.40);(0.021136400, 1.636519000, -0.322645400);0,650877400;4,423703;4,373842;;;0,3378347;1,533935;0,2366579
0,3222222;0,0353072469;0,005687843;(0.339765000, 1.528585000, 0.236644400);(348.19, 16.76, 171.63);(0.021061930, 1.636276000, -0.322494800);0,652537900;4,42451;4,372131;;;0,339765;1,528585;0,2366444
0,3333333;0,0413081899;0,006000943;(0.341499600, 1.522841000, 0.236555800);(348.93, 16.82, 171.84);(0.021082520, 1.636036000, -0.322460700);0,654201500;4,425547;4,370483;;;0,3414996;1,522841;0,2365558
0,3444445;0,0477735769;0,006465387;(0.343444900, 1.516678000, 0.236378100);(349.65, 17.02, 171.84);(0.021139470, 1.635806000, -0.322515700);0,656075100;4,426721;4,368771;;;0,3434449;1,516678;0,2363781
0,3555556;0,0541101329;0,006336556;(0.345346400, 1.510634000, 0.236291100);(350.31, 17.31, 171.64);(0.021133930, 1.635517000, -0.322648700);0,658121000;4,427803;4,367023;;;0,3453464;1,510634;0,2362911
0,3666667;0,0613697949;0,007259662;(0.347201300, 1.503615000, 0.236221800);(350.95, 17.49, 171.56);(0.021134410, 1.635201000, -0.322751600);0,660367700;4,429139;4,365091;;;0,3472013;1,503615;0,2362218
0,3777778;0,0689063879;0,007536593;(0.349036900, 1.496306000, 0.236276500);(351.59, 17.68, 171.76);(0.021200630, 1.634827000, -0.322867400);0,662802000;4,430452;4,363006;;;0,3490369;1,496306;0,2362765
0,3888889;0,0759365569;0,007030169;(0.350550900, 1.489441000, 0.236226800);(352.27, 17.80, 172.10);(0.021245330, 1.634500000, -0.323007300);0,665001600;4,43185;4,361223;;;0,3505509;1,489441;0,2362268
0,4;0,0843566349;0,008420078;(0.352571200, 1.481272000, 0.235938900);(352.87, 17.89, 172.27);(0.021312450, 1.634182000, -0.323138000);0,667593200;4,433676;4,359252;;;0,3525712;1,481272;0,2359389
0,4111111;0,0922696199;0,007912985;(0.353992800, 1.473492000, 0.235688100);(353.42, 17.98, 172.10);(0.021397950, 1.633884000, -0.323289600);0,669926300;4,435548;4,357535;;;0,3539928;1,473492;0,2356881
0,4222222;0,1006777489;0,008408129;(0.355319800, 1.465189000, 0.235655700);(354.06, 18.10, 171.91);(0.021438390, 1.633628000, -0.323463100);0,672653300;4,437396;4,355564;;;0,3553198;1,465189;0,2356557
0,4333333;0,1092791779;0,008601429;(0.356518600, 1.456679000, 0.235290100);(354.84, 18.19, 171.81);(0.021530060, 1.633339000, -0.323589400);0,675108900;4,439658;4,35392;;;0,3565186;1,456679;0,2352901
0,4444444;0,1181773899;0,008898212;(0.357780200, 1.447875000, 0.235045200);(355.62, 18.25, 171.95);(0.021576620, 1.633100000, -0.323747100);0,677930800;4,441885;4,352107;;;0,3577802;1,447875;0,2350452
0,4555556;0,1269660529;0,008788663;(0.358951000, 1.439167000, 0.234829300);(356.28, 18.35, 172.02);(0.021688940, 1.632904000, -0.323906200);0,680782700;4,4441;4,350331;;;0,358951;1,439167;0,2348293
0,4666667;0,1355027199;0,008536667;(0.360145400, 1.430717000, 0.234594100);(356.79, 18.41, 171.99);(0.021793990, 1.632709000, -0.324092400);0,683675900;4,446273;4,348629;;;0,3601454;1,430717;0,2345941
0,4777778;0,1445679599;0,00906524;(0.361275900, 1.421723000, 0.234578200);(357.29, 18.53, 171.85);(0.021868470, 1.632406000, -0.324256600);0,686935900;4,448427;4,346664;;;0,3612759;1,421723;0,2345782
0,4888889;0,1536052809;0,009037321;(0.362315100, 1.412766000, 0.233979600);(357.70, 18.70, 171.38);(0.022009730, 1.632238000, -0.324375800);0,689736500;4,451149;4,345294;;;0,3623151;1,412766;0,2339796
0,5;0,1624944469;0,008889166;(0.363316400, 1.403958000, 0.233319600);(358.29, 18.82, 171.19);(0.022163540, 1.632079000, -0.324459900);0,692490000;4,453913;4,344038;;;0,3633164;1,403958;0,2333196
0,5111111;0,1714969579;0,009002511;(0.364162600, 1.395033000, 0.232494500);(358.97, 18.91, 171.18);(0.022355140, 1.631949000, -0.324504600);0,695132600;4,45692;4,342985;;;0,3641626;1,395033;0,2324945
0,5222223;0,1801404989;0,008643541;(0.364631400, 1.386410000, 0.232127300);(359.78, 19.01, 171.17);(0.022538460, 1.631840000, -0.324509700);0,697931500;4,459541;4,3417;;;0,3646314;1,38641;0,2321273
0,5333334;0,1885522959;0,008411797;(0.365258900, 1.378041000, 0.231564300);(0.51, 19.02, 170.97);(0.022748410, 1.631677000, -0.324508600);0,700615300;4,462242;4,340604;;;0,3652589;1,378041;0,2315643
0,5444446;0,1964038279;0,007851532;(0.365825700, 1.370251000, 0.230764400);(1.13, 19.04, 170.73);(0.023022650, 1.631502000, -0.324416400);0,702845600;4,465027;4,339861;;;0,3658257;1,370251;0,2307644
0,5555557;0,2042658459;0,007862018;(0.366393000, 1.362443000, 0.230038600);(1.62, 19.00, 170.62);(0.023285090, 1.631405000, -0.324309300);0,705241100;4,467762;4,339059;;;0,366393;1,362443;0,2300386
0,5666668;0,2116529089;0,007387063;(0.366678700, 1.355094000, 0.229342600);(2.19, 19.00, 170.64);(0.023561420, 1.631285000, -0.324195400);0,707400400;4,470426;4,338412;;;0,3666787;1,355094;0,2293426
0,577778;0,2187874979;0,007134589;(0.367209300, 1.348032000, 0.228477800);(2.71, 18.94, 170.98);(0.024076140, 1.631244000, -0.324063600);0,709402000;4,473105;4,3379;;;0,3672093;1,348032;0,2284778
0,5888891;0,2254929769;0,006705479;(0.367666500, 1.341411000, 0.227517000);(3.30, 18.94, 171.01);(0.024371540, 1.631148000, -0.323915100);0,711249500;4,475776;4,337583;;;0,3676665;1,341411;0,227517
0,6000003;0,2321365909;0,006643614;(0.368117800, 1.334850000, 0.226577900);(3.88, 19.06, 170.88);(0.024515040, 1.630972000, -0.323746200);0,713167200;4,478419;4,337267;;;0,3681178;1,33485;0,2265779
0,6111114;0,2382530199;0,006116429;(0.368468800, 1.328801000, 0.225740600);(4.45, 19.16, 170.74);(0.024835290, 1.630807000, -0.323554500);0,714854000;4,480855;4,33698;;;0,3684688;1,328801;0,2257406
0,6222225;0,2437719569;0,005518937;(0.368672800, 1.323333000, 0.225023700);(4.94, 19.28, 170.52);(0.025121480, 1.630673000, -0.323382800);0,716404300;4,483057;4,336728;;;0,3686728;1,323333;0,2250237
0,6333337;0,2489068539;0,005134897;(0.368767500, 1.318259000, 0.224244200);(5.44, 19.33, 170.36);(0.025454320, 1.630484000, -0.323094900);0,717585600;4,485235;4,336638;;;0,3687675;1,318259;0,2242442
0,6444448;0,2538791799;0,004972326;(0.368973400, 1.313344000, 0.223514400);(5.94, 19.28, 170.33);(0.025863470, 1.630360000, -0.322883300);0,718869700;4,487296;4,336495;;;0,3689734;1,313344;0,2235144
0,655556;0,2585245089;0,004645329;(0.369213300, 1.308764000, 0.222781400);(6.44, 19.21, 170.50);(0.026274950, 1.630250000, -0.322656500);0,720043400;4,489256;4,336401;;;0,3692133;1,308764;0,2227814
0,6666671;0,2621480799;0,003623571;(0.369622100, 1.305215000, 0.222170000);(6.87, 19.19, 170.67);(0.026588830, 1.630087000, -0.322411000);0,720958900;4,490757;4,336299;;;0,3696221;1,305215;0,22217
0,6777782;0,2653394599;0,00319138;(0.369769000, 1.302055000, 0.221752900);(7.04, 19.22, 170.69);(0.026888970, 1.629916000, -0.322171000);0,721743200;4,492037;4,336163;;;0,369769;1,302055;0,2217529
0,6888894;0,2677058879;0,002366428;(0.370087900, 1.299757000, 0.221283000);(7.03, 19.30, 170.49);(0.027176090, 1.629719000, -0.321988300);0,722223600;4,493065;4,336151;;;0,3700879;1,299757;0,221283
0,7000005;0,2710112839;0,003305396;(0.370249200, 1.296461000, 0.221108700);(7.02, 19.40, 170.00);(0.027650390, 1.629567000, -0.321883000);0,723307700;4,494163;4,335767;;;0,3702492;1,296461;0,2211087
0,7111117;0,2736591939;0,00264791;(0.370530700, 1.293869000, 0.220642200);(7.19, 19.50, 169.81);(0.028018480, 1.629361000, -0.321631400);0,723830200;4,495288;4,335724;;;0,3705307;1,293869;0,2206422
0,7222228;0,2759685109;0,002309317;(0.370785700, 1.291601000, 0.220292700);(7.43, 19.56, 169.78);(0.028475710, 1.629288000, -0.321384800);0,724308700;4,496218;4,33563;;;0,3707857;1,291601;0,2202927
0,7333339;0,2779946199;0,002026109;(0.370888900, 1.289598000, 0.220002800);(7.65, 19.58, 169.92);(0.028779360, 1.629132000, -0.321146900);0,724682900;4,497055;4,335571;;;0,3708889;1,289598;0,2200028
0,7444451;0,2799707199;0,0019761;(0.371350500, 1.287697000, 0.219724300);(7.79, 19.53, 170.03);(0.028992600, 1.628876000, -0.320826000);0,725125300;4,497755;4,335398;;;0,3713505;1,287697;0,2197243
0,7555562;0,2817669669;0,001796247;(0.371518600, 1.285928000, 0.219466400);(7.90, 19.51, 169.96);(0.029315510, 1.628711000, -0.320573600);0,725428500;4,498477;4,335323;;;0,3715186;1,285928;0,2194664
0,7666674;0,2827437116;0,0009767447;(0.371890800, 1.285025000, 0.219456800);(7.98, 19.47, 169.78);(0.029621930, 1.628561000, -0.320322700);0,725622000;4,498657;4,335077;;;0,3718908;1,285025;0,2194568
0,7777785;0,2840145616;0,00127085;(0.372211300, 1.283839000, 0.219128200);(8.02, 19.47, 169.70);(0.029803310, 1.628393000, -0.319989100);0,725677400;4,499228;4,335105;;;0,3722113;1,283839;0,2191282
0,7888896;0,2850176886;0,001003127;(0.372823500, 1.283054000, 0.219006500);(8.11, 19.52, 169.67);(0.030066340, 1.628287000, -0.319755600);0,725901500;4,49941;4,334902;;;0,3728235;1,283054;0,2190065
0,8000008;0,2858671841;0,0008494955;(0.373154900, 1.282282000, 0.218882000);(8.20, 19.63, 169.74);(0.030328990, 1.628128000, -0.319536200);0,725970400;4,499667;4,334796;;;0,3731549;1,282282;0,218882
0,8111119;0,2861673595;0,0003001754;(0.373402700, 1.282238000, 0.218718300);(8.30, 19.69, 169.91);(0.030602490, 1.628003000, -0.319309400);0,725629800;4,499763;4,33486;;;0,3734027;1,282238;0,2187183
0,8222231;0,2870129316;0,0008455721;(0.373766300, 1.281488000, 0.218579400);(8.33, 19.70, 170.19);(0.030745210, 1.627918000, -0.319062700);0,725766000;4,500019;4,334761;;;0,3737663;1,281488;0,2185794
0,8333342;0,2868177021;0,0001952295;(0.373907200, 1.281605000, 0.218512100);(8.37, 19.70, 170.32);(0.031090500, 1.627852000, -0.318982300);0,725472600;4,500007;4,334795;;;0,3739072;1,281605;0,2185121
0,8444453;0,2865755401;0,000242162;(0.374143800, 1.281634000, 0.218469500);(8.39, 19.66, 170.44);(0.031376130, 1.627776000, -0.318813300);0,725242400;4,499973;4,334761;;;0,3741438;1,281634;0,2184695
0,8555565;0,2863759863;0,0001995538;(0.374329400, 1.281705000, 0.218451400);(8.41, 19.75, 170.31);(0.031617730, 1.627722000, -0.318752600);0,725097800;4,499918;4,334727;;;0,3743294;1,281705;0,2184514
0,8666676;0,2861688694;0,0002071169;(0.374506500, 1.281697000, 0.218558500);(8.41, 19.83, 170.08);(0.031927200, 1.627579000, -0.318770700);0,725063700;4,499775;4,334568;;;0,3745065;1,281697;0,2185585
0,8777788;0,2859674879;0,0002013815;(0.374468600, 1.281833000, 0.218702300);(8.35, 19.89, 169.84);(0.032130160, 1.627444000, -0.318741900);0,724906400;4,499613;4,334466;;;0,3744686;1,281833;0,2187023
0,8888899;0,2858220971;0,0001453908;(0.374455600, 1.281888000, 0.218836200);(8.25, 19.82, 169.89);(0.032269420, 1.627275000, -0.318735600);0,724822200;4,499477;4,334353;;;0,3744556;1,281888;0,2188362
0,900001;0,2859294611;0,000107364;(0.374502200, 1.281791000, 0.218830600);(8.18, 19.67, 170.08);(0.032469190, 1.627151000, -0.318702500);0,724708300;4,499499;4,334329;;;0,3745022;1,281791;0,2188306
0,9111122;0,2858080392;0,0001214219;(0.374619500, 1.281818000, 0.218846800);(8.12, 19.54, 170.25);(0.032653930, 1.627033000, -0.318657300);0,724586000;4,499444;4,334279;;;0,3746195;1,281818;0,2188468
0,9222233;0,2861817983;0,0003737591;(0.374875400, 1.281689000, 0.218606800);(8.09, 19.42, 170.49);(0.032811590, 1.626929000, -0.318659000);0,724467200;4,499634;4,3344;;;0,3748754;1,281689;0,2186068
0,9333345;0,2867013633;0,000519565;(0.375134200, 1.281493000, 0.218201100);(8.12, 19.41, 170.77);(0.032973320, 1.626891000, -0.318650800);0,724281600;4,499995;4,334664;;;0,3751342;1,281493;0,2182011
0,9444456;0,2871384388;0,0004370755;(0.375442400, 1.281188000, 0.218147900);(8.21, 19.51, 170.78);(0.033102780, 1.626802000, -0.318662000);0,724438000;4,500052;4,334569;;;0,3754424;1,281188;0,2181479
0,9555568;0,2874798434;0,0003414046;(0.375738400, 1.281297000, 0.218017000);(8.32, 19.63, 170.58);(0.033462200, 1.626764000, -0.318851700);0,724381600;4,50006;4,334609;;;0,3757384;1,281297;0,218017
0,9666679;0,2866114332;0,0008684102;(0.376576600, 1.281164000, 0.217833300);(8.41, 19.71, 170.48);(0.033610110, 1.626659000, -0.318895400);0,724617700;4,500042;4,334485;;;0,3765766;1,281164;0,2178333
