time;total distance traveled;distance to prev position;ray position;hmd position;distance to prev target;distance to current target
(2.321792000, 1.744833000, 4.117749000);(3.193617000, 3.282654000, 3.182321000);0,2777778;0,5333334

0;-0,01023997;0,01023997;(2.320916000, 1.729245000, 4.121289000);(0.035804220, 1.615775000, -0.325660700);0,0160091;2,014038;;;2,320916;1,729245;4,121289
0,01111111;-0,00122667;0,0090133;(2.320931000, 1.720380000, 4.122918000);(0.035832410, 1.615800000, -0.325633300);0,02500821;2,021634;;;2,320931;1,72038;4,122918
0,02222222;0,001794704;0,003021374;(2.318496000, 1.720641000, 4.124687000);(0.035832410, 1.615800000, -0.325633300);0,02538183;2,023308;;;2,318496;1,720641;4,124687
0,03333334;0,001794704;0;(2.318496000, 1.720641000, 4.124687000);(0.035816580, 1.615826000, -0.325592400);0,02538183;2,023308;;;2,318496;1,720641;4,124687
0,04444445;-0,007456606;0,00925131;(2.311954000, 1.725882000, 4.128601000);(0.035840840, 1.615852000, -0.325549700);0,0239519;2,023936;;;2,311954;1,725882;4,128601
0,05555556;-0,013595345;0,006138739;(2.309757000, 1.731584000, 4.129186000);(0.035866740, 1.615876000, -0.325533500);0,02124092;2,020787;;;2,309757;1,731584;4,129186
0,06666667;-0,016690970;0,003095625;(2.309746000, 1.734630000, 4.128631000);(0.035815840, 1.615908000, -0.325547600);0,0191737;2,018195;;;2,309746;1,73463;4,128631
0,07777778;-0,014977445;0,001713525;(2.308374000, 1.734616000, 4.129657000);(0.035736740, 1.615951000, -0.325457100);0,02064578;2,019288;;;2,308374;1,734616;4,129657
0,08888889;-0,011490809;0,003486636;(2.307880000, 1.731306000, 4.130638000);(0.035707570, 1.616013000, -0.325330000);0,02329432;2,022502;;;2,30788;1,731306;4,130638
0,1;-0,008421227;0,003069582;(2.307768000, 1.728306000, 4.131277000);(0.035675230, 1.616056000, -0.325255200);0,02555034;2,025153;;;2,307768;1,728306;4,131277
0,1111111;0,009355093;0,01777632;(2.320108000, 1.717771000, 4.124015000);(0.035585230, 1.616064000, -0.325146800);0,02782878;2,024516;;;2,320108;1,717771;4,124015
0,1222222;0,013182899;0,003827806;(2.323033000, 1.716181000, 4.122126000);(0.035571670, 1.616017000, -0.325089400);0,02901066;2,023607;;;2,323033;1,716181;4,122126
0,1333333;0,003713744;0,009469155;(2.323223000, 1.725464000, 4.120266000);(0.035561090, 1.616033000, -0.325003200);0,0195842;2,015482;;;2,323223;1,725464;4,120266
0,1444445;-0,001112832;0,004826576;(2.323157000, 1.730218000, 4.119436000);(0.035552830, 1.616064000, -0.324895000);0,01477502;2,011453;;;2,323157;1,730218;4,119436
0,1555556;-0,000024687;0,001088145;(2.323818000, 1.729426000, 4.119090000);(0.035429600, 1.616087000, -0.324703100);0,01559761;2,011618;;;2,323818;1,729426;4,11909
0,1666667;0,005376503;0,00540119;(2.323870000, 1.724108000, 4.120034000);(0.035447720, 1.616135000, -0.324586500);0,02095389;2,016143;;;2,32387;1,724108;4,120034
0,1777778;0,012189936;0,006813433;(2.323740000, 1.717428000, 4.121368000);(0.035453140, 1.616154000, -0.324476200);0,02771172;2,021987;;;2,32374;1,717428;4,121368
0,1888889;0,017130930;0,004940994;(2.322726000, 1.712865000, 4.122970000);(0.035459100, 1.616178000, -0.324388800);0,03240525;2,0267;;;2,322726;1,712865;4,12297
0,2;0,0179357026;0,0008047726;(2.322127000, 1.712640000, 4.123458000);(0.035461370, 1.616233000, -0.324255400);0,03269745;2,027358;;;2,322127;1,71264;4,123458
0,2111111;0,0125383996;0,005397303;(2.326204000, 1.713949000, 4.120173000);(0.035459550, 1.616326000, -0.324143600);0,03129166;2,023069;;;2,326204;1,713949;4,120173
0,2222222;0,0056547936;0,006883606;(2.331398000, 1.715636000, 4.115983000);(0.035624330, 1.616487000, -0.324094600);0,03078756;2,017595;;;2,331398;1,715636;4,115983
0,2333333;0,0142957766;0,008640983;(2.338203000, 1.716543000, 4.110735000);(0.035669510, 1.616737000, -0.323859200);0,03344962;2,011564;;;2,338203;1,716543;4,110735
0,2444444;-0,0021371734;0,01643295;(2.343723000, 1.730495000, 4.104033000);(0.035742820, 1.616829000, -0.323810700);0,02957492;1,995262;;;2,343723;1,730495;4,104033
0,2555556;0,0093563066;0,01149348;(2.350851000, 1.736763000, 4.097552000);(0.035794050, 1.617025000, -0.323768800);0,03629677;1,98436;;;2,350851;1,736763;4,097552
0,2666667;0,0273352066;0,0179789;(2.363398000, 1.743935000, 4.086858000);(0.035815990, 1.617210000, -0.323690300);0,051828;1,968529;;;2,363398;1,743935;4,086858
0,2777778;0,0376805166;0,01034531;(2.370674000, 1.747934000, 4.080686000);(0.035815990, 1.617210000, -0.323690300);0,06142283;1,959505;;;2,370674;1,747934;4,080686
0,2888889;0,0376805166;0;(2.370674000, 1.747934000, 4.080686000);(0.035969020, 1.617778000, -0.323506300);0,06142283;1,959505;;;2,370674;1,747934;4,080686
0,3;0,0863220966;0,04864158;(2.392678000, 1.784584000, 4.057477000);(0.035969020, 1.617778000, -0.323506300);0,1011811;1,910921;;;2,392678;1,784584;4,057477
0,3111111;0,0863220966;0;(2.392678000, 1.784584000, 4.057477000);(0.036065640, 1.618045000, -0.323373900);0,1011811;1,910921;;;2,392678;1,784584;4,057477
0,3222222;0,1271945066;0,04087241;(2.413712000, 1.812709000, 4.036571000);(0.036175640, 1.618359000, -0.323250900);0,1401656;1,87049;;;2,413712;1,812709;4,036571
0,3333333;0,1738668766;0,04667237;(2.438334000, 1.844122000, 4.012377000);(0.036271400, 1.618636000, -0.323118700);0,1858586;1,824506;;;2,438334;1,844122;4,012377
0,3444445;0,2244665366;0,05059966;(2.463501000, 1.879915000, 3.986965000);(0.036386310, 1.619001000, -0.323004700);0,2354422;1,774317;;;2,463501;1,879915;3,986965
0,3555556;0,2731035666;0,04863703;(2.487470000, 1.914561000, 3.962661000);(0.036519050, 1.619369000, -0.322888700);0,2833888;1,726051;;;2,48747;1,914561;3,962661
0,3666667;0,3287127466;0,05560918;(2.514369000, 1.954711000, 3.935150000);(0.036680310, 1.619752000, -0.322796200);0,3383442;1,670797;;;2,514369;1,954711;3,93515
0,3777778;0,3782324666;0,04951972;(2.536455000, 1.992322000, 3.911702000);(0.036846340, 1.620141000, -0.322738500);0,3870222;1,621363;;;2,536455;1,992322;3,911702
0,3888889;0,4286626466;0,05043018;(2.553272000, 2.035222000, 3.891208000);(0.036931850, 1.620528000, -0.322672400);0,4350049;1,571194;;;2,553272;2,035222;3,891208
0,4;0,4800942866;0,05143164;(2.567180000, 2.081006000, 3.872352000);(0.037273110, 1.621195000, -0.322489900);0,483164;1,520699;;;2,56718;2,081006;3,872352
0,4111111;0,5934407866;0,1133465;(2.613325000, 2.171039000, 3.821242000);(0.037436070, 1.621640000, -0.322385800);0,5954488;1,407355;;;2,613325;2,171039;3,821242
0,4222222;0,6532431966;0,05980241;(2.640173000, 2.216293000, 3.792824000);(0.037648860, 1.622122000, -0.322302300);0,6551466;1,347643;;;2,640173;2,216293;3,792824
0,4333333;0,7186228266;0,06537963;(2.673595000, 2.261538000, 3.759501000);(0.037784310, 1.622735000, -0.322220300);0,7204791;1,283059;;;2,673595;2,261538;3,759501
0,4444444;0,7872467966;0,06862397;(2.709946000, 2.307547000, 3.723851000);(0.037955110, 1.623344000, -0.322172100);0,7889655;1,215741;;;2,709946;2,307547;3,723851
0,4555556;0,8515681266;0,06432133;(2.744765000, 2.349762000, 3.690046000);(0.038105940, 1.623967000, -0.322053500);0,8530974;1,153057;;;2,744765;2,349762;3,690046
0,4666667;0,9174765466;0,06590842;(2.781746000, 2.391354000, 3.654742000);(0.038280190, 1.624616000, -0.321982200);0,9186531;1,089603;;;2,781746;2,391354;3,654742
0,4777778;0,9909528866;0,07347634;(2.822894000, 2.437827000, 3.615424000);(0.038391210, 1.625191000, -0.321846600);0,9918039;1,019189;;;2,822894;2,437827;3,615424
0,4888889;1,0592821566;0,06832927;(2.857435000, 2.485550000, 3.580807000);(0.038509850, 1.625699000, -0.321827600);1,060133;0,9524622;;;2,857435;2,48555;3,580807
0,5;1,1197992366;0,06051708;(2.885445000, 2.530529000, 3.551573000);(0.038509850, 1.625699000, -0.321827600);1,120526;0,8927534;;;2,885445;2,530529;3,551573
0,5111111;1,1197992366;0;(2.885445000, 2.530529000, 3.551573000);(0.038593950, 1.626204000, -0.321792800);1,120526;0,8927534;;;2,885445;2,530529;3,551573
0,5222223;1,1747310666;0,05493183;(2.908006000, 2.573995000, 3.526687000);(0.038574550, 1.626662000, -0.321736800);1,174951;0,8380694;;;2,908006;2,573995;3,526687
0,5333334;1,2281545166;0,05342345;(2.934684000, 2.611670000, 3.499800000);(0.038653710, 1.627100000, -0.321737300);1,228374;0,7861676;;;2,934684;2,61167;3,4998
0,5444446;1,2760035066;0,04784899;(2.964043000, 2.638264000, 3.472961000);(0.038705080, 1.627545000, -0.321744900);1,275326;0,743246;;;2,964043;2,638264;3,472961
0,5555557;1,3197385066;0,043735;(2.989600000, 2.664476000, 3.449033000);(0.038777770, 1.628003000, -0.321820300);1,31867;0,7034934;;;2,9896;2,664476;3,449033
0,5666668;1,3583578066;0,0386193;(3.012315000, 2.687410000, 3.427832000);(0.038806200, 1.628456000, -0.321851600);1,35693;0,668926;;;3,012315;2,68741;3,427832
0,577778;1,4019757166;0,04361791;(3.039337000, 2.711244000, 3.403249000);(0.038816310, 1.628858000, -0.321856100);1,399761;0,6317609;;;3,039337;2,711244;3,403249
0,5888891;1,4357097966;0,03373408;(3.058713000, 2.731930000, 3.384957000);(0.038816810, 1.629285000, -0.321926900);1,433317;0,6021276;;;3,058713;2,73193;3,384957
0,6000003;1,4740763666;0,03836657;(3.077275000, 2.759627000, 3.365974000);(0.038846290, 1.629609000, -0.322042500);1,471641;0,5664111;;;3,077275;2,759627;3,365974
0,6111114;1,5107847366;0,03670837;(3.090029000, 2.790493000, 3.350740000);(0.038828910, 1.629942000, -0.322163300);1,507281;0,5303938;;;3,090029;2,790493;3,35074
0,6222225;1,5442966866;0,03351195;(3.096114000, 2.821786000, 3.340406000);(0.038858510, 1.630209000, -0.322324500);1,537421;0,4968873;;;3,096114;2,821786;3,340406
0,6333337;1,5746562666;0,03035958;(3.097285000, 2.851448000, 3.334042000);(0.038832880, 1.630428000, -0.322490300);1,562109;0,4671592;;;3,097285;2,851448;3,334042
0,6444448;1,6011888166;0,02653255;(3.091861000, 2.877409000, 3.333286000);(0.038862230, 1.630711000, -0.322638500);1,578327;0,4442613;;;3,091861;2,877409;3,333286
0,655556;1,6249317066;0,02374289;(3.090625000, 2.900872000, 3.329866000);(0.038898140, 1.631026000, -0.322811200);1,596336;0,4220598;;;3,090625;2,900872;3,329866
0,6666671;1,6425862066;0,0176545;(3.086818000, 2.918108000, 3.329517000);(0.038952950, 1.631291000, -0.322993200);1,607218;0,40739;;;3,086818;2,918108;3,329517
0,6777782;1,6681118866;0,02552568;(3.096413000, 2.939030000, 3.318482000);(0.038984870, 1.631534000, -0.323146800);1,632474;0,3821858;;;3,096413;2,93903;3,318482
0,6888894;1,7070800966;0,03896821;(3.122169000, 2.957528000, 3.295833000);(0.039062000, 1.631750000, -0.323328900);1,669364;0,3517059;;;3,122169;2,957528;3,295833
0,7000005;1,7468736366;0,03979354;(3.146055000, 2.980457000, 3.273759000);(0.039129800, 1.631973000, -0.323449200);1,70836;0,3192903;;;3,146055;2,980457;3,273759
0,7111117;1,7916513966;0,04477776;(3.167944000, 3.012544000, 3.251480000);(0.039177510, 1.632273000, -0.323591600);1,753136;0,2800032;;;3,167944;3,012544;3,25148
0,7222228;1,8259228366;0,03427144;(3.178855000, 3.042045000, 3.237874000);(0.039271330, 1.632546000, -0.323723800);1,786476;0,2473797;;;3,178855;3,042045;3,237874
0,7333339;1,8531671966;0,02724436;(3.189842000, 3.063774000, 3.225651000);(0.039347650, 1.632792000, -0.323840600);1,813548;0,2231596;;;3,189842;3,063774;3,225651
0,7444451;1,8689050966;0,0157379;(3.197066000, 3.075531000, 3.218083000);(0.039396950, 1.632978000, -0.323993100);1,829279;0,2102161;;;3,197066;3,075531;3,218083
0,7555562;1,8746073476;0,005702251;(3.194954000, 3.080794000, 3.218685000);(0.039467790, 1.633250000, -0.324103300);1,831808;0,2051141;;;3,194954;3,080794;3,218685
0,7666674;1,8584834676;0,01612388;(3.183232000, 3.089209000, 3.225878000);(0.039571020, 1.633448000, -0.324233400);1,828896;0,1985597;;;3,183232;3,089209;3,225878
0,7777785;1,8689840576;0,01050059;(3.177625000, 3.097694000, 3.228493000);(0.039686210, 1.633617000, -0.324377100);1,831245;0,1913059;;;3,177625;3,097694;3,228493
0,7888896;1,8716019406;0,002617883;(3.176226000, 3.099808000, 3.229146000);(0.039757550, 1.633726000, -0.324579200);1,831838;0,1895464;;;3,176226;3,099808;3,229146
0,8000008;1,8858044006;0,01420246;(3.187562000, 3.096341000, 3.221325000);(0.039911420, 1.633807000, -0.324704600);1,838398;0,1904482;;;3,187562;3,096341;3,221325
0,8111119;1,8983700506;0,01256565;(3.197374000, 3.098103000, 3.213675000);(0.039968290, 1.633951000, -0.324908900);1,848062;0,1872337;;;3,197374;3,098103;3,213675
0,8222231;1,9108613506;0,0124913;(3.206686000, 3.101532000, 3.206089000);(0.040058970, 1.634012000, -0.325088600);1,858708;0,1831418;;;3,206686;3,101532;3,206089
0,8333342;1,9241273306;0,01326598;(3.213657000, 3.110494000, 3.199227000);(0.040159020, 1.634095000, -0.325208400);1,871934;0,1741449;;;3,213657;3,110494;3,199227
0,8444453;1,9379467606;0,01381943;(3.217626000, 3.122661000, 3.194012000);(0.040261030, 1.634121000, -0.325398400);1,885263;0,1622066;;;3,217626;3,122661;3,194012
0,8555565;1,9546357106;0,01668895;(3.221278000, 3.137967000, 3.188453000);(0.040370620, 1.634165000, -0.325581200);1,900918;0,1474348;;;3,221278;3,137967;3,188453
0,8666676;1,9777041806;0,02306847;(3.233032000, 3.153974000, 3.176716000);(0.040493250, 1.634202000, -0.325681200);1,923949;0,1346981;;;3,233032;3,153974;3,176716
0,8777788;2,0071303406;0,02942616;(3.250617000, 3.171045000, 3.160429000);(0.040641460, 1.634285000, -0.325820400);1,952756;0,1272195;;;3,250617;3,171045;3,160429
0,8888899;2,0273122506;0,02018191;(3.258928000, 3.186996000, 3.151274000);(0.040752270, 1.634304000, -0.325943000);1,972848;0,1199164;;;3,258928;3,186996;3,151274
0,900001;2,0378160706;0,01050382;(3.259781000, 3.197157000, 3.148756000);(0.040837620, 1.634323000, -0.325952600);1,981922;0,1131985;;;3,259781;3,197157;3,148756
0,9111122;2,0263223406;0,01149373;(3.250520000, 3.198770000, 3.155370000);(0.040867510, 1.634294000, -0.326176600);1,975511;0,1048846;;;3,25052;3,19877;3,15537
0,9222233;2,0134011906;0,01292115;(3.240108000, 3.199781000, 3.162955000);(0.040925480, 1.634379000, -0.326261800);1,967692;0,09697606;;;3,240108;3,199781;3,162955
0,9333345;1,9917201006;0,02168109;(3.222645000, 3.201252000, 3.175719000);(0.041188630, 1.634289000, -0.326528500);1,954511;0,08667414;;;3,222645;3,201252;3,175719
0,9444456;2,0151205406;0,02340044;(3.208285000, 3.218093000, 3.183321000);(0.041247940, 1.634274000, -0.326527800);1,956916;0,0662142;;;3,208285;3,218093;3,183321
0,9555568;2,0300635706;0,01494303;(3.214442000, 3.229900000, 3.176540000);(0.041372630, 1.634291000, -0.326620100);1,971832;0,05700925;;;3,214442;3,2299;3,17654
0,9666679;2,0382443936;0,008180823;(3.215783000, 3.237597000, 3.174114000);(0.041520360, 1.634311000, -0.326661700);1,979396;0,05088019;;;3,215783;3,237597;3,174114
0,977779;2,0460363566;0,007791963;(3.213727000, 3.245111000, 3.174258000);(0.041647560, 1.634364000, -0.326736000);1,984076;0,04334569;;;3,213727;3,245111;3,174258
0,9888902;2,0531227786;0,007086422;(3.209746000, 3.250641000, 3.176206000);(0.041647560, 1.634364000, -0.326736000);1,985554;0,03636421;;;3,209746;3,250641;3,176206
1,000001;2,0531227786;0;(3.209746000, 3.250641000, 3.176206000);(0.041708740, 1.634402000, -0.326743000);1,985554;0,03636421;;;3,209746;3,250641;3,176206
1,011112;2,0551540616;0,002031283;(3.211333000, 3.250924000, 3.174969000);(0.041763430, 1.634388000, -0.326723500);1,987065;0,03707664;;;3,211333;3,250924;3,174969
1,022224;2,0601657596;0,005011698;(3.215278000, 3.251460000, 3.171926000);(0.041802050, 1.634419000, -0.326754400);1,990685;0,03937394;;;3,215278;3,25146;3,171926
1,033335;2,0670595026;0,006893743;(3.220721000, 3.252101000, 3.167744000);(0.041929550, 1.634446000, -0.326699400);1,995605;0,04336555;;;3,220721;3,252101;3,167744
1,044446;2,0590263186;0,008033184;(3.215241000, 3.257042000, 3.170920000);(0.041956880, 1.634455000, -0.326697100);1,995372;0,03540525;;;3,215241;3,257042;3,17092
1,055557;2,0518847466;0,007141572;(3.209776000, 3.259981000, 3.174455000);(0.042049530, 1.634397000, -0.326712000);1,993487;0,02893138;;;3,209776;3,259981;3,174455
1,066668;2,0418965006;0,009988246;(3.202340000, 3.257206000, 3.180520000);(0.042131280, 1.634379000, -0.326728900);1,985204;0,02696159;;;3,20234;3,257206;3,18052
1,077779;2,0282139206;0,01368258;(3.193930000, 3.249624000, 3.188200000);(0.042141530, 1.634358000, -0.326721300);1,972075;0,033551;;;3,19393;3,249624;3,1882
1,08889;2,0148561006;0,01335782;(3.187624000, 3.239820000, 3.194723000);(0.042145260, 1.634359000, -0.326749500);1,958731;0,04499456;;;3,187624;3,23982;3,194723
1,100002;2,0090859986;0,005770102;(3.183917000, 3.236887000, 3.198033000);(0.042161260, 1.634339000, -0.326763100);1,953296;0,04935119;;;3,183917;3,236887;3,198033
1,111113;2,0061021596;0,002983839;(3.181675000, 3.238248000, 3.199455000);(0.042191060, 1.634330000, -0.326778100);1,952678;0,04907214;;;3,181675;3,238248;3,199455
1,122224;2,0152667896;0,00916463;(3.184415000, 3.246251000, 3.195928000);(0.042163940, 1.634327000, -0.326815200);1,961665;0,03993775;;;3,184415;3,246251;3,195928
1,133335;2,0202295446;0,004962755;(3.185941000, 3.250558000, 3.193991000);(0.042168950, 1.634316000, -0.326822100);1,966542;0,0350042;;;3,185941;3,250558;3,193991
1,144446;2,0258587076;0,005629163;(3.190056000, 3.252341000, 3.190589000);(0.042116170, 1.634312000, -0.326852600);1,971316;0,03162215;;;3,190056;3,252341;3,190589
1,155557;2,0288050906;0,002946383;(3.189600000, 3.255245000, 3.190393000);(0.042081090, 1.634291000, -0.326868100);1,973429;0,02885424;;;3,1896;3,255245;3,190393
1,166668;2,0336674016;0,004862311;(3.187962000, 3.259807000, 3.190771000);(0.041991090, 1.634264000, -0.326815000);1,976027;0,02500752;;;3,187962;3,259807;3,190771
1,17778;2,0291920226;0,004475379;(3.184357000, 3.260477000, 3.193338000);(0.041957470, 1.634312000, -0.326834200);1,97376;0,02643789;;;3,184357;3,260477;3,193338
