time;total distance traveled;distance to prev position;ray position;hmd position;distance to prev target;distance to current target
(-1.366121000, 3.157890000, 4.574616000);(-0.660229400, 1.324496000, 4.949296000);0,2666667;0,4888889

0;-0,01810372;0,01810372;(-1.374174000, 3.119372000, 4.568452000);(-0.071722310, 1.685005000, 0.009336062);0,03983067;1,968842;;;-1,374174;3,119372;4,568452
0,01111111;-0,00526712;0,0128366;(-1.372466000, 3.106666000, 4.569095000);(-0.071743730, 1.684960000, 0.009220965);0,05191023;1,956518;;;-1,372466;3,106666;4,569095
0,02222222;-0,00526712;0;(-1.372466000, 3.106666000, 4.569095000);(-0.071797170, 1.684966000, 0.008948512);0,05191023;1,956518;;;-1,372466;3,106666;4,569095
0,03333334;-0,03159782;0,0263307;(-1.384149000, 3.129366000, 4.562651000);(-0.071788530, 1.685036000, 0.008814402);0,03580289;1,982702;;;-1,384149;3,129366;4,562651
0,04444445;-0,04678708;0,01518926;(-1.392226000, 3.141390000, 4.558079000);(-0.071814540, 1.685102000, 0.008700438);0,03503216;1,997492;;;-1,392226;3,14139;4,558079
0,05555556;-0,04230052;0,00448656;(-1.393919000, 3.145444000, 4.557170000);(-0.071859710, 1.685193000, 0.008592136);0,03509977;2,001978;;;-1,393919;3,145444;4,55717
0,06666667;-0,048359827;0,006059307;(-1.388992000, 3.147169000, 4.560246000);(-0.071875360, 1.685277000, 0.008517928);0,02906041;2,001148;;;-1,388992;3,147169;4,560246
0,07777778;-0,056779547;0,00841972;(-1.385704000, 3.154586000, 4.562500000);(-0.071860470, 1.685335000, 0.008397289);0,0232642;2,006278;;;-1,385704;3,154586;4,5625
0,08888889;-0,062645607;0,00586606;(-1.383406000, 3.159749000, 4.564073000);(-0.071883730, 1.685531000, 0.008384950);0,02033259;2,009859;;;-1,383406;3,159749;4,564073
0,1;-0,055603163;0,007042444;(-1.382538000, 3.166697000, 4.564826000);(-0.071897650, 1.685670000, 0.008440979);0,02104607;2,015751;;;-1,382538;3,166697;4,564826
0,1111111;-0,056797120;0,001193957;(-1.381706000, 3.165993000, 4.565314000);(-0.071844690, 1.685678000, 0.008420415);0,01987702;2,014716;;;-1,381706;3,165993;4,565314
0,1222222;-0,050056210;0,00674091;(-1.384499000, 3.160159000, 4.563416000);(-0.071855780, 1.685760000, 0.008338101);0,02164204;2,010753;;;-1,384499;3,160159;4,563416
0,1333333;-0,041190357;0,008865853;(-1.390554000, 3.154974000, 4.559536000);(-0.071901240, 1.685825000, 0.008248754);0,02886047;2,008964;;;-1,390554;3,154974;4,559536
0,1444445;-0,032623119;0,008567238;(-1.396935000, 3.150930000, 4.555494000);(-0.071916470, 1.685845000, 0.008179255);0,03692703;2,008401;;;-1,396935;3,15093;4,555494
0,1555556;-0,028580026;0,004043093;(-1.397666000, 3.154893000, 4.555171000);(-0.072129640, 1.685890000, 0.008024998);0,0371782;2,012337;;;-1,397666;3,154893;4,555171
0,1666667;-0,032497216;0,00391719;(-1.397179000, 3.158757000, 4.555593000);(-0.072186810, 1.685903000, 0.007935233);0,03643159;2,015592;;;-1,397179;3,158757;4,555593
0,1777778;-0,040168466;0,00767125;(-1.390767000, 3.160141000, 4.559570000);(-0.072203840, 1.685880000, 0.007874914);0,02896347;2,013743;;;-1,390767;3,160141;4,55957
0,1888889;-0,043959334;0,003790868;(-1.387538000, 3.160241000, 4.561554000);(-0.072218070, 1.685732000, 0.007684119);0,02519626;2,012282;;;-1,387538;3,160241;4,561554
0,2;-0,0449241363;0,0009648023;(-1.386953000, 3.160908000, 4.561934000);(-0.072285690, 1.685759000, 0.007634051);0,02457561;2,012606;;;-1,386953;3,160908;4,561934
0,2111111;-0,0509289543;0,006004818;(-1.383794000, 3.156124000, 4.563720000);(-0.072378910, 1.685601000, 0.007470794);0,02083719;2,006757;;;-1,383794;3,156124;4,56372
0,2222222;-0,0703042243;0,01937527;(-1.371109000, 3.143473000, 4.571098000);(-0.072360140, 1.685217000, 0.007248648);0,01565659;1,989236;;;-1,371109;3,143473;4,571098
0,2333333;-0,0497202543;0,02058397;(-1.357527000, 3.130180000, 4.579006000);(-0.072444490, 1.684936000, 0.007067867);0,02934259;1,970744;;;-1,357527;3,13018;4,579006
0,2444444;-0,0235840443;0,02613621;(-1.339985000, 3.113730000, 4.589243000);(-0.072516270, 1.684579000, 0.006810851);0,05335826;1,947579;;;-1,339985;3,11373;4,589243
0,2555556;0,0145634657;0,03814751;(-1.318274000, 3.084919000, 4.601644000);(-0.072707790, 1.684134000, 0.006635733);0,09134854;1,911276;;;-1,318274;3,084919;4,601644
0,2666667;0,0677494857;0,05318602;(-1.293835000, 3.039666000, 4.615195000);(-0.072806920, 1.683545000, 0.006282695);0,1443912;1,858733;;;-1,293835;3,039666;4,615195
0,2777778;0,1136764057;0,04592692;(-1.275971000, 2.998471000, 4.624843000);(-0.073044830, 1.682983000, 0.005680390);0,1899061;1,812898;;;-1,275971;2,998471;4,624843
0,2888889;0,2003024957;0,08662609;(-1.254765000, 2.915121000, 4.635200000);(-0.073150670, 1.682325000, 0.005211778);0,2738746;1,72691;;;-1,254765;2,915121;4,6352
0,3;0,2872129757;0,08691048;(-1.235786000, 2.830783000, 4.644159000);(-0.073231570, 1.681641000, 0.004674502);0,3589188;1,641119;;;-1,235786;2,830783;4,644159
0,3111111;0,3777303957;0,09051742;(-1.215608000, 2.743065000, 4.653747000);(-0.073298250, 1.680877000, 0.003996976);0,448325;1,551816;;;-1,215608;2,743065;4,653747
0,3222222;0,4850998957;0,1073695;(-1.184197000, 2.641654000, 4.669788000);(-0.073333380, 1.680088000, 0.003253169);0,555566;1,444843;;;-1,184197;2,641654;4,669788
0,3333333;0,5785386957;0,0934388;(-1.153773000, 2.554749000, 4.685686000);(-0.073453230, 1.679207000, 0.002363510);0,6490045;1,351517;;;-1,153773;2,554749;4,685686
0,3444445;0,6737310957;0,0951924;(-1.118272000, 2.468500000, 4.704720000);(-0.073554180, 1.678439000, 0.001554556);0,7440531;1,25633;;;-1,118272;2,4685;4,70472
0,3555556;0,7745932957;0,1008622;(-1.073723000, 2.381405000, 4.729276000);(-0.073755270, 1.677816000, 0.000748999);0,8440058;1,156046;;;-1,073723;2,381405;4,729276
0,3666667;0,8804259957;0,1058327;(-1.028319000, 2.289110000, 4.754190000);(-0.073906880, 1.677147000, -0.000157408);0,9492818;1,050731;;;-1,028319;2,28911;4,75419
0,3777778;0,9811699957;0,100744;(-0.987482000, 2.199731000, 4.776397000);(-0.074137860, 1.676661000, -0.001056962);1,049834;0,9502762;;;-0,987482;2,199731;4,776397
0,3888889;1,0734326357;0,09226264;(-0.952207600, 2.116621000, 4.795391000);(-0.074381120, 1.676240000, -0.001941733);1,142063;0,8581372;;;-0,9522076;2,116621;4,795391
0,4;1,1583082157;0,08487558;(-0.924496500, 2.037716000, 4.809879000);(-0.074694330, 1.675984000, -0.002801351);1,226854;0,7732762;;;-0,9244965;2,037716;4,809879
0,4111111;1,2318846357;0,07357642;(-0.903352300, 1.968068000, 4.820634000);(-0.074917680, 1.675703000, -0.003562145);1,300137;0,6998912;;;-0,9033523;1,968068;4,820634
0,4222222;1,3204239757;0,08853934;(-0.880335100, 1.883340000, 4.832058000);(-0.075230930, 1.675594000, -0.004295878);1,388072;0,611962;;;-0,8803351;1,88334;4,832058
0,4333333;1,4152588557;0,09483488;(-0.853200800, 1.793522000, 4.845845000);(-0.075646740, 1.675567000, -0.004887335);1,482617;0,5176147;;;-0,8532008;1,793522;4,845845
0,4444444;1,5146365057;0,09937765;(-0.834929700, 1.696176000, 4.853957000);(-0.075936100, 1.675512000, -0.005439334);1,580128;0,4216102;;;-0,8349297;1,696176;4,853957
0,4555556;1,6096970357;0,09506053;(-0.810785900, 1.605007000, 4.865868000);(-0.075936100, 1.675512000, -0.005439334);1,674715;0,3291106;;;-0,8107859;1,605007;4,865868
0,4666667;1,6096970357;0;(-0.810785900, 1.605007000, 4.865868000);(-0.076207240, 1.675611000, -0.005881958);1,674715;0,3291106;;;-0,8107859;1,605007;4,865868
0,4777778;1,7050955857;0,09539855;(-0.785775900, 1.513789000, 4.878307000);(-0.076480780, 1.675696000, -0.006277494);1,769773;0,2379773;;;-0,7857759;1,513789;4,878307
0,4888889;1,7787206057;0,07362502;(-0.757791500, 1.447375000, 4.893361000);(-0.076774550, 1.675766000, -0.006589226);1,843238;0,166572;;;-0,7577915;1,447375;4,893361
0,5;1,8335069157;0,05478631;(-0.729642400, 1.403129000, 4.909219000);(-0.077032890, 1.675984000, -0.006764643);1,896378;0,1122828;;;-0,7296424;1,403129;4,909219
0,5111111;1,8841370857;0,05063017;(-0.701568000, 1.364144000, 4.925200000);(-0.077262500, 1.676178000, -0.006879143);1,944754;0,06214029;;;-0,701568;1,364144;4,9252
0,5222223;1,9109206157;0,02678353;(-0.684133100, 1.346518000, 4.935334000);(-0.077473140, 1.676395000, -0.006875567);1,968831;0,03537311;;;-0,6841331;1,346518;4,935334
0,5333334;1,9398039757;0,02888336;(-0.668299900, 1.324099000, 4.944333000);(-0.077681000, 1.676551000, -0.006828241);1,996606;0,009482903;;;-0,6682999;1,324099;4,944333
0,5444446;1,9634269557;0,02362298;(-0.661384900, 1.301789000, 4.947865000);(-0.077798780, 1.676636000, -0.006810181);2,020168;0,02278186;;;-0,6613849;1,301789;4,947865
0,5555557;1,9821571057;0,01873015;(-0.664981800, 1.283619000, 4.945081000);(-0.077946540, 1.676742000, -0.006674640);2,035125;0,04136763;;;-0,6649818;1,283619;4,945081
0,5666668;2,0060228657;0,02386576;(-0.666148000, 1.259827000, 4.943609000);(-0.078236200, 1.676867000, -0.006367438);2,056395;0,06518757;;;-0,666148;1,259827;4,943609
0,577778;2,0300325957;0,02400973;(-0.659836200, 1.236876000, 4.946751000);(-0.078356230, 1.676958000, -0.006019346);2,080292;0,08765787;;;-0,6598362;1,236876;4,946751
0,5888891;2,0549365157;0,02490392;(-0.653702500, 1.212927000, 4.949751000);(-0.078538220, 1.677023000, -0.005737714);2,10503;0,1117612;;;-0,6537025;1,212927;4,949751
0,6000003;2,0628214937;0,007884978;(-0.648752800, 1.207498000, 4.952615000);(-0.078709460, 1.676843000, -0.005522184);2,112234;0,1176069;;;-0,6487528;1,207498;4,952615
0,6111114;2,0329348037;0,02988669;(-0.642254600, 1.236255000, 4.957515000);(-0.078761750, 1.676744000, -0.005199544);2,088846;0,09042775;;;-0,6422546;1,236255;4,957515
0,6222225;2,0109506837;0,02198412;(-0.634597800, 1.256161000, 4.962845000);(-0.078784030, 1.676609000, -0.004881732);2,074228;0,07423083;;;-0,6345978;1,256161;4,962845
0,6333337;1,9654152337;0,04553545;(-0.624583800, 1.299938000, 4.970379000);(-0.078775070, 1.676442000, -0.004552297);2,039238;0,04814757;;;-0,6245838;1,299938;4,970379
0,6444448;1,9428172637;0,02259797;(-0.616244300, 1.320137000, 4.976137000);(-0.078780960, 1.676304000, -0.004222743);2,025061;0,05171195;;;-0,6162443;1,320137;4,976137
0,655556;1,9248404237;0,01797684;(-0.615934300, 1.338095000, 4.976898000);(-0.078825420, 1.676221000, -0.003904216);2,009046;0,05393363;;;-0,6159343;1,338095;4,976898
0,6666671;1,9130291737;0,01181125;(-0.623075800, 1.346557000, 4.972787000);(-0.078810060, 1.676063000, -0.003584318);1,997895;0,04918205;;;-0,6230758;1,346557;4,972787
0,6777782;1,9355173437;0,02248817;(-0.634313000, 1.328565000, 4.965322000);(-0.078762550, 1.675931000, -0.003295355);2,008638;0,03074138;;;-0,634313;1,328565;4,965322
0,6888894;1,9617881537;0,02627081;(-0.643552800, 1.304826000, 4.958899000);(-0.078721230, 1.675763000, -0.003019504);2,025741;0,02751856;;;-0,6435528;1,304826;4,958899
0,7000005;1,9778616137;0,01607346;(-0.649661700, 1.290564000, 4.954699000);(-0.078892820, 1.675629000, -0.002577119);2,03585;0,03594792;;;-0,6496617;1,290564;4,954699
0,7111117;1,9649158637;0,01294575;(-0.659774400, 1.295944000, 4.948667000);(-0.078901430, 1.675441000, -0.002346806);2,026249;0,02856309;;;-0,6597744;1,295944;4,948667
0,7222228;1,9590293577;0,005886506;(-0.664265900, 1.298656000, 4.945998000);(-0.078952200, 1.675278000, -0.002182297);2,021701;0,0263605;;;-0,6642659;1,298656;4,945998
0,7333339;1,9342496777;0,02477968;(-0.661508600, 1.323158000, 4.948469000);(-0.078996620, 1.675155000, -0.002026729);2,000622;0,002027835;;;-0,6615086;1,323158;4,948469
0,7444451;1,9176845577;0,01656512;(-0.662699500, 1.339679000, 4.948263000);(-0.078941740, 1.674963000, -0.002012841);1,985021;0,01541674;;;-0,6626995;1,339679;4,948263
0,7555562;1,9022686377;0,01541592;(-0.661217600, 1.354960000, 4.949658000);(-0.079015720, 1.674880000, -0.001856022);1,971828;0,03048163;;;-0,6612176;1,35496;4,949658
0,7666674;1,8934463167;0,008822321;(-0.659555200, 1.363527000, 4.950950000);(-0.079031770, 1.674905000, -0.001723342);1,964841;0,03907176;;;-0,6595552;1,363527;4,95095
0,7777785;1,9083196367;0,01487332;(-0.648099800, 1.356930000, 4.957767000);(-0.079094310, 1.674821000, -0.001631014);1,976314;0,03564899;;;-0,6480998;1,35693;4,957767
0,7888896;1,9301833267;0,02186369;(-0.632679600, 1.344353000, 4.966825000);(-0.079170170, 1.674744000, -0.001562707);1,995164;0,03821748;;;-0,6326796;1,344353;4,966825
0,8000008;1,9355920087;0,005408682;(-0.631523600, 1.339097000, 4.967368000);(-0.079230300, 1.674705000, -0.001516037);2,000473;0,03692969;;;-0,6315236;1,339097;4,967368
0,8111119;1,9273916517;0,008200357;(-0.638169900, 1.341769000, 4.963376000);(-0.079291980, 1.674661000, -0.001507156);1,994829;0,03135597;;;-0,6381699;1,341769;4,963376
0,8222231;1,9254307327;0,001960919;(-0.639555500, 1.342892000, 4.962561000);(-0.079467240, 1.674570000, -0.001626424);1,993142;0,03068854;;;-0,6395555;1,342892;4,962561
0,8333342;1,9302944937;0,004863761;(-0.639904400, 1.338055000, 4.962193000);(-0.079555830, 1.674540000, -0.001635544);1,99735;0,02762766;;;-0,6399044;1,338055;4,962193
