time;total distance traveled;distance to prev position;controller position;controller rotation;camera position;tracker distance to hmd;distance to prev target;distance to current target
(-1.135817000, 1.747726000, 4.889784000);(0.695302700, 0.943546500, 4.907013000)

0;0,0002320758;0,0002320758;(-0.124589700, 1.487715000, 0.655499500);(356.34, 346.61, 17.39);(-0.092650910, 1.667586000, -0.013746490);0,693732000;4,361118;4,36391;;;-0,1245897;1,487715;0,6554995
0,01111111;0,0004401851;0,0002081093;(-0.124767700, 1.487808000, 0.655446400);(356.38, 346.60, 17.25);(-0.092815810, 1.667568000, -0.013833690);0,693736600;4,361123;4,364007;;;-0,1247677;1,487808;0,6554464
0,02222222;0,0002000890;0,0002400961;(-0.124632600, 1.487998000, 0.655504800);(356.37, 346.56, 17.17);(-0.093182050, 1.667599000, -0.014106330);0,693991800;4,361086;4,363948;;;-0,1246326;1,487998;0,6555048
0,03333334;-0,0000486791;0,0002487681;(-0.124469700, 1.488027000, 0.655690600);(356.33, 346.58, 17.21);(-0.093369880, 1.667578000, -0.014163730);0,694197900;4,360942;4,36374;;;-0,1244697;1,488027;0,6556906
0,04444445;-0,0002790888;0,0002304097;(-0.124255400, 1.488007000, 0.655772800);(356.31, 346.59, 17.32);(-0.093526560, 1.667646000, -0.014266420);0,694382500;4,360913;4,363617;;;-0,1242554;1,488007;0,6557728
0,05555556;-0,0004313331;0,0001522443;(-0.124110300, 1.487992000, 0.655816400);(356.33, 346.63, 17.27);(-0.093673800, 1.667698000, -0.014262970);0,694425600;4,360905;4,363545;;;-0,1241103;1,487992;0,6558164
0,06666667;-0,0005405420;0,0001092089;(-0.124141600, 1.487888000, 0.655820100);(356.34, 346.75, 17.17);(-0.093799840, 1.667733000, -0.014249490);0,694448300;4,3609;4,363535;;;-0,1241416;1,487888;0,6558201
0,07777778;-0,0008675732;0,0003270312;(-0.124410600, 1.487706000, 0.655781000);(356.37, 346.76, 17.30);(-0.093853250, 1.667712000, -0.014119730);0,694336300;4,360888;4,363601;;;-0,1244106;1,487706;0,655781
0,08888889;-0,0012456634;0,0003780902;(-0.124731400, 1.487905000, 0.655795200);(356.40, 346.70, 17.39);(-0.093964380, 1.667720000, -0.014041350);0,694234000;4,360787;4,363672;;;-0,1247314;1,487905;0,6557952
0,1;-0,0016276524;0,000381989;(-0.125050800, 1.488105000, 0.655730400);(356.40, 346.58, 17.32);(-0.094055620, 1.667650000, -0.014029960);0,694100900;4,360764;4,363821;;;-0,1250508;1,488105;0,6557304
0,1111111;-0,0019712072;0,0003435548;(-0.125263100, 1.488310000, 0.655905700);(356.37, 346.46, 17.18);(-0.094009130, 1.667531000, -0.014077470);0,694243600;4,360532;4,363715;;;-0,1252631;1,48831;0,6559057
0,1222222;-0,0021300048;0,0001587976;(-0.125341200, 1.488448000, 0.655920400);(356.33, 346.47, 17.08);(-0.094073100, 1.667390000, -0.013978170);0,694090800;4,360492;4,363732;;;-0,1253412;1,488448;0,6559204
0,1333333;-0,0015730273;0,0005569775;(-0.124926100, 1.488816000, 0.655871900);(356.32, 346.44, 17.09);(-0.094118240, 1.667386000, -0.013899850);0,693852000;4,360613;4,363748;;;-0,1249261;1,488816;0,6558719
0,1444445;-0,0018443843;0,000271357;(-0.124783200, 1.489037000, 0.655936900);(356.28, 346.59, 17.18);(-0.094107390, 1.667425000, -0.013778490);0,693745000;4,36057;4,363685;;;-0,1247832;1,489037;0,6559369
0,1555556;-0,0018443843;0;(-0.124783200, 1.489037000, 0.655936900);(356.21, 346.71, 17.07);(-0.094107390, 1.667425000, -0.013778490);0,693745000;4,36057;4,363685;;;-0,1247832;1,489037;0,6559369
0,1666667;-0,0022448795;0,0004004952;(-0.124448200, 1.489219000, 0.656060200);(356.21, 346.71, 17.07);(-0.094288990, 1.667445000, -0.013570470);0,693598800;4,360518;4,363525;;;-0,1244482;1,489219;0,6560602
0,1777778;-0,0013630975;0,000881782;(-0.123689100, 1.488811000, 0.656246500);(356.10, 346.82, 16.93);(-0.094433440, 1.667446000, -0.013516650);0,693793400;4,360537;4,36315;;;-0,1236891;1,488811;0,6562465
0,1888889;0,0001732265;0,001536324;(-0.122323200, 1.488160000, 0.656513100);(356.17, 346.95, 16.77);(-0.094549150, 1.667529000, -0.013471290);0,694135300;4,360634;4,362553;;;-0,1223232;1,48816;0,6565131
0,2;-0,0020436595;0,002216886;(-0.120329300, 1.487378000, 0.657086000);(356.39, 347.20, 16.42);(-0.094659330, 1.667486000, -0.013262910);0,694597400;4,360589;4,361524;;;-0,1203293;1,487378;0,657086
0,2111111;-0,0044758605;0,002432201;(-0.118084300, 1.486706000, 0.657736800);(356.64, 347.58, 16.01);(-0.094719190, 1.667464000, -0.013111160);0,695166300;4,36052;4,360386;;;-0,1180843;1,486706;0,6577368
0,2222222;-0,0085394095;0,004063549;(-0.114326700, 1.485620000, 0.658838400);(356.81, 347.95, 15.87);(-0.094685840, 1.667393000, -0.013001010);0,696272600;4,360395;4,358478;;;-0,1143267;1,48562;0,6588384
0,2333333;-0,0121342275;0,003594818;(-0.111005800, 1.484575000, 0.659734300);(357.09, 348.67, 15.66);(-0.094748150, 1.667199000, -0.012933660);0,697207200;4,360368;4,356859;;;-0,1110058;1,484575;0,6597343
0,2444444;-0,0184264995;0,006292272;(-0.105164600, 1.482962000, 0.661428600);(357.36, 349.32, 15.49);(-0.094808330, 1.666999000, -0.012760510);0,698933300;4,360199;4,35393;;;-0,1051646;1,482962;0,6614286
0,2555556;-0,0239781795;0,00555168;(-0.100075900, 1.481470000, 0.663071500);(357.58, 350.29, 15.20);(-0.094831790, 1.666788000, -0.012701440);0,700742100;4,359903;4,35121;;;-0,1000759;1,48147;0,6630715
0,2666667;-0,0312603175;0,007282138;(-0.093451240, 1.479168000, 0.665032400);(357.84, 351.18, 14.80);(-0.094859590, 1.666593000, -0.012633370);0,703108300;4,359722;4,347806;;;-0,09345124;1,479168;0,6650324
0,2777778;-0,0394760315;0,008215714;(-0.086137230, 1.476140000, 0.667231600);(358.22, 352.35, 14.31);(-0.094904010, 1.666380000, -0.012625860);0,706027000;4,359534;4,343967;;;-0,08613723;1,47614;0,6672316
0,2888889;-0,0477962525;0,008320221;(-0.078875770, 1.472663000, 0.669331700);(358.64, 353.51, 14.10);(-0.094953850, 1.666267000, -0.012630980);0,709093700;4,359473;4,340191;;;-0,07887577;1,472663;0,6693317
0,3;-0,0389553395;0,008840913;(-0.071199360, 1.468773000, 0.671357100);(359.06, 354.32, 14.72);(-0.094888520, 1.666025000, -0.012673900);0,712297600;4,359628;4,336377;;;-0,07119936;1,468773;0,6713571
0,3111111;-0,0470261235;0,008070784;(-0.064059520, 1.465780000, 0.673637400);(359.55, 355.13, 15.38);(-0.095000400, 1.665886000, -0.012662990);0,715547400;4,359364;4,332531;;;-0,06405952;1,46578;0,6736374
0,3222222;-0,0381547105;0,008871413;(-0.056194480, 1.462159000, 0.675568300);(0.07, 356.03, 15.45);(-0.095083000, 1.665864000, -0.012689400);0,718823100;4,359674;4,328837;;;-0,05619448;1,462159;0,6755683
0,3333333;-0,0291168865;0,009037824;(-0.048109850, 1.458647000, 0.677565400);(0.55, 357.03, 15.29);(-0.095213380, 1.665727000, -0.012684750);0,722181600;4,359984;4,325068;;;-0,04810985;1,458647;0,6775654
0,3444445;-0,0190500665;0,01006682;(-0.039028100, 1.454802000, 0.679586100);(0.98, 358.08, 14.89);(-0.095246140, 1.665554000, -0.012602790);0,725742600;4,360564;4,321084;;;-0,0390281;1,454802;0,6795861
0,3555556;-0,0090836715;0,009966395;(-0.030107870, 1.450647000, 0.681163300);(1.33, 359.12, 14.84);(-0.095361380, 1.665367000, -0.012600710);0,729157900;4,361575;4,317543;;;-0,03010787;1,450647;0,6811633
0,3666667;0,0001922795;0,009275951;(-0.021860010, 1.446623000, 0.682514500);(1.68, 0.26, 14.96);(-0.095456390, 1.665183000, -0.012462660);0,732242000;4,362646;4,314371;;;-0,02186001;1,446623;0,6825145
0,3777778;0,0091733645;0,008981085;(-0.013996350, 1.442410000, 0.683550200);(2.01, 1.27, 15.35);(-0.095542610, 1.664968000, -0.012457420);0,735261000;4,363955;4,311566;;;-0,01399635;1,44241;0,6835502
0,3888889;0,0177857915;0,008612427;(-0.006435529, 1.438657000, 0.685261300);(2.35, 2.03, 15.89);(-0.095796930, 1.664896000, -0.012189850);0,738652600;4,364521;4,30822;;;-0,006435529;1,438657;0,6852613
0,4;0,0259527515;0,00816696;(0.000596941, 1.434560000, 0.685933200);(2.67, 2.69, 16.09);(-0.095982310, 1.664917000, -0.012086610);0,741366100;4,365991;4,305952;;;0,0005969406;1,43456;0,6859332
0,4111111;0,0259527515;0;(0.000596941, 1.434560000, 0.685933200);(2.98, 3.16, 16.14);(-0.095982310, 1.664917000, -0.012086610);0,741366100;4,365991;4,305952;;;0,0005969406;1,43456;0,6859332
0,4222222;0,0344030385;0,008450287;(0.007775129, 1.430199000, 0.686863500);(2.98, 3.16, 16.14);(-0.096119930, 1.664823000, -0.011965560);0,744449200;4,367284;4,303392;;;0,007775129;1,430199;0,6868635
0,4333333;0,0421980295;0,007794991;(0.014516450, 1.426315000, 0.687345400);(3.40, 3.67, 15.97);(-0.096302610, 1.664745000, -0.011762900);0,746915200;4,368875;4,30141;;;0,01451645;1,426315;0,6873454
0,4444444;0,0499639065;0,007765877;(0.021412720, 1.422770000, 0.687774200);(3.79, 4.30, 15.77);(-0.096458690, 1.664664000, -0.011568470);0,749324000;4,370545;4,299507;;;0,02141272;1,42277;0,6877742
0,4555556;0,0569189135;0,006955007;(0.027633440, 1.419663000, 0.687921200);(4.16, 4.81, 15.76);(-0.096638280, 1.664580000, -0.011525440);0,751434300;4,372287;4,298047;;;0,02763344;1,419663;0,6879212
0,4666667;0,0646046075;0,007685694;(0.034391620, 1.416007000, 0.688084900);(4.29, 5.23, 15.67);(-0.096749920, 1.664522000, -0.011256020);0,753681500;4,374208;4,296437;;;0,03439162;1,416007;0,6880849
0,4777778;0,0714478995;0,006843292;(0.040507750, 1.412948000, 0.688343100);(4.49, 5.73, 15.70);(-0.096816140, 1.664467000, -0.010952400);0,755734000;4,375834;4,294912;;;0,04050775;1,412948;0,6883431
0,4888889;0,0773367215;0,005888822;(0.045804390, 1.410375000, 0.688424200);(4.73, 6.31, 15.79);(-0.096808090, 1.664306000, -0.010671900);0,757333800;4,377381;4,293748;;;0,04580439;1,410375;0,6884242
0,5;0,0819337675;0,004597046;(0.049718340, 1.407964000, 0.688408800);(4.79, 6.75, 16.03);(-0.096773580, 1.664159000, -0.010340740);0,758516000;4,37864;4,292911;;;0,04971834;1,407964;0,6884088
0,5111111;0,0880280755;0,006094308;(0.055036560, 1.404996000, 0.688187200);(4.87, 6.93, 16.19);(-0.096643110, 1.664011000, -0.010124370);0,760088400;4,380527;4,292012;;;0,05503656;1,404996;0,6881872
0,5222223;0,0924881695;0,004460094;(0.058896640, 1.402774000, 0.687952200);(4.99, 7.21, 16.22);(-0.096450980, 1.663899000, -0.009723291);0,760966500;4,381978;4,291431;;;0,05889664;1,402774;0,6879522
0,5333334;0,0970740075;0,004585838;(0.063010150, 1.400756000, 0.687769600);(5.16, 7.34, 16.34);(-0.096161380, 1.663883000, -0.009223506);0,761821000;4,383435;4,290787;;;0,06301015;1,400756;0,6877696
0,5444446;0,1012847275;0,00421072;(0.066813280, 1.398957000, 0.687588000);(5.35, 7.55, 16.41);(-0.095898820, 1.663829000, -0.008733496);0,762558600;4,384793;4,290215;;;0,06681328;1,398957;0,687588
0,5555557;0,1050418825;0,003757155;(0.070140850, 1.397224000, 0.687389100);(5.46, 7.77, 16.33);(-0.095587730, 1.663840000, -0.008150443);0,763102200;4,386036;4,289741;;;0,07014085;1,397224;0,6873891
0,5666668;0,1083314375;0,003289555;(0.073110130, 1.395849000, 0.687052800);(5.56, 8.01, 16.21);(-0.095246320, 1.663868000, -0.007602260);0,763363700;4,387286;4,289495;;;0,07311013;1,395849;0,6870528
0,577778;0,1116101265;0,003278689;(0.075981890, 1.394306000, 0.686702300);(5.71, 8.24, 16.21);(-0.094794300, 1.663835000, -0.006997153);0,763563500;4,388537;4,289262;;;0,07598189;1,394306;0,6867023
0,5888891;0,1147297625;0,003119636;(0.078803670, 1.393009000, 0.686408000);(5.84, 8.42, 16.41);(-0.094306750, 1.663754000, -0.006375119);0,763687600;4,389704;4,289009;;;0,07880367;1,393009;0,686408
0,6000003;0,1170578695;0,002328107;(0.080940170, 1.392116000, 0.686165900);(5.94, 8.63, 16.38);(-0.093774720, 1.663697000, -0.005781099);0,763591700;4,390599;4,288847;;;0,08094017;1,392116;0,6861659
0,6111114;0,1189501465;0,001892277;(0.082633990, 1.391308000, 0.685923800);(5.98, 8.75, 16.27);(-0.093157480, 1.663569000, -0.005170517);0,763308500;4,391366;4,288758;;;0,08263399;1,391308;0,6859238
0,6222225;0,1203131445;0,001362998;(0.083912920, 1.390863000, 0.685768500);(6.01, 8.78, 16.23);(-0.092532210, 1.663443000, -0.004588775);0,762906300;4,391906;4,288682;;;0,08391292;1,390863;0,6857685
0,6333337;0,1217479335;0,001434789;(0.085244900, 1.390344000, 0.685648000);(6.02, 8.76, 16.03);(-0.091814300, 1.663315000, -0.004030399);0,762574100;4,392434;4,288557;;;0,0852449;1,390344;0,685648
0,6444448;0,1222913724;0,0005434389;(0.085723240, 1.390144000, 0.685484600);(6.02, 8.70, 15.92);(-0.091100610, 1.663248000, -0.003449135);0,761893600;4,39274;4,288629;;;0,08572324;1,390144;0,6854846
0,655556;0,1236273364;0,001335964;(0.087017530, 1.389815000, 0.685518300);(5.97, 8.43, 16.08);(-0.090417870, 1.663218000, -0.002872400);0,761652500;4,393094;4,288378;;;0,08701753;1,389815;0,6855183
0,6666671;0,1245361372;0,0009088008;(0.087911150, 1.389665000, 0.685447000);(6.04, 8.46, 16.03);(-0.089649580, 1.663160000, -0.002265207);0,761101200;4,393423;4,288305;;;0,08791115;1,389665;0,685447
0,6777782;0,1252423539;0,0007062167;(0.088588220, 1.389478000, 0.685374600);(6.07, 8.53, 15.86);(-0.088987040, 1.663084000, -0.001684658);0,760554800;4,393696;4,288261;;;0,08858822;1,389478;0,6853746
0,6888894;0,1260445214;0,0008021675;(0.089367770, 1.389605000, 0.685234000);(6.07, 8.51, 15.80);(-0.088286090, 1.663048000, -0.001069658);0,759832200;4,394038;4,288303;;;0,08936777;1,389605;0,685234
0,7000005;0,1267280161;0,0006834947;(0.090044490, 1.389510000, 0.685247600);(6.00, 8.51, 15.73);(-0.087643720, 1.662929000, -0.000516109);0,759343700;4,394222;4,288184;;;0,09004449;1,38951;0,6852476
0,7111117;0,1273485634;0,0006205473;(0.090661670, 1.389536000, 0.685306800);(5.92, 8.53, 15.60);(-0.087187090, 1.662524000, -0.000155680);0,758954300;4,394335;4,288042;;;0,09066167;1,389536;0,6853068
0,7222228;0,1267652878;0,0005832756;(0.091211280, 1.389656000, 0.685460600);(5.88, 8.59, 15.67);(-0.086592820, 1.662388000, 0.000325866);0,758555700;4,394331;4,287825;;;0,09121128;1,389656;0,6854606
0,7333339;0,1271457681;0,0003804803;(0.091588650, 1.389632000, 0.685502800);(5.76, 8.62, 15.76);(-0.086161310, 1.662298000, 0.000904448);0,758034800;4,394399;4,287728;;;0,09158865;1,389632;0,6855028
0,7444451;0,1274707906;0,0003250225;(0.091902610, 1.389614000, 0.685585000);(5.74, 8.59, 15.80);(-0.085646120, 1.662203000, 0.001402684);0,757584000;4,394409;4,287601;;;0,09190261;1,389614;0,685585
0,7555562;0,1273170223;0,0001537683;(0.091996040, 1.389516000, 0.685657400);(5.80, 8.57, 15.73);(-0.085150730, 1.662063000, 0.001834340);0,757150500;4,394374;4,287506;;;0,09199604;1,389516;0,6856574
0,7666674;0,12722410708;0,00009291522;(0.091974270, 1.389467000, 0.685733000);(5.80, 8.50, 15.68);(-0.084610710, 1.662048000, 0.002191670);0,756777000;4,3943;4,28743;;;0,09197427;1,389467;0,685733
0,7777785;0,12687879558;0,0003453115;(0.092286270, 1.389526000, 0.685868600);(5.83, 8.41, 15.68);(-0.084206780, 1.662045000, 0.002648421);0,756443100;4,394252;4,287259;;;0,09228627;1,389526;0,6858686
