time;total distance traveled;distance to prev position;ray position;hmd position;distance to prev target;distance to current target
(0.752433400, 1.973269000, 4.532114000);(1.688394000, 0.210247300, 4.406685000);0,2444444;0,2444444

0;-0,007009214;0,007009214;(0.758231600, 1.989313000, 4.531169000);(-0.056140010, 1.687041000, -0.002243213);0,01708582;2,011411;;;0,7582316;1,989313;4,531169
0,01111111;-0,001764573;0,005244641;(0.761763900, 1.993152000, 4.530631000);(-0.056021030, 1.687020000, -0.002229385);0,02201373;2,013146;;;0,7617639;1,993152;4,530631
0,02222222;0,004780851;0,006545424;(0.762231600, 1.999680000, 4.530522000);(-0.055923010, 1.687063000, -0.002261989);0,02821502;2,018708;;;0,7622316;1,99968;4,530522
0,03333334;0,011063359;0,006282508;(0.765374800, 2.005098000, 4.530031000);(-0.055782330, 1.687039000, -0.002234809);0,03442208;2,022045;;;0,7653748;2,005098;4,530031
0,04444445;0,013525782;0,002462423;(0.765686300, 2.007540000, 4.529970000);(-0.055585850, 1.686974000, -0.002167039);0,03680629;2,024067;;;0,7656863;2,00754;4,52997
0,05555556;0,006566124;0,006959658;(0.763096500, 2.001093000, 4.530387000);(-0.055428050, 1.686944000, -0.002063923);0,02984736;2,019556;;;0,7630965;2,001093;4,530387
0,06666667;0,002095585;0,004470539;(0.759816200, 1.998097000, 4.530884000);(-0.055239090, 1.686833000, -0.002002947);0,02593131;2,018437;;;0,7598162;1,998097;4,530884
0,07777778;0,010626232;0,008530647;(0.751845200, 2.000912000, 4.532028000);(-0.055035850, 1.686847000, -0.001907818);0,02764936;2,024677;;;0,7518452;2,000912;4,532028
0,08888889;0,016248543;0,005622311;(0.746316800, 2.001549000, 4.532829000);(-0.054896360, 1.686833000, -0.001871519);0,02894256;2,027852;;;0,7463168;2,001549;4,532829
0,1;0,013626917;0,002621626;(0.746687900, 1.998954000, 4.532791000);(-0.054736400, 1.686748000, -0.001847796);0,02632833;2,025385;;;0,7466879;1,998954;4,532791
0,1111111;0,009367273;0,004259644;(0.750806900, 1.998045000, 4.532197000);(-0.054636380, 1.686708000, -0.001798920);0,0248297;2,022633;;;0,7508069;1,998045;4,532197
0,1222222;0,012460874;0,003093601;(0.752296400, 2.000746000, 4.531963000);(-0.054481050, 1.686571000, -0.001842074);0,02747826;2,024318;;;0,7522964;2,000746;4,531963
0,1333333;0,018333000;0,005872126;(0.755685900, 2.005513000, 4.531440000);(-0.054342160, 1.686502000, -0.001841597);0,0324146;2,02694;;;0,7556859;2,005513;4,53144
0,1444445;0,021418926;0,003085926;(0.757355500, 2.008095000, 4.531180000);(-0.054176440, 1.686514000, -0.001831762);0,03518475;2,028445;;;0,7573555;2,008095;4,53118
0,1555556;0,0204285075;0,0009904185;(0.757060300, 2.007151000, 4.531229000);(-0.054078080, 1.686474000, -0.001814179);0,03420803;2,027747;;;0,7570603;2,007151;4,531229
0,1666667;0,0159514615;0,004477046;(0.752645600, 2.006779000, 4.531875000);(-0.053944130, 1.686483000, -0.001730017);0,03351173;2,029489;;;0,7526456;2,006779;4,531875
0,1777778;0,0109944875;0,004956974;(0.748105300, 2.004907000, 4.532548000);(-0.053871560, 1.686357000, -0.001680069);0,03193601;2,029973;;;0,7481053;2,004907;4,532548
0,1888889;0,0037688405;0,007225647;(0.744491200, 1.998676000, 4.533113000);(-0.053802890, 1.686334000, -0.001737528);0,02663826;2,026182;;;0,7444912;1,998676;4,533113
0,2;0,0001384145;0,003630426;(0.741992700, 1.996070000, 4.533494000);(-0.053750160, 1.686226000, -0.001741521);0,02511552;2,025072;;;0,7419927;1,99607;4,533494
0,2111111;-0,0139356855;0,0140741;(0.749293600, 1.984078000, 4.532504000);(-0.053727560, 1.686077000, -0.001765423);0,01126275;2,011024;;;0,7492936;1,984078;4,532504
0,2222222;-0,0275661055;0,01363042;(0.757273900, 1.973083000, 4.531409000);(-0.053729470, 1.685884000, -0.001839988);0,004895014;1,997531;;;0,7572739;1,973083;4,531409
0,2333333;0,0043103645;0,03187647;(0.780872800, 1.951910000, 4.528102000);(-0.053745040, 1.685573000, -0.002059750);0,03579224;1,96767;;;0,7808728;1,95191;4,528102
0,2444444;0,0213926445;0,01708228;(0.792574600, 1.939572000, 4.526474000);(-0.053819110, 1.685127000, -0.002212577);0,05271218;1,951258;;;0,7925746;1,939572;4,526474
0,2555556;0,0672966845;0,04590404;(0.824772600, 1.907164000, 4.521984000);(-0.053819620, 1.684740000, -0.002345257);0,09851617;1,907528;;;0,8247726;1,907164;4,521984
0,2666667;0,1067974845;0,0395008;(0.851508100, 1.878325000, 4.518268000);(-0.053876690, 1.684292000, -0.002560787);0,1379201;1,869575;;;0,8515081;1,878325;4,518268
0,2777778;0,1629560645;0,05615858;(0.885600100, 1.833945000, 4.513576000);(-0.053905320, 1.683861000, -0.002751283);0,1936184;1,814469;;;0,8856001;1,833945;4,513576
0,2888889;0,2381512145;0,07519515;(0.922992600, 1.768902000, 4.508532000);(-0.053921750, 1.683415000, -0.002921514);0,2672312;1,73943;;;0,9229926;1,768902;4,508532
0,3;0,3245282045;0,08637699;(0.968033000, 1.695451000, 4.502425000);(-0.053999650, 1.682971000, -0.003033273);0,352913;1,653456;;;0,968033;1,695451;4,502425
0,3111111;0,4191368645;0,09460866;(1.019947000, 1.616674000, 4.495350000);(-0.054111950, 1.682542000, -0.003152303);0,447297;1,559718;;;1,019947;1,616674;4,49535
0,3222222;0,4993022845;0,08016542;(1.065248000, 1.550827000, 4.489158000);(-0.054214950, 1.682145000, -0.003321938);0,5274048;1,48063;;;1,065248;1,550827;4,489158
0,3333333;0,5900511945;0,09074891;(1.120355000, 1.479125000, 4.481573000);(-0.054308140, 1.681614000, -0.003483824);0,6181412;1,392239;;;1,120355;1,479125;4,481573
0,3444445;0,6876301145;0,09757892;(1.172516000, 1.396963000, 4.474483000);(-0.054433990, 1.681025000, -0.003692858);0,7154851;1,295771;;;1,172516;1,396963;4,474483
0,3555556;0,7890263145;0,1013962;(1.223423000, 1.309543000, 4.467609000);(-0.054680310, 1.680323000, -0.003939562);0,8164098;1,19514;;;1,223423;1,309543;4,467609
0,3666667;0,8973573145;0,108331;(1.269291000, 1.211589000, 4.461534000);(-0.054979030, 1.679769000, -0.004043691);0,9231896;1,086895;;;1,269291;1,211589;4,461534
0,3777778;0,9966159145;0,0992586;(1.311462000, 1.121908000, 4.455946000);(-0.055210330, 1.679204000, -0.004108600);1,021337;0,9877402;;;1,311462;1,121908;4,455946
0,3888889;1,0889103445;0,09229443;(1.346664000, 1.036715000, 4.451346000);(-0.055432490, 1.678635000, -0.004085355);1,1121;0,8954457;;;1,346664;1,036715;4,451346
0,4;1,1766241045;0,08771376;(1.389124000, 0.960176000, 4.445634000);(-0.055673250, 1.678091000, -0.004012518);1,199671;0,8083766;;;1,389124;0,960176;4,445634
0,4111111;1,2520117045;0,0753876;(1.425828000, 0.894512700, 4.440694000);(-0.055899510, 1.677711000, -0.004020743);1,274964;0,7337006;;;1,425828;0,8945127;4,440694
0,4222222;1,3256794745;0,07366777;(1.460683000, 0.829780800, 4.436018000);(-0.056124830, 1.677254000, -0.003891997);1,348487;0,6607075;;;1,460683;0,8297808;4,436018
0,4333333;1,4056292445;0,07994977;(1.495949000, 0.758183000, 4.431324000);(-0.056255440, 1.676918000, -0.003662996);1,428079;0,5812708;;;1,495949;0,758183;4,431324
0,4444444;1,4957735145;0,09014427;(1.528913000, 0.674391200, 4.427041000);(-0.056279150, 1.676504000, -0.003528170);1,516919;0,4912009;;;1,528913;0,6743912;4,427041
0,4555556;1,5815838345;0,08581032;(1.560587000, 0.594747200, 4.422920000);(-0.056387220, 1.676121000, -0.003271036);1,601673;0,4055101;;;1,560587;0,5947472;4,42292
0,4666667;1,6569003145;0,07531648;(1.586758000, 0.524204700, 4.419545000);(-0.056468930, 1.675781000, -0.002997391);1,675875;0,3302492;;;1,586758;0,5242047;4,419545
0,4777778;1,7146692645;0,05776895;(1.601511000, 0.468380500, 4.417742000);(-0.056557570, 1.675477000, -0.002538495);1,731677;0,2725869;;;1,601511;0,4683805;4,417742
0,4888889;1,7772214445;0,06255218;(1.617936000, 0.408057000, 4.415723000);(-0.056644450, 1.675301000, -0.002171807);1,792353;0,2101777;;;1,617936;0,408057;4,415723
0,5;1,8373009145;0,06007947;(1.631426000, 0.349533600, 4.414121000);(-0.056665760, 1.674810000, -0.001959912);1,850153;0,1506694;;;1,631426;0,3495336;4,414121
0,5111111;1,8915214345;0,05422052;(1.647349000, 0.297742300, 4.412123000);(-0.056506540, 1.674532000, -0.001570038);1,903329;0,09679684;;;1,647349;0,2977423;4,412123
0,5222223;1,9326898445;0,04116841;(1.661566000, 0.259150100, 4.410291000);(-0.056346590, 1.674348000, -0.001142196);1,944111;0,0558947;;;1,661566;0,2591501;4,410291
0,5333334;1,9613182645;0,02862842;(1.672477000, 0.232721000, 4.408865000);(-0.056191140, 1.674169000, -0.000636987);1,972607;0,0276253;;;1,672477;0,232721;4,408865
0,5444446;2,0001353245;0,03881706;(1.685477000, 0.196183400, 4.407197000);(-0.055889750, 1.673969000, -0.000188641);2,011021;0,01437237;;;1,685477;0,1961834;4,407197
0,5555557;2,0386153145;0,03847999;(1.697950000, 0.159816000, 4.405606000);(-0.055608890, 1.673759000, 0.000330158);2,049053;0,05134011;;;1,69795;0,159816;4,405606
0,5666668;2,0765683045;0,03795299;(1.712370000, 0.124759400, 4.403723000);(-0.055398340, 1.673666000, 0.000868388);2,086852;0,08883576;;;1,71237;0,1247594;4,403723
0,577778;2,1090075445;0,03243924;(1.719723000, 0.093176600, 4.402847000);(-0.055031440, 1.673404000, 0.001381107);2,118279;0,1212508;;;1,719723;0,0931766;4,402847
0,5888891;2,1359532845;0,02694574;(1.725495000, 0.066865090, 4.402169000);(-0.054609400, 1.673172000, 0.001908250);2,14432;0,1481733;;;1,725495;0,06686509;4,402169
0,6000003;2,1505822745;0,01462899;(1.731017000, 0.053337570, 4.401449000);(-0.054161470, 1.672947000, 0.002305992);2,158897;0,16268;;;1,731017;0,05333757;4,401449
0,6111114;2,1528847305;0,002302456;(1.733056000, 0.052308560, 4.401158000);(-0.053748570, 1.672804000, 0.002859004);2,160754;0,1642251;;;1,733056;0,05230856;4,401158
0,6222225;2,1558122665;0,002927536;(1.732649000, 0.049410460, 4.401236000);(-0.053293410, 1.672610000, 0.003295191);2,163142;0,1669033;;;1,732649;0,04941046;4,401236
0,6333337;2,1366589065;0,01915336;(1.724037000, 0.066479920, 4.402384000);(-0.052706790, 1.672555000, 0.003695793);2,143989;0,1481823;;;1,724037;0,06647992;4,402384
0,6444448;2,1207224965;0,01593641;(1.714117000, 0.078877090, 4.403753000);(-0.052250170, 1.672455000, 0.004118271);2,128387;0,133897;;;1,714117;0,07887709;4,403753
0,655556;2,1162675135;0,004454983;(1.709725000, 0.079265060, 4.404390000);(-0.051666890, 1.672379000, 0.004656740);2,126023;0,1327277;;;1,709725;0,07926506;4,40439
0,6666671;2,1171757766;0,0009082631;(1.709028000, 0.078693270, 4.404495000);(-0.051198220, 1.672286000, 0.004982598);2,126212;0,1331803;;;1,709028;0,07869327;4,404495
0,6777782;2,1201214806;0,002945704;(1.711921000, 0.079049940, 4.404072000);(-0.050766250, 1.672112000, 0.005261369);2,127223;0,1333157;;;1,711921;0,07904994;4,404072
0,6888894;2,1291857556;0,009064275;(1.720672000, 0.077054980, 4.402809000);(-0.050207560, 1.671906000, 0.005399950);2,133034;0,1371025;;;1,720672;0,07705498;4,402809
0,7000005;2,1423785056;0,01319275;(1.733657000, 0.075674180, 4.400926000);(-0.049808270, 1.671706000, 0.005537458);2,140298;0,1420978;;;1,733657;0,07567418;4,400926
0,7111117;2,1525369256;0,01015842;(1.743629000, 0.074387250, 4.399481000);(-0.049379850, 1.671504000, 0.005642839);2,146116;0,1468358;;;1,743629;0,07438725;4,399481
0,7222228;2,1645881856;0,01205126;(1.754647000, 0.078987840, 4.397847000);(-0.048919730, 1.671328000, 0.005848117);2,147268;0,1472977;;;1,754647;0,07898784;4,397847
0,7333339;2,1805728456;0,01598466;(1.769301000, 0.084991040, 4.395674000);(-0.048523490, 1.671290000, 0.006030150);2,149007;0,1495204;;;1,769301;0,08499104;4,395674
0,7444451;2,1965028856;0,01593004;(1.784364000, 0.089673820, 4.393450000);(-0.048081730, 1.671178000, 0.006209500);2,152217;0,1546719;;;1,784364;0,08967382;4,39345
0,7555562;2,2111539856;0,0146511;(1.797090000, 0.096682190, 4.391553000);(-0.047757620, 1.671082000, 0.006401487);2,152357;0,1579265;;;1,79709;0,09668219;4,391553
0,7666674;2,2122512706;0,001097285;(1.798030000, 0.096131740, 4.391419000);(-0.047438170, 1.671032000, 0.006596394);2,153302;0,1589822;;;1,79803;0,09613174;4,391419
0,7777785;2,2042188566;0,008032414;(1.798260000, 0.104160400, 4.391336000);(-0.047110390, 1.670998000, 0.006806381);2,146425;0,1534942;;;1,79826;0,1041604;4,391336
0,7888896;2,1877210666;0,01649779;(1.795152000, 0.120359100, 4.391688000);(-0.046863920, 1.670943000, 0.006966535);2,130788;0,1403641;;;1,795152;0,1203591;4,391688
0,8000008;2,1773935766;0,01032749;(1.793607000, 0.130569000, 4.391850000);(-0.046617740, 1.670855000, 0.007188622);2,121146;0,1328099;;;1,793607;0,130569;4,39185
0,8111119;2,1684960056;0,008897571;(1.788076000, 0.137496500, 4.392612000);(-0.046397060, 1.670798000, 0.007321779);2,112363;0,124206;;;1,788076;0,1374965;4,392612
0,8222231;2,1580700556;0,01042595;(1.780230000, 0.144274400, 4.393713000);(-0.046211560, 1.670727000, 0.007372204);2,102556;0,1138183;;;1,78023;0,1442744;4,393713
0,8333342;2,1665462686;0,008476213;(1.773408000, 0.139350400, 4.394738000);(-0.046024980, 1.670659000, 0.007399622);2,103454;0,1113391;;;1,773408;0,1393504;4,394738
0,8444453;2,1779177686;0,0113715;(1.777221000, 0.128648500, 4.394249000);(-0.045828200, 1.670548000, 0.007488433);2,114668;0,1212568;;;1,777221;0,1286485;4,394249
0,8555565;2,1790788866;0,001161118;(1.776892000, 0.127536300, 4.394304000);(-0.045741230, 1.670338000, 0.007607047);2,115475;0,1217632;;;1,776892;0,1275363;4,394304
0,8666676;2,1722578326;0,006821054;(1.773807000, 0.133605700, 4.394716000);(-0.045529650, 1.670324000, 0.007716957);2,108659;0,1153798;;;1,773807;0,1336057;4,394716
0,8777788;2,1605159726;0,01174186;(1.769104000, 0.144346700, 4.395334000);(-0.045294970, 1.670154000, 0.007748906);2,09697;0,1048129;;;1,769104;0,1443467;4,395334
0,8888899;2,1445775426;0,01593843;(1.762497000, 0.158825200, 4.396207000);(-0.045146190, 1.670109000, 0.007826868);2,081083;0,09080341;;;1,762497;0,1588252;4,396207
0,900001;2,1319757126;0,01260183;(1.759056000, 0.170940600, 4.396633000);(-0.044978290, 1.670023000, 0.007914845);2,068824;0,08148093;;;1,759056;0,1709406;4,396633
0,9111122;2,1158759626;0,01609975;(1.755899000, 0.186723700, 4.396995000);(-0.044863210, 1.669986000, 0.008008126);2,05352;0,07214019;;;1,755899;0,1867237;4,396995
0,9222233;2,0992204726;0,01665549;(1.748414000, 0.201568600, 4.397994000);(-0.044744540, 1.669917000, 0.008209709);2,036882;0,06126328;;;1,748414;0,2015686;4,397994
0,9333345;2,0848083326;0,01441214;(1.738255000, 0.211692900, 4.399411000);(-0.044655790, 1.669880000, 0.008242670);2,023019;0,0504092;;;1,738255;0,2116929;4,399411
0,9444456;2,0736826826;0,01112565;(1.727355000, 0.213268000, 4.400990000);(-0.044522630, 1.669891000, 0.008387987);2,016251;0,0394906;;;1,727355;0,213268;4,40099
0,9555568;2,0630771726;0,01060551;(1.717638000, 0.209270300, 4.402430000);(-0.044189350, 1.669781000, 0.008482758);2,014976;0,02956788;;;1,717638;0,2092703;4,40243
0,9666679;2,0672675876;0,004190415;(1.714988000, 0.206049200, 4.402836000);(-0.044043990, 1.669889000, 0.008656863);2,016505;0,02719744;;;1,714988;0,2060492;4,402836
0,977779;2,0625316406;0,004735947;(1.713786000, 0.210627600, 4.402983000);(-0.043888740, 1.669873000, 0.008796517);2,011909;0,02566327;;;1,713786;0,2106276;4,402983
0,9888902;2,0731549506;0,01062331;(1.722252000, 0.204321700, 4.401789000);(-0.043724380, 1.669833000, 0.008926157);2,02156;0,03471906;;;1,722252;0,2043217;4,401789
1,000001;2,0785096046;0,005354654;(1.726987000, 0.201914600, 4.401114000);(-0.043609350, 1.669807000, 0.009035412);2,025984;0,03987317;;;1,726987;0,2019146;4,401114
1,011112;2,0754809036;0,003028701;(1.727628000, 0.204872500, 4.401002000);(-0.043490990, 1.669789000, 0.009073261);2,023715;0,04000605;;;1,727628;0,2048725;4,401002
1,022224;2,0747823317;0,0006985719;(1.726968000, 0.204664800, 4.401099000);(-0.043353200, 1.669698000, 0.009078208);2,023572;0,03937417;;;1,726968;0,2046648;4,401099
1,033335;2,0711281787;0,003654153;(1.723395000, 0.205229000, 4.401617000);(-0.043255260, 1.669630000, 0.009163801);2,021327;0,03572034;;;1,723395;0,205229;4,401617
1,044446;2,0633639087;0,00776427;(1.716164000, 0.207859200, 4.402654000);(-0.043136530, 1.669576000, 0.009152476);2,015492;0,02816231;;;1,716164;0,2078592;4,402654
1,055557;2,0561126247;0,007251284;(1.709033000, 0.208677700, 4.403687000);(-0.043071900, 1.669525000, 0.009187881);2,011308;0,02091491;;;1,709033;0,2086777;4,403687
1,066668;2,0455943447;0,01051828;(1.702386000, 0.216777500, 4.404606000);(-0.043011760, 1.669518000, 0.009275798);2,000983;0,01558046;;;1,702386;0,2167775;4,404606
1,077779;2,0403803017;0,005214043;(1.702861000, 0.221968900, 4.404504000);(-0.042886040, 1.669439000, 0.009299938);1,99666;0,01874696;;;1,702861;0,2219689;4,404504
1,08889;2,0460510617;0,00567076;(1.708465000, 0.222253000, 4.403686000);(-0.042808400, 1.669392000, 0.009436671);1,999137;0,02357943;;;1,708465;0,222253;4,403686
1,100002;2,0432037417;0,00284732;(1.707329000, 0.224859500, 4.403835000);(-0.042744680, 1.669412000, 0.009562556);1,996301;0,02408683;;;1,707329;0,2248595;4,403835
1,111113;2,0461481737;0,002944432;(1.709686000, 0.223125800, 4.403503000);(-0.042667050, 1.669429000, 0.009694759);1,998968;0,0250861;;;1,709686;0,2231258;4,403503
1,122224;2,0518705507;0,005722377;(1.711770000, 0.217803500, 4.403232000);(-0.042598860, 1.669474000, 0.009744290);2,004644;0,02480858;;;1,71177;0,2178035;4,403232
1,133335;2,0492011017;0,002669449;(1.709176000, 0.217303300, 4.403613000);(-0.042513210, 1.669479000, 0.009865407);2,003817;0,02216101;;;1,709176;0,2173033;4,403613
