time;total distance traveled;distance to prev position;ray position;hmd position;distance to prev target;distance to current target
(-2.341458000, 1.529843000, 4.491721000);(-3.883846000, 1.342619000, 3.232361000);0,06666667;0

0;-0,01642167;0,01642167;(-2.324249000, 1.527766000, 4.505545000);(-0.108343600, 1.662230000, 0.003357962);0,02217122;2,021786;;;-2,324249;1,527766;4,505545
0,01111111;-0,03444701;0,01802534;(-2.338252000, 1.527621000, 4.494196000);(-0.108410000, 1.662127000, 0.003582850);0,004619371;2,003824;;;-2,338252;1,527621;4,494196
0,02222222;-0,029083309;0,005363701;(-2.341714000, 1.524786000, 4.491238000);(-0.108476500, 1.661957000, 0.003920928);0,005086347;1,999031;;;-2,341714;1,524786;4,491238
0,03333334;-0,020819745;0,008263564;(-2.348137000, 1.525297000, 4.486064000);(-0.108529500, 1.661819000, 0.004187062);0,009862637;1,990865;;;-2,348137;1,525297;4,486064
0,04444445;-0,013978800;0,006840945;(-2.352995000, 1.528292000, 4.482293000);(-0.108613900, 1.661814000, 0.004494622);0,01498031;1,98502;;;-2,352995;1,528292;4,482293
0,05555556;-0,006939428;0,007039372;(-2.356738000, 1.533587000, 4.479551000);(-0.108730100, 1.661681000, 0.004749969);0,01988943;1,980912;;;-2,356738;1,533587;4,479551
0,06666667;-0,019307048;0,01236762;(-2.347154000, 1.534182000, 4.487346000);(-0.108848100, 1.661644000, 0.005009487);0,008391128;1,993265;;;-2,347154;1,534182;4,487346
0,07777778;-0,032095828;0,01278878;(-2.337719000, 1.529728000, 4.494742000);(-0.108906400, 1.661598000, 0.005245641);0,004808174;2,004775;;;-2,337719;1,529728;4,494742
0,08888889;-0,029975572;0,002120256;(-2.336083000, 1.529918000, 4.496078000);(-0.109057000, 1.661477000, 0.005400255);0,006918878;2,006895;;;-2,336083;1,529918;4,496078
0,1;-0,038791917;0,008816345;(-2.340687000, 1.523598000, 4.492004000);(-0.109295400, 1.661390000, 0.005639747);0,006298224;2,000198;;;-2,340687;1,523598;4,492004
0,1111111;-0,033978241;0,004813676;(-2.341539000, 1.518956000, 4.491060000);(-0.109513100, 1.661314000, 0.005741075);0,01090749;1,998532;;;-2,341539;1,518956;4,49106
0,1222222;-0,039616394;0,005638153;(-2.343735000, 1.523925000, 4.489553000);(-0.109646900, 1.661114000, 0.005843058);0,006701081;1,996333;;;-2,343735;1,523925;4,489553
0,1333333;-0,033348678;0,006267716;(-2.346859000, 1.528867000, 4.487294000);(-0.109858200, 1.661084000, 0.006017342);0,007050836;1,992956;;;-2,346859;1,528867;4,487294
0,1444445;-0,030186830;0,003161848;(-2.347228000, 1.525762000, 4.486825000);(-0.110105000, 1.661101000, 0.006210878);0,008597424;1,992088;;;-2,347228;1,525762;4,486825
0,1555556;-0,020385842;0,009800988;(-2.341667000, 1.518825000, 4.490949000);(-0.110560000, 1.661067000, 0.006626442);0,01104691;1,998351;;;-2,341667;1,518825;4,490949
0,1666667;-0,037815552;0,01742971;(-2.333991000, 1.532829000, 4.497932000);(-0.110819200, 1.661076000, 0.006940439);0,01016135;2,00995;;;-2,333991;1,532829;4,497932
0,1777778;-0,029605089;0,008210463;(-2.333352000, 1.540957000, 4.498894000);(-0.111099800, 1.661003000, 0.007064298);0,01551431;2,011833;;;-2,333352;1,540957;4,498894
0,1888889;-0,035089573;0,005484484;(-2.331209000, 1.536128000, 4.500365000);(-0.111347900, 1.660889000, 0.007092550);0,01480762;2,013942;;;-2,331209;1,536128;4,500365
0,2;-0,049581913;0,01449234;(-2.337543000, 1.524440000, 4.494596000);(-0.111633500, 1.660860000, 0.007228568);0,007265189;2,004332;;;-2,337543;1,52444;4,494596
0,2111111;-0,025329913;0,024252;(-2.355188000, 1.516673000, 4.479882000);(-0.111981700, 1.660838000, 0.007260755);0,02240828;1,980757;;;-2,355188;1,516673;4,479882
0,2222222;0,011744077;0,03707399;(-2.383795000, 1.513362000, 4.456533000);(-0.112364300, 1.660813000, 0.007338658);0,05746493;1,943683;;;-2,383795;1,513362;4,456533
0,2333333;0,053614577;0,0418705;(-2.415621000, 1.505957000, 4.430353000);(-0.112856400, 1.660768000, 0.007371858);0,09918027;1,901985;;;-2,415621;1,505957;4,430353
0,2444444;0,091555897;0,03794132;(-2.443799000, 1.495978000, 4.406987000);(-0.113424600, 1.660726000, 0.007474139);0,1371144;1,864671;;;-2,443799;1,495978;4,406987
0,2555556;0,139633337;0,04807744;(-2.479993000, 1.485564000, 4.377105000);(-0.114031100, 1.660633000, 0.007523850);0,1851744;1,81705;;;-2,479993;1,485564;4,377105
0,2666667;0,198513477;0,05888014;(-2.525409000, 1.480129000, 4.340027000);(-0.114685900, 1.660555000, 0.007427052);0,2435579;1,758176;;;-2,525409;1,480129;4,340027
0,2777778;0,250986267;0,05247279;(-2.565987000, 1.476445000, 4.306963000);(-0.115309600, 1.660410000, 0.007438496);0,2956353;1,705705;;;-2,565987;1,476445;4,306963
0,2888889;0,310318577;0,05933231;(-2.612083000, 1.476036000, 4.269609000);(-0.115848200, 1.660282000, 0.007671192);0,354213;1,646531;;;-2,612083;1,476036;4,269609
0,3;0,373394587;0,06307601;(-2.661063000, 1.474912000, 4.229881000);(-0.116258100, 1.660243000, 0.007692769);0,416803;1,583586;;;-2,661063;1,474912;4,229881
0,3111111;0,435555437;0,06216085;(-2.709021000, 1.469294000, 4.190735000);(-0.116836700, 1.659988000, 0.007817462);0,4789168;1,521427;;;-2,709021;1,469294;4,190735
0,3222222;0,502139237;0,0665838;(-2.758645000, 1.452525000, 4.149629000);(-0.117456700, 1.659672000, 0.007658139);0,5450226;1,455863;;;-2,758645;1,452525;4,149629
0,3333333;0,574147037;0,0720078;(-2.809993000, 1.426125000, 4.106600000);(-0.118033100, 1.659389000, 0.007490471);0,6153056;1,387237;;;-2,809993;1,426125;4,1066
0,3444445;0,649441607;0,07529457;(-2.863796000, 1.398852000, 4.061536000);(-0.118559900, 1.659013000, 0.007283047);0,6892418;1,315749;;;-2,863796;1,398852;4,061536
0,3555556;0,735088937;0,08564733;(-2.925181000, 1.368399000, 4.010157000);(-0.119123100, 1.658736000, 0.007060602);0,773758;1,234774;;;-2,925181;1,368399;4,010157
0,3666667;0,822453467;0,08736453;(-2.988962000, 1.341184000, 3.957015000);(-0.119750600, 1.658534000, 0.006776050);0,8606761;1,151496;;;-2,988962;1,341184;3,957015
0,3777778;0,908530577;0,08607711;(-3.053297000, 1.320320000, 3.903771000);(-0.119750600, 1.658534000, 0.006776050);0,946731;1,068223;;;-3,053297;1,32032;3,903771
0,3888889;0,908530577;0;(-3.053297000, 1.320320000, 3.903771000);(-0.121087400, 1.658209000, 0.006159380);0,946731;1,068223;;;-3,053297;1,32032;3,903771
0,4;1,087275777;0,1787452;(-3.190150000, 1.295201000, 3.791565000);(-0.121087400, 1.658209000, 0.006159380);1,124968;0,8922844;;;-3,19015;1,295201;3,791565
0,4111111;1,087275777;0;(-3.190150000, 1.295201000, 3.791565000);(-0.121797200, 1.658165000, 0.005831853);1,124968;0,8922844;;;-3,19015;1,295201;3,791565
0,4222222;1,150573357;0,06329758;(-3.238464000, 1.285272000, 3.751895000);(-0.122273400, 1.657970000, 0.005362943);1,188182;0,8304946;;;-3,238464;1,285272;3,751895
0,4333333;1,206561147;0,05598779;(-3.280443000, 1.272314000, 3.717189000);(-0.122904000, 1.657895000, 0.004862443);1,244152;0,7772359;;;-3,280443;1,272314;3,717189
0,4444444;1,259417657;0,05285651;(-3.317921000, 1.252307000, 3.685743000);(-0.124256500, 1.657874000, 0.004082993);1,29619;0,7307402;;;-3,317921;1,252307;3,685743
0,4555556;1,400263957;0,1408463;(-3.415679000, 1.193220000, 3.603342000);(-0.125004700, 1.657944000, 0.003641084);1,434044;0,615733;;;-3,415679;1,19322;3,603342
0,4666667;1,462224157;0,0619602;(-3.458793000, 1.167513000, 3.567019000);(-0.125622600, 1.658229000, 0.003357723);1,494923;0,5686189;;;-3,458793;1,167513;3,567019
0,4777778;1,499455277;0,03723112;(-3.483740000, 1.149753000, 3.545844000);(-0.126334700, 1.658352000, 0.003005937);1,531;0,5436479;;;-3,48374;1,149753;3,545844
0,4888889;1,537657117;0,03820184;(-3.512764000, 1.142911000, 3.521965000);(-0.127027700, 1.658416000, 0.002730444);1,569108;0,5113271;;;-3,512764;1,142911;3,521965
0,5;1,577160427;0,03950331;(-3.541867000, 1.156810000, 3.499155000);(-0.127744200, 1.658542000, 0.002445772);1,601663;0,4718611;;;-3,541867;1,15681;3,499155
0,5111111;1,628277267;0,05111684;(-3.581355000, 1.164381000, 3.467590000);(-0.127744200, 1.658542000, 0.002445772);1,649167;0,4226132;;;-3,581355;1,164381;3,46759
0,5222223;1,628277267;0;(-3.581355000, 1.164381000, 3.467590000);(-0.128516900, 1.658628000, 0.002108887);1,649167;0,4226132;;;-3,581355;1,164381;3,46759
0,5333334;1,680848407;0,05257114;(-3.622048000, 1.171167000, 3.435005000);(-0.129267000, 1.658860000, 0.001829699);1,69859;0,3728251;;;-3,622048;1,171167;3,435005
0,5444446;1,730192147;0,04934374;(-3.660404000, 1.171611000, 3.403966000);(-0.130044200, 1.658942000, 0.001667395);1,746757;0,3295728;;;-3,660404;1,171611;3,403966
0,5555557;1,783957917;0,05376577;(-3.702209000, 1.172920000, 3.370182000);(-0.130675400, 1.659094000, 0.001369312);1,799135;0,2842257;;;-3,702209;1,17292;3,370182
0,5666668;1,842338637;0,05838072;(-3.747469000, 1.179406000, 3.333881000);(-0.131405000, 1.659144000, 0.001179770);1,854796;0,235676;;;-3,747469;1,179406;3,333881
0,577778;1,884972427;0,04263379;(-3.780600000, 1.182358000, 3.307211000);(-0.132199500, 1.659173000, 0.001127616);1,896032;0,2048066;;;-3,7806;1,182358;3,307211
0,5888891;1,904945827;0,0199734;(-3.793247000, 1.194492000, 3.297632000);(-0.132863000, 1.659067000, 0.000953570);1,90945;0,1854995;;;-3,793247;1,194492;3,297632
0,6000003;1,927727737;0,02278191;(-3.809870000, 1.203090000, 3.284641000);(-0.133511200, 1.658817000, 0.000885502);1,928741;0,1663545;;;-3,80987;1,20309;3,284641
0,6111114;1,952596877;0,02486914;(-3.820003000, 1.224688000, 3.277616000);(-0.134176800, 1.658504000, 0.000545219);1,937335;0,1415333;;;-3,820003;1,224688;3,277616
0,6222225;1,982546667;0,02994979;(-3.838052000, 1.244382000, 3.264076000);(-0.134685000, 1.658362000, 0.000321999);1,956628;0,1129305;;;-3,838052;1,244382;3,264076
0,6333337;2,002072447;0,01952578;(-3.849663000, 1.257456000, 3.255387000);(-0.135062700, 1.658329000, 0.000134781);1,969112;0,09461099;;;-3,849663;1,257456;3,255387
0,6444448;2,020887167;0,01881472;(-3.861903000, 1.268288000, 3.246067000);(-0.135542300, 1.658241000, -0.000042662);1,982881;0,0787042;;;-3,861903;1,268288;3,246067
0,655556;2,042118827;0,02123166;(-3.877255000, 1.276764000, 3.234097000);(-0.135922700, 1.658136000, -0.000148580);2,001084;0,06620702;;;-3,877255;1,276764;3,234097
0,6666671;2,055725037;0,01360621;(-3.887644000, 1.279790000, 3.225849000);(-0.136266700, 1.658006000, -0.000303254);2,013864;0,06327911;;;-3,887644;1,27979;3,225849
0,6777782;2,062953605;0,007228568;(-3.892520000, 1.283596000, 3.222108000);(-0.136462500, 1.657791000, -0.000459060);2,019492;0,0605313;;;-3,89252;1,283596;3,222108
0,6888894;2,068165173;0,005211568;(-3.896441000, 1.282455000, 3.218871000);(-0.136703900, 1.657603000, -0.000596032);2,024678;0,06293072;;;-3,896441;1,282455;3,218871
0,7000005;2,072281528;0,004116355;(-3.899591000, 1.283322000, 3.216367000);(-0.137034000, 1.657534000, -0.000684068);2,028566;0,06340231;;;-3,899591;1,283322;3,216367
0,7111117;2,060995348;0,01128618;(-3.899514000, 1.294588000, 3.217045000);(-0.137261300, 1.657228000, -0.000871226);2,026742;0,0527929;;;-3,899514;1,294588;3,217045
0,7222228;2,070925325;0,009929977;(-3.901988000, 1.304089000, 3.215561000);(-0.137464700, 1.657020000, -0.001044914);2,028497;0,04578092;;;-3,901988;1,304089;3,215561
0,7333339;2,058897555;0,01202777;(-3.901614000, 1.316073000, 3.216519000);(-0.137639400, 1.656863000, -0.001233622);2,026308;0,03565616;;;-3,901614;1,316073;3,216519
0,7444451;2,049033760;0,009863795;(-3.897474000, 1.324181000, 3.220316000);(-0.137786300, 1.656710000, -0.001388595);2,019889;0,02589911;;;-3,897474;1,324181;3,220316
0,7555562;2,036639310;0,01239445;(-3.891484000, 1.333612000, 3.225682000);(-0.137870000, 1.656572000, -0.001514241);2,010955;0,01356725;;;-3,891484;1,333612;3,225682
0,7666674;2,024849250;0,01179006;(-3.884249000, 1.340523000, 3.231920000);(-0.137977100, 1.656510000, -0.001587018);2,000787;0,002179419;;;-3,884249;1,340523;3,23192
0,7777785;2,015919088;0,008930162;(-3.877319000, 1.340770000, 3.237546000);(-0.138060900, 1.656409000, -0.001727745);1,991876;0,008538033;;;-3,877319;1,34077;3,237546
0,7888896;1,994179258;0,02173983;(-3.870361000, 1.320680000, 3.242082000);(-0.138062900, 1.656291000, -0.001862273);1,985672;0,02752538;;;-3,870361;1,32068;3,242082
0,8000008;2,002255336;0,008076078;(-3.870845000, 1.312661000, 3.241252000);(-0.138281300, 1.656283000, -0.001971290);1,987427;0,03384577;;;-3,870845;1,312661;3,241252
0,8111119;2,023143686;0,02088835;(-3.882718000, 1.298954000, 3.230886000);(-0.138260100, 1.656182000, -0.002148196);2,004619;0,04370476;;;-3,882718;1,298954;3,230886
0,8222231;2,033924276;0,01078059;(-3.890342000, 1.294814000, 3.224486000);(-0.138248200, 1.656134000, -0.002319142);2,014985;0,04888308;;;-3,890342;1,294814;3,224486
0,8333342;2,028374493;0,005549783;(-3.888440000, 1.299704000, 3.226293000);(-0.138229300, 1.656160000, -0.002505347);2,011822;0,04358427;;;-3,88844;1,299704;3,226293
0,8444453;2,021065489;0,007309004;(-3.885995000, 1.306185000, 3.228627000);(-0.138168600, 1.656176000, -0.002492294);2,007741;0,03668813;;;-3,885995;1,306185;3,228627
0,8555565;1,991670429;0,02939506;(-3.877577000, 1.333101000, 3.236918000);(-0.138148700, 1.656422000, -0.002511725);1,993213;0,0122743;;;-3,877577;1,333101;3,236918
0,8666676;1,973349199;0,01832123;(-3.867434000, 1.345499000, 3.245810000);(-0.138147800, 1.656513000, -0.002598450);1,978606;0,0214127;;;-3,867434;1,345499;3,24581
0,8777788;1,946160899;0,0271883;(-3.846365000, 1.342334000, 3.262700000);(-0.138113700, 1.656769000, -0.002656803);1,952024;0,04822172;;;-3,846365;1,342334;3,2627
0,8888899;1,923194609;0,02296629;(-3.829205000, 1.335228000, 3.276209000);(-0.138085700, 1.657050000, -0.002562150);1,930993;0,07044765;;;-3,829205;1,335228;3,276209
0,900001;1,910899469;0,01229514;(-3.824359000, 1.324432000, 3.279543000);(-0.138050000, 1.657134000, -0.002567157);1,926282;0,07807428;;;-3,824359;1,324432;3,279543
0,9111122;1,920065125;0,009165656;(-3.826163000, 1.315657000, 3.277602000);(-0.137976800, 1.657211000, -0.002575681);1,929847;0,07810879;;;-3,826163;1,315657;3,277602
0,9222233;1,939100235;0,01903511;(-3.836523000, 1.302541000, 3.268494000);(-0.137939100, 1.657254000, -0.002548382);1,945037;0,07177208;;;-3,836523;1,302541;3,268494
0,9333345;1,950843705;0,01174347;(-3.839959000, 1.291828000, 3.265126000);(-0.137780000, 1.657279000, -0.002669379);1,951074;0,07469461;;;-3,839959;1,291828;3,265126
0,9444456;1,962512765;0,01166906;(-3.848959000, 1.290746000, 3.257778000);(-0.137681300, 1.657323000, -0.002695426);1,962738;0,06748281;;;-3,848959;1,290746;3,257778
0,9555568;1,978010365;0,0154976;(-3.858208000, 1.301073000, 3.250852000);(-0.137576600, 1.657340000, -0.002682611);1,972973;0,0522038;;;-3,858208;1,301073;3,250852
0,9666679;1,988859275;0,01084891;(-3.865903000, 1.305853000, 3.244882000);(-0.137485200, 1.657376000, -0.002606496);1,982098;0,0427834;;;-3,865903;1,305853;3,244882
0,977779;1,995840516;0,006981241;(-3.871171000, 1.307769000, 3.240720000);(-0.137603100, 1.657310000, -0.002503023);1,988552;0,03801402;;;-3,871171;1,307769;3,24072
0,9888902;1,988423576;0,00741694;(-3.865437000, 1.308310000, 3.245394000);(-0.137583800, 1.657335000, -0.002457783);1,981141;0,04105859;;;-3,865437;1,30831;3,245394
1,000001;1,978587229;0,009836347;(-3.858245000, 1.311337000, 3.251383000);(-0.137571400, 1.657321000, -0.002391443);1,971503;0,04467427;;;-3,858245;1,311337;3,251383
1,011112;1,966174719;0,01241251;(-3.849960000, 1.317328000, 3.258421000);(-0.137636100, 1.657277000, -0.002293274);1,960043;0,04966867;;;-3,84996;1,317328;3,258421
1,022224;1,955124509;0,01105021;(-3.848812000, 1.328212000, 3.259946000);(-0.137591400, 1.657187000, -0.002262458);1,957049;0,04685937;;;-3,848812;1,328212;3,259946
1,033335;1,946992460;0,008132049;(-3.849106000, 1.336336000, 3.260152000);(-0.137558100, 1.657154000, -0.002228543);1,956325;0,04492966;;;-3,849106;1,336336;3,260152
1,044446;1,9474001377;0,0004076777;(-3.849310000, 1.336657000, 3.260005000);(-0.137665500, 1.657105000, -0.002206728);1,956544;0,04463634;;;-3,84931;1,336657;3,260005
1,055557;1,9580032677;0,01060313;(-3.854384000, 1.328536000, 3.255451000);(-0.137761900, 1.657074000, -0.002126262);1,964137;0,03999261;;;-3,854384;1,328536;3,255451
1,066668;1,9692734577;0,01127019;(-3.860929000, 1.321341000, 3.249757000);(-0.137775200, 1.656980000, -0.002091512);1,973509;0,03578513;;;-3,860929;1,321341;3,249757
1,077779;1,9745456467;0,005272189;(-3.865023000, 1.321261000, 3.246437000);(-0.137775200, 1.656887000, -0.002062187);1,97876;0,03175814;;;-3,865023;1,321261;3,246437
1,08889;1,9807229507;0,006177304;(-3.869379000, 1.324054000, 3.243062000);(-0.137736600, 1.656664000, -0.001998886);1,983945;0,02585484;;;-3,869379;1,324054;3,243062
1,100002;1,9877829917;0,007060041;(-3.874751000, 1.325742000, 3.238804000);(-0.137718700, 1.656546000, -0.001981363);1,990589;0,02022483;;;-3,874751;1,325742;3,238804
1,111113;1,9952274937;0,007444502;(-3.879307000, 1.330528000, 3.235376000);(-0.137619400, 1.656626000, -0.001896247);1,995773;0,01326146;;;-3,879307;1,330528;3,235376
1,122224;1,9994433677;0,004215874;(-3.881819000, 1.333344000, 3.233495000);(-0.137535100, 1.656464000, -0.001790091);1,998614;0,009561255;;;-3,881819;1,333344;3,233495
1,133335;1,9932831587;0,006160209;(-3.878144000, 1.337127000, 3.236678000);(-0.137360100, 1.656448000, -0.001767561);1,993408;0,009016809;;;-3,878144;1,337127;3,236678
1,144446;1,9791270687;0,01415609;(-3.868485000, 1.343479000, 3.244848000);(-0.137273500, 1.656329000, -0.001639053);1,980211;0,01981438;;;-3,868485;1,343479;3,244848
1,155557;1,9754926307;0,003634438;(-3.867113000, 1.346591000, 3.246130000);(-0.137317100, 1.656162000, -0.001625881);1,978055;0,02203037;;;-3,867113;1,346591;3,24613
1,166668;1,9782799707;0,00278734;(-3.868884000, 1.345064000, 3.244612000);(-0.137276300, 1.656049000, -0.001601443);1,980518;0,01949182;;;-3,868884;1,345064;3,244612
