time;total distance traveled;distance to prev position;ray position;hmd position;distance to prev target;distance to current target
(-3.865368000, 0.017706270, 2.715359000);(-3.443293000, 1.786813000, 3.547292000);0,2666667;0,2555556
True

0;-0,003779565;0,003779565;(-3.864931000, 0.041703700, 2.715810000);(-0.016107600, 1.555194000, -0.061703270);0,02400563;1,978522;;;-3,864931;0,0417037;2,71581
0,01111111;-0,001592712;0,002186853;(-3.865891000, 0.041672710, 2.713845000);(-0.016088110, 1.555210000, -0.061720080);0,0240199;1,979581;;;-3,865891;0,04167271;2,713845
0,02222222;-0,003453455;0,001860743;(-3.866568000, 0.040607210, 2.712478000);(-0.016180350, 1.555205000, -0.061849180);0,02311262;1,98124;;;-3,866568;0,04060721;2,712478
0,03333334;-0,0044035878;0,0009501328;(-3.866272000, 0.039949060, 2.713096000);(-0.016186070, 1.555261000, -0.061932990);0,02237587;1,981497;;;-3,866272;0,03994906;2,713096
0,04444445;-0,0025133968;0,001890191;(-3.867085000, 0.040296790, 2.711425000);(-0.016155940, 1.555404000, -0.061944670);0,02299463;1,982068;;;-3,867085;0,04029679;2,711425
0,05555556;0,0031171512;0,005630548;(-3.869160000, 0.043273450, 2.707120000);(-0.016119580, 1.555493000, -0.061906050);0,02712824;1,981713;;;-3,86916;0,04327345;2,70712
0,06666667;0,0077881642;0,004671013;(-3.871153000, 0.044281130, 2.703018000);(-0.016124760, 1.555582000, -0.061963210);0,02986643;1,982999;;;-3,871153;0,04428113;2,703018
0,07777778;0,0051358812;0,002652283;(-3.872000000, 0.042430160, 2.701317000);(-0.016117310, 1.555835000, -0.061998850);0,0291964;1,985532;;;-3,872;0,04243016;2,701317
0,08888889;0,0082767542;0,003140873;(-3.873064000, 0.044387100, 2.699103000);(-0.016087720, 1.555935000, -0.062068050);0,03217704;1,984988;;;-3,873064;0,0443871;2,699103
0,1;0,0118161662;0,003539412;(-3.874069000, 0.047046420, 2.696994000);(-0.016060060, 1.556055000, -0.062097620);0,03569053;1,983775;;;-3,874069;0,04704642;2,696994
0,1111111;0,0173435062;0,00552734;(-3.875333000, 0.051714540, 2.694318000);(-0.016033300, 1.556169000, -0.062190180);0,04121391;1,981109;;;-3,875333;0,05171454;2,694318
0,1222222;0,0205295652;0,003186059;(-3.875855000, 0.054650430, 2.693196000);(-0.016019260, 1.556173000, -0.062342230);0,04434015;1,979136;;;-3,875855;0,05465043;2,693196
0,1333333;0,0202295153;0,0003000499;(-3.875738000, 0.054518220, 2.693439000);(-0.016006600, 1.556294000, -0.062456560);0,04408132;1,979122;;;-3,875738;0,05451822;2,693439
0,1444445;0,0186434943;0,001586021;(-3.875047000, 0.054358010, 2.694857000);(-0.015931680, 1.556404000, -0.062531660);0,0430971;1,978499;;;-3,875047;0,05435801;2,694857
0,1555556;0,0205170033;0,001873509;(-3.874760000, 0.056124690, 2.695411000);(-0.015862740, 1.556526000, -0.062644250);0,04429578;1,976651;;;-3,87476;0,05612469;2,695411
0,1666667;0,0269776733;0,00646067;(-3.876001000, 0.061885300, 2.692762000);(-0.015779560, 1.556694000, -0.062799160);0,05074907;1,973027;;;-3,876001;0,0618853;2,692762
0,1777778;0,0310836383;0,004105965;(-3.877147000, 0.065009950, 2.690358000);(-0.015676360, 1.556937000, -0.062976490);0,05478558;1,971592;;;-3,877147;0,06500995;2,690358
0,1888889;0,0334413583;0,00235772;(-3.877549000, 0.067166750, 2.689494000);(-0.015583700, 1.557264000, -0.063159470);0,0571289;1,970173;;;-3,877549;0,06716675;2,689494
0,2;0,0286096433;0,004831715;(-3.876922000, 0.062575760, 2.690864000);(-0.015460770, 1.557748000, -0.063519840);0,05240992;1,973449;;;-3,876922;0,06257576;2,690864
0,2111111;0,0211341363;0,007475507;(-3.874409000, 0.057868720, 2.696099000);(-0.015359500, 1.558294000, -0.063683930);0,04545006;1,974751;;;-3,874409;0,05786872;2,696099
0,2222222;0,0139599803;0,007174156;(-3.871490000, 0.055294510, 2.702126000);(-0.015227950, 1.558929000, -0.063854520);0,04031716;1,973783;;;-3,87149;0,05529451;2,702126
0,2333333;-0,0004569197;0,0144169;(-3.865183000, 0.054399610, 2.715059000);(-0.015155200, 1.559390000, -0.064151290);0,03669502;1,967705;;;-3,865183;0,05439961;2,715059
0,2444444;0,0280441703;0,02850109;(-3.853986000, 0.067509170, 2.737754000);(-0.014937800, 1.559962000, -0.064381900);0,05578018;1,944229;;;-3,853986;0,06750917;2,737754
0,2555556;0,0748995803;0,04685541;(-3.837677000, 0.096649410, 2.770622000);(-0.014677210, 1.560502000, -0.064685050);0,1002638;1,901423;;;-3,837677;0,09664941;2,770622
0,2666667;0,1285601203;0,05366054;(-3.823102000, 0.139335300, 2.799690000);(-0.014419360, 1.561014000, -0.064983320);0,1539212;1,848607;;;-3,823102;0,1393353;2,79969
0,2777778;0,1784588403;0,04989872;(-3.810146000, 0.180040700, 2.825479000);(-0.014227790, 1.561594000, -0.065497880);0,2037852;1,799254;;;-3,810146;0,1800407;2,825479
0,2888889;0,2394779803;0,06101914;(-3.797658000, 0.234477900, 2.850055000);(-0.013920850, 1.562149000, -0.065876070);0,264041;1,738235;;;-3,797658;0,2344779;2,850055
0,3;0,2972285503;0,05775057;(-3.786381000, 0.286612300, 2.872191000);(-0.013729130, 1.562668000, -0.066333000);0,3211627;1,680499;;;-3,786381;0,2866123;2,872191
0,3111111;0,3625645803;0,06533603;(-3.771594000, 0.343134200, 2.901438000);(-0.013460110, 1.563231000, -0.066737120);0,3864224;1,615277;;;-3,771594;0,3431342;2,901438
0,3222222;0,4269660403;0,06440146;(-3.756008000, 0.397432700, 2.932362000);(-0.013260370, 1.563799000, -0.067070610);0,4508237;1,551228;;;-3,756008;0,3974327;2,932362
0,3333333;0,4997678603;0,07280182;(-3.737742000, 0.457836400, 2.968664000);(-0.012988370, 1.564343000, -0.067298720);0,523609;1,479085;;;-3,737742;0,4578364;2,968664
0,3444445;0,5633287103;0,06356085;(-3.721594000, 0.510260000, 3.000773000);(-0.012705160, 1.564799000, -0.067594000);0,5871468;1,416236;;;-3,721594;0,51026;3,000773
0,3555556;0,6367478203;0,07341911;(-3.704726000, 0.573435500, 3.034160000);(-0.012415980, 1.565212000, -0.067891370);0,6605112;1,343108;;;-3,704726;0,5734355;3,03416
0,3666667;0,7085258903;0,07177807;(-3.689648000, 0.637010800, 3.063874000);(-0.012117160, 1.565595000, -0.068166560);0,7320372;1,271389;;;-3,689648;0,6370108;3,063874
0,3777778;0,7967954503;0,08826956;(-3.676301000, 0.720363400, 3.089676000);(-0.011875580, 1.565873000, -0.068400690);0,8182826;1,183648;;;-3,676301;0,7203634;3,089676
0,3888889;0,8815916003;0,08479615;(-3.663223000, 0.800228800, 3.114991000);(-0.011585060, 1.566179000, -0.068681720);0,9016152;1,099365;;;-3,663223;0,8002288;3,114991
0,4;0,9591670803;0,07757548;(-3.650650000, 0.872780400, 3.139407000);(-0.011254230, 1.566478000, -0.068958110);0,9783008;1,022166;;;-3,65065;0,8727804;3,139407
0,4111111;1,0404313803;0,0812643;(-3.638942000, 0.949967600, 3.161967000);(-0.010985500, 1.566795000, -0.069187230);1,058224;0,9418414;;;-3,638942;0,9499676;3,161967
0,4222222;1,1181086103;0,07767723;(-3.626021000, 1.022323000, 3.187097000);(-0.010670040, 1.567079000, -0.069443050);1,135376;0,8646249;;;-3,626021;1,022323;3,187097
0,4333333;1,1986898703;0,08058126;(-3.611897000, 1.096716000, 3.214657000);(-0.010409150, 1.567317000, -0.069686000);1,215651;0,7844161;;;-3,611897;1,096716;3,214657
0,4444444;1,2774091703;0,0787193;(-3.597129000, 1.168423000, 3.243584000);(-0.010124930, 1.567785000, -0.069810100);1,294265;0,7059121;;;-3,597129;1,168423;3,243584
0,4555556;1,3545723103;0,07716314;(-3.582167000, 1.238195000, 3.272945000);(-0.009794630, 1.568091000, -0.070062290);1,371385;0,6289154;;;-3,582167;1,238195;3,272945
0,4666667;1,4303345103;0,0757622;(-3.568614000, 1.307874000, 3.299423000);(-0.009503908, 1.568284000, -0.070248970);1,446971;0,5536494;;;-3,568614;1,307874;3,299423
0,4777778;1,5076843403;0,07734983;(-3.554362000, 1.378600000, 3.327312000);(-0.009267397, 1.568394000, -0.070461640);1,524218;0,4768297;;;-3,554362;1,3786;3,327312
0,4888889;1,5846943103;0,07700997;(-3.540267000, 1.449109000, 3.354884000);(-0.008949496, 1.568504000, -0.070668170);1,601124;0,4005859;;;-3,540267;1,449109;3,354884
0,5;1,6528008003;0,06810649;(-3.524402000, 1.507416000, 3.386304000);(-0.008610554, 1.568540000, -0.070884770);1,669029;0,3325047;;;-3,524402;1,507416;3,386304
0,5111111;1,7125580803;0,05975728;(-3.507722000, 1.554143000, 3.419609000);(-0.008262523, 1.568580000, -0.071087430);1,727575;0,2731113;;;-3,507722;1,554143;3,419609
0,5222223;1,7651714803;0,0526134;(-3.492751000, 1.594752000, 3.449525000);(-0.007892109, 1.568611000, -0.071275540);1,779021;0,2211161;;;-3,492751;1,594752;3,449525
0,5333334;1,8085290103;0,04335753;(-3.481173000, 1.629586000, 3.472599000);(-0.007536240, 1.568748000, -0.071463120);1,82186;0,1781419;;;-3,481173;1,629586;3,472599
0,5444446;1,8548219103;0,0462929;(-3.471911000, 1.671129000, 3.490804000);(-0.007179238, 1.568807000, -0.071652840);1,868135;0,1318819;;;-3,471911;1,671129;3,490804
0,5555557;1,8925268903;0,03770498;(-3.468811000, 1.708277000, 3.496471000);(-0.006885715, 1.568918000, -0.071845600);1,904054;0,09696406;;;-3,468811;1,708277;3,496471
0,5666668;1,9328217903;0,0402949;(-3.464584000, 1.747556000, 3.504405000);(-0.006565519, 1.569031000, -0.071990800);1,94309;0,06191805;;;-3,464584;1,747556;3,504405
0,577778;1,9598263403;0,02700455;(-3.464832000, 1.774541000, 3.503399000);(-0.006277569, 1.569110000, -0.072211450);1,966699;0,05040996;;;-3,464832;1,774541;3,503399
0,5888891;1,9796629203;0,01983658;(-3.463142000, 1.794060000, 3.506501000);(-0.005953468, 1.569199000, -0.072361420);1,98573;0,04593961;;;-3,463142;1,79406;3,506501
0,6000003;1,9935106803;0,01384776;(-3.461510000, 1.807459000, 3.509595000);(-0.005614049, 1.569371000, -0.072446770);1,999281;0,04668223;;;-3,46151;1,807459;3,509595
0,6111114;2,0063283503;0,01281767;(-3.460125000, 1.819932000, 3.512203000);(-0.005270190, 1.569439000, -0.072627850);2,011765;0,05110228;;;-3,460125;1,819932;3,512203
0,6222225;2,0195682103;0,01323986;(-3.458229000, 1.832516000, 3.515855000);(-0.004910565, 1.569504000, -0.072812390);2,024868;0,05744634;;;-3,458229;1,832516;3,515855
0,6333337;2,0316081103;0,0120399;(-3.456398000, 1.843877000, 3.519395000);(-0.004518069, 1.569642000, -0.072908110);2,036819;0,06485625;;;-3,456398;1,843877;3,519395
0,6444448;2,0449181003;0,01330999;(-3.452600000, 1.854128000, 3.526987000);(-0.004177756, 1.569769000, -0.073125130);2,049772;0,07092413;;;-3,4526;1,854128;3,526987
0,655556;2,0642875703;0,01936947;(-3.447480000, 1.869780000, 3.537184000);(-0.003832586, 1.570002000, -0.073466610);2,068866;0,08368503;;;-3,44748;1,86978;3,537184
0,6666671;2,0814001803;0,01711261;(-3.442957000, 1.883607000, 3.546196000);(-0.003489412, 1.570178000, -0.073694420);2,085738;0,09679997;;;-3,442957;1,883607;3,546196
0,6777782;2,0981726203;0,01677244;(-3.437254000, 1.894421000, 3.557678000);(-0.003158696, 1.570229000, -0.073969190);2,101152;0,1082761;;;-3,437254;1,894421;3,557678
0,6888894;2,1141462003;0,01597358;(-3.430940000, 1.901593000, 3.570478000);(-0.002827442, 1.570379000, -0.074184370);2,113998;0,1177481;;;-3,43094;1,901593;3,570478
0,7000005;2,1283713103;0,01422511;(-3.425860000, 1.910049000, 3.580728000);(-0.002523608, 1.570520000, -0.074462840);2,126733;0,1288752;;;-3,42586;1,910049;3,580728
0,7111117;2,1234842803;0,00488703;(-3.424880000, 1.905740000, 3.582815000);(-0.002179391, 1.570648000, -0.074679260);2,123955;0,1254772;;;-3,42488;1,90574;3,582815
0,7222228;2,1135856073;0,009898673;(-3.428554000, 1.900324000, 3.575389000);(-0.001827515, 1.570788000, -0.074891040);2,11535;0,1178611;;;-3,428554;1,900324;3,575389
0,7333339;2,0986788473;0,01490676;(-3.433732000, 1.891023000, 3.564954000);(-0.001544929, 1.570926000, -0.075086180);2,10177;0,1061273;;;-3,433732;1,891023;3,564954
0,7444451;2,0877747573;0,01090409;(-3.436722000, 1.882400000, 3.558988000);(-0.001228518, 1.571086000, -0.075310060);2,091059;0,09652293;;;-3,436722;1,8824;3,558988
0,7555562;2,0674414073;0,02033335;(-3.440693000, 1.864045000, 3.551192000);(-0.001051939, 1.571242000, -0.075546690);2,070732;0,07737357;;;-3,440693;1,864045;3,551192
0,7666674;2,0515650173;0,01587639;(-3.443513000, 1.849423000, 3.545686000);(-0.000805057, 1.571402000, -0.075735280);2,054894;0,06263066;;;-3,443513;1,849423;3,545686
0,7777785;2,0430216453;0,008543372;(-3.445569000, 1.842203000, 3.541608000);(-0.000577069, 1.571473000, -0.075859550);2,046389;0,05572737;;;-3,445569;1,842203;3,541608
0,7888896;2,0382365633;0,004785082;(-3.447389000, 1.839747000, 3.537926000);(-0.000368512, 1.571555000, -0.076055060);2,042341;0,05391155;;;-3,447389;1,839747;3,537926
0,8000008;2,0373297723;0,000906791;(-3.447787000, 1.839726000, 3.537112000);(-0.000220901, 1.571689000, -0.076231430);2,041913;0,05407032;;;-3,447787;1,839726;3,537112
0,8111119;2,0417605303;0,004430758;(-3.445887000, 1.840742000, 3.540983000);(-0.000102199, 1.571872000, -0.076368880);2,044769;0,05435871;;;-3,445887;1,840742;3,540983
0,8222231;2,0481560213;0,006395491;(-3.443191000, 1.842615000, 3.546472000);(0.000061595, 1.572017000, -0.076515740);2,049213;0,05580787;;;-3,443191;1,842615;3,546472
0,8333342;2,0586640313;0,01050801;(-3.439023000, 1.838283000, 3.555090000);(0.000238800, 1.572006000, -0.076794100);2,049736;0,05223177;;;-3,439023;1,838283;3,55509
0,8444453;2,0483208013;0,01034323;(-3.435690000, 1.831387000, 3.562042000);(0.000361764, 1.572091000, -0.076929400);2,047176;0,0475614;;;-3,43569;1,831387;3,562042
0,8555565;2,0366893213;0,01163148;(-3.432143000, 1.823161000, 3.569460000);(0.000517749, 1.572261000, -0.077015590);2,043731;0,04400968;;;-3,432143;1,823161;3,56946
0,8666676;2,0280243713;0,00866495;(-3.431292000, 1.814749000, 3.571360000);(0.000643038, 1.572321000, -0.077169250);2,037283;0,03877713;;;-3,431292;1,814749;3,57136
0,8777788;2,0229708183;0,005053553;(-3.432299000, 1.810211000, 3.569379000);(0.000716024, 1.572287000, -0.077337450);2,032233;0,03400123;;;-3,432299;1,810211;3,569379
0,8888899;2,0196147793;0,003356039;(-3.433352000, 1.807825000, 3.567266000);(0.000810170, 1.572360000, -0.077485150);2,029016;0,03064709;;;-3,433352;1,807825;3,567266
0,900001;2,0102719733;0,009342806;(-3.437436000, 1.806859000, 3.558919000);(0.000798755, 1.572407000, -0.077669510);2,023805;0,02390181;;;-3,437436;1,806859;3,558919
0,9111122;1,9964984633;0,01377351;(-3.442329000, 1.798591000, 3.549049000);(0.000820779, 1.572477000, -0.077736560);2,011356;0,01194656;;;-3,442329;1,798591;3,549049
0,9222233;1,9861766433;0,01032182;(-3.444146000, 1.789070000, 3.545502000);(0.000835979, 1.572622000, -0.077754740);2,001073;0,003003889;;;-3,444146;1,78907;3,545502
0,9333345;1,9745005933;0,01167605;(-3.442142000, 1.778402000, 3.549805000);(0.000878596, 1.572622000, -0.077806900);1,993858;0,008853978;;;-3,442142;1,778402;3,549805
0,9444456;1,9633761033;0,01112449;(-3.438256000, 1.771817000, 3.557885000);(0.000912660, 1.572620000, -0.077852200);1,99228;0,0190386;;;-3,438256;1,771817;3,557885
0,9555568;1,9718901113;0,008514008;(-3.434956000, 1.767951000, 3.564715000);(0.000885391, 1.572586000, -0.077968250);1,99249;0,02699739;;;-3,434956;1,767951;3,564715
0,9666679;1,9772065983;0,005316487;(-3.433009000, 1.770950000, 3.568649000);(0.000908964, 1.572564000, -0.078033990);1,997224;0,02852199;;;-3,433009;1,77095;3,568649
0,977779;1,9853598833;0,008153285;(-3.431647000, 1.778540000, 3.571297000);(0.000994438, 1.572560000, -0.078108500);2,005313;0,02793376;;;-3,431647;1,77854;3,571297
0,9888902;1,9931514503;0,007791567;(-3.431557000, 1.786331000, 3.571340000);(0.000993186, 1.572567000, -0.078163750);2,012195;0,02676288;;;-3,431557;1,786331;3,57134
1,000001;1,9961297553;0,002978305;(-3.431533000, 1.789310000, 3.571333000);(0.001004988, 1.572673000, -0.078029220);2,014816;0,02687873;;;-3,431533;1,78931;3,571333
1,011112;1,9885852873;0,007544468;(-3.434605000, 1.786380000, 3.565096000);(0.000963771, 1.572642000, -0.077912520);2,008934;0,01981469;;;-3,434605;1,78638;3,565096
1,022224;1,9856322963;0,002952991;(-3.435761000, 1.785004000, 3.562753000);(0.000946396, 1.572656000, -0.077858280);2,006485;0,01729202;;;-3,435761;1,785004;3,562753
1,033335;1,9806371393;0,004995157;(-3.437619000, 1.782284000, 3.558998000);(0.000834071, 1.572719000, -0.077982190);2,002106;0,01377417;;;-3,437619;1,782284;3,558998
1,044446;1,9726093343;0,008027805;(-3.440845000, 1.778942000, 3.552451000);(0.000827127, 1.572716000, -0.077929920);1,995718;0,009724495;;;-3,440845;1,778942;3,552451
