time;total distance traveled;distance to prev position;ray position;hmd position;distance to prev target;distance to current target
(3.617178000, 1.529328000, 3.253700000);(2.171997000, 0.551576100, 4.231172000);0,3;0,2888889
True

0;-0,005121061;0,005121061;(3.625650000, 1.503802000, 3.251036000);(0.000592427, 1.581165000, -0.155197200);0,02702715;1,995121;;;3,62565;1,503802;3,251036
0,01111111;0,003076325;0,008197386;(3.632652000, 1.503077000, 3.246836000);(0.000631944, 1.581107000, -0.155079700);0,03123612;2,001945;;;3,632652;1,503077;3,246836
0,02222222;0,008099193;0,005022868;(3.636793000, 1.501511000, 3.244463000);(0.000654356, 1.581080000, -0.154998300);0,03526819;2,005393;;;3,636793;1,501511;3,244463
0,03333334;0,012081097;0,003981904;(3.638767000, 1.498165000, 3.243587000);(0.000665710, 1.581033000, -0.154927800);0,03923564;2,005684;;;3,638767;1,498165;3,243587
0,04444445;0,007893564;0,004187533;(3.635750000, 1.496101000, 3.245630000);(0.000592128, 1.581060000, -0.154979500);0,03891067;2,001498;;;3,63575;1,496101;3,24563
0,05555556;0,003802297;0,004091267;(3.632474000, 1.494868000, 3.247749000);(0.000536160, 1.581061000, -0.154888900);0,03816906;1,997477;;;3,632474;1,494868;3,247749
0,06666667;-0,007166633;0,01096893;(3.623366000, 1.492815000, 3.253506000);(0.000456140, 1.580994000, -0.154980800);0,03703457;1,987016;;;3,623366;1,492815;3,253506
0,07777778;0,004216527;0,01138316;(3.614401000, 1.488944000, 3.259355000);(0.000376747, 1.581026000, -0.154790100);0,04087238;1,975757;;;3,614401;1,488944;3,259355
0,08888889;0,010264055;0,006047528;(3.609679000, 1.486773000, 3.262448000);(0.000386552, 1.581112000, -0.154647200);0,04408791;1,969759;;;3,609679;1,486773;3,262448
0,1;0,011897362;0,001633307;(3.608290000, 1.487019000, 3.263272000);(0.000411795, 1.581082000, -0.154458600);0,04427987;1,968457;;;3,60829;1,487019;3,263272
0,1111111;0,006186376;0,005710986;(3.612843000, 1.488801000, 3.260320000);(0.000486986, 1.581075000, -0.154332200);0,04129219;1,974078;;;3,612843;1,488801;3,26032
0,1222222;-0,005045144;0,01123152;(3.620637000, 1.494865000, 3.254970000);(0.000453101, 1.581068000, -0.154215600);0,03465947;1,985277;;;3,620637;1,494865;3,25497
0,1333333;-0,017308644;0,0122635;(3.629672000, 1.500520000, 3.248904000);(0.000405924, 1.581027000, -0.154129600);0,03176525;1,997539;;;3,629672;1,50052;3,248904
0,1444445;-0,009065792;0,008242852;(3.635511000, 1.504766000, 3.244926000);(0.000394122, 1.580974000, -0.154167200);0,03188079;2,005773;;;3,635511;1,504766;3,244926
0,1555556;0,000130109;0,009195901;(3.643106000, 1.506678000, 3.240106000);(0.000184910, 1.580989000, -0.154193700);0,03701428;2,014595;;;3,643106;1,506678;3,240106
0,1666667;0,005914156;0,005784047;(3.648017000, 1.507046000, 3.237073000);(0.000082032, 1.580858000, -0.154146000);0,04152034;2,019849;;;3,648017;1,507046;3,237073
0,1777778;0,009310497;0,003396341;(3.650130000, 1.504603000, 3.236025000);(0.000002132, 1.580850000, -0.154058100);0,0448281;2,020756;;;3,65013;1,504603;3,236025
0,1888889;0,000299134;0,009011363;(3.642434000, 1.505442000, 3.240637000);(-0.000089659, 1.580931000, -0.154009200);0,03713505;2,013258;;;3,642434;1,505442;3,240637
0,2;-0,008418532;0,008717666;(3.635036000, 1.506919000, 3.245005000);(-0.000159218, 1.580887000, -0.153852800);0,02994418;2,006411;;;3,635036;1,506919;3,245005
0,2111111;-0,018217113;0,009798581;(3.626934000, 1.509874000, 3.249657000);(-0.000409319, 1.580996000, -0.153740000);0,02213565;1,999637;;;3,626934;1,509874;3,249657
0,2222222;-0,024638246;0,006421133;(3.622135000, 1.513260000, 3.252253000);(-0.000514879, 1.581020000, -0.153730100);0,01687776;1,996501;;;3,622135;1,51326;3,252253
0,2333333;-0,021368037;0,003270209;(3.622352000, 1.510002000, 3.252440000);(-0.000717892, 1.580936000, -0.153637100);0,02004627;1,995;;;3,622352;1,510002;3,25244
0,2444444;-0,012746518;0,008621519;(3.625479000, 1.502047000, 3.251313000);(-0.000819429, 1.580911000, -0.153565500);0,02861571;1,994023;;;3,625479;1,502047;3,251313
0,2555556;-0,005739477;0,007007041;(3.627738000, 1.495455000, 3.250581000);(-0.000839009, 1.580899000, -0.153669600);0,0356181;1,9929;;;3,627738;1,495455;3,250581
0,2666667;0,001411808;0,007151285;(3.626245000, 1.488642000, 3.252160000);(-0.000927135, 1.580891000, -0.153705000);0,04171307;1,987812;;;3,626245;1,488642;3,25216
0,2777778;0,023809948;0,02239814;(3.613091000, 1.473224000, 3.261696000);(-0.001025303, 1.580791000, -0.153681600);0,05681831;1,966233;;;3,613091;1,473224;3,261696
0,2888889;0,050665628;0,02685568;(3.593069000, 1.461336000, 3.275075000);(-0.000979944, 1.580696000, -0.153805700);0,07524054;1,939389;;;3,593069;1,461336;3,275075
0,3;0,076421308;0,02575568;(3.572637000, 1.452999000, 3.288357000);(-0.001057967, 1.580697000, -0.153751700);0,09492738;1,913964;;;3,572637;1,452999;3,288357
0,3111111;0,106211008;0,0297897;(3.547957000, 1.447159000, 3.303985000);(-0.001278027, 1.580494000, -0.153677800);0,1186251;1,885474;;;3,547957;1,447159;3,303985
0,3222222;0,137137828;0,03092682;(3.524031000, 1.435487000, 3.319725000);(-0.001435592, 1.580245000, -0.153810700);0,1477901;1,854732;;;3,524031;1,435487;3,319725
0,3333333;0,166763398;0,02962557;(3.504227000, 1.418285000, 3.333493000);(-0.001665130, 1.580198000, -0.154069400);0,1773573;1,825335;;;3,504227;1,418285;3,333493
0,3444445;0,223525748;0,05676235;(3.464936000, 1.387467000, 3.360483000);(-0.001819714, 1.580300000, -0.154394500);0,2338908;1,768758;;;3,464936;1,387467;3,360483
0,3555556;0,288920838;0,06539509;(3.416416000, 1.358022000, 3.392969000);(-0.002059832, 1.580442000, -0.154560300);0,2984076;1,703385;;;3,416416;1,358022;3,392969
0,3666667;0,398133138;0,1092123;(3.328812000, 1.325654000, 3.449583000);(-0.002326413, 1.580664000, -0.154850400);0,4037431;1,596339;;;3,328812;1,325654;3,449583
0,3777778;0,469877898;0,07174476;(3.272458000, 1.300825000, 3.486394000);(-0.002561107, 1.580861000, -0.155183700);0,4745445;1,525478;;;3,272458;1,300825;3,486394
0,3888889;0,543382358;0,07350446;(3.213634000, 1.278601000, 3.524457000);(-0.002648427, 1.581083000, -0.155501300);0,5468284;1,453623;;;3,213634;1,278601;3,524457
0,4;0,602015928;0,05863357;(3.169365000, 1.253863000, 3.553888000);(-0.002880170, 1.581421000, -0.155835000);0,6054176;1,395229;;;3,169365;1,253863;3,553888
0,4111111;0,642247978;0,04023205;(3.141333000, 1.232329000, 3.573100000);(-0.003246352, 1.581883000, -0.156110100);0,645487;1,355026;;;3,141333;1,232329;3,5731
0,4222222;0,688249518;0,04600154;(3.108436000, 1.209198000, 3.595436000);(-0.003518536, 1.582181000, -0.156308200);0,6914371;1,309025;;;3,108436;1,209198;3,595436
0,4333333;0,735243888;0,04699437;(3.078676000, 1.179547000, 3.616498000);(-0.003789261, 1.582496000, -0.156497300);0,7375323;1,262632;;;3,078676;1,179547;3,616498
0,4444444;0,787694438;0,05245055;(3.043247000, 1.149657000, 3.641042000);(-0.004056885, 1.582785000, -0.156650000);0,7896717;1,210384;;;3,043247;1,149657;3,641042
0,4555556;0,841605448;0,05391101;(3.006324000, 1.119740000, 3.666499000);(-0.004346028, 1.582962000, -0.156651100);0,8433913;1,156619;;;3,006324;1,11974;3,666499
0,4666667;0,897004548;0,0553991;(2.968406000, 1.088959000, 3.692649000);(-0.004675522, 1.583164000, -0.156711500);0,8986139;1,101388;;;2,968406;1,088959;3,692649
0,4777778;0,953888628;0,05688408;(2.929029000, 1.058077000, 3.719697000);(-0.005030617, 1.583256000, -0.156867900);0,9553952;1,044628;;;2,929029;1,058077;3,719697
0,4888889;1,010537538;0,05664891;(2.891172000, 1.025167000, 3.746019000);(-0.005282834, 1.583313000, -0.156852900);1,011752;0,9883696;;;2,891172;1,025167;3,746019
0,5;1,065030808;0,05449327;(2.853848000, 0.994930300, 3.771752000);(-0.005614325, 1.583282000, -0.156916200);1,066129;0,9341043;;;2,853848;0,9949303;3,771752
0,5111111;1,121558048;0,05652724;(2.814098000, 0.965301000, 3.798906000);(-0.006106868, 1.583263000, -0.156831700);1,122637;0,8776762;;;2,814098;0,965301;3,798906
0,5222223;1,179590538;0,05803249;(2.770395000, 0.940565300, 3.827991000);(-0.006528482, 1.583151000, -0.156949900);1,180464;0,8197238;;;2,770395;0,9405653;3,827991
0,5333334;1,233479958;0,05388942;(2.729401000, 0.918532000, 3.855159000);(-0.007019028, 1.583125000, -0.156931000);1,234089;0,7659903;;;2,729401;0,918532;3,855159
0,5444446;1,285387548;0,05190759;(2.688168000, 0.901891900, 3.881943000);(-0.007450506, 1.583057000, -0.156855400);1,285078;0,7149228;;;2,688168;0,9018919;3,881943
0,5555557;1,336323158;0,05093561;(2.649637000, 0.880568100, 3.907539000);(-0.007863387, 1.583010000, -0.156664000);1,335863;0,6641648;;;2,649637;0,8805681;3,907539
0,5666668;1,386680058;0,0503569;(2.612539000, 0.857348700, 3.932446000);(-0.008224770, 1.582996000, -0.156543300);1,386201;0,6138497;;;2,612539;0,8573487;3,932446
0,577778;1,437728448;0,05104839;(2.573390000, 0.837227800, 3.958301000);(-0.008565858, 1.582961000, -0.156221900);1,436996;0,5631805;;;2,57339;0,8372278;3,958301
0,5888891;1,490147228;0,05241878;(2.532518000, 0.818269700, 3.985093000);(-0.008883432, 1.582959000, -0.156076900);1,488968;0,5115235;;;2,532518;0,8182697;3,985093
0,6000003;1,542120568;0,05197334;(2.492552000, 0.798048100, 4.011456000);(-0.009183571, 1.582949000, -0.155861900);1,540697;0,4601949;;;2,492552;0,7980481;4,011456
0,6111114;1,588153428;0,04603286;(2.457215000, 0.779989200, 4.034783000);(-0.009623781, 1.583053000, -0.155689600);1,586542;0,4148377;;;2,457215;0,7799892;4,034783
0,6222225;1,625902778;0,03774935;(2.428499000, 0.764553400, 4.053814000);(-0.009937212, 1.583037000, -0.155562800);1,624199;0,3776356;;;2,428499;0,7645534;4,053814
0,6333337;1,660272188;0,03436941;(2.404195000, 0.746776700, 4.070384000);(-0.010229130, 1.583013000, -0.155397000);1,65852;0,3433252;;;2,404195;0,7467767;4,070384
0,6444448;1,698020628;0,03774844;(2.379664000, 0.723824500, 4.087599000);(-0.010532220, 1.582991000, -0.155272000);1,695779;0,3056279;;;2,379664;0,7238245;4,087599
0,655556;1,735537288;0,03751666;(2.354057000, 0.702864800, 4.105275000);(-0.010824010, 1.582992000, -0.155146400);1,733118;0,2681119;;;2,354057;0,7028648;4,105275
0,6666671;1,767568008;0,03203072;(2.333957000, 0.682409900, 4.119543000);(-0.011080100, 1.582994000, -0.154958900);1,764543;0,2362405;;;2,333957;0,6824099;4,119543
0,6777782;1,800972598;0,03340459;(2.313745000, 0.660123800, 4.134058000);(-0.011386530, 1.582987000, -0.154859100);1,797077;0,2032396;;;2,313745;0,6601238;4,134058
0,6888894;1,828041418;0,02706882;(2.298517000, 0.640743700, 4.145248000);(-0.011679100, 1.583052000, -0.154776800);1,822995;0,1770339;;;2,298517;0,6407437;4,145248
0,7000005;1,852514868;0,02447345;(2.285449000, 0.622497700, 4.155009000);(-0.011942250, 1.583078000, -0.154581600);1,846132;0,1539548;;;2,285449;0,6224977;4,155009
0,7111117;1,871551768;0,0190369;(2.276163000, 0.607489000, 4.162145000);(-0.012237030, 1.583069000, -0.154405500);1,863701;0,1369003;;;2,276163;0,607489;4,162145
0,7222228;1,889339908;0,01778814;(2.265995000, 0.594929800, 4.169580000);(-0.012506920, 1.583052000, -0.154182700);1,88086;0,1204522;;;2,265995;0,5949298;4,16958
0,7333339;1,909973258;0,02063335;(2.253536000, 0.581132400, 4.178533000);(-0.012755680, 1.583004000, -0.153970000);1,901029;0,1014551;;;2,253536;0,5811324;4,178533
0,7444451;1,929516678;0,01954342;(2.239544000, 0.571336100, 4.188029000);(-0.013050270, 1.582923000, -0.153633900);1,920572;0,08254892;;;2,239544;0,5713361;4,188029
0,7555562;1,947346788;0,01783011;(2.227318000, 0.561464900, 4.196455000);(-0.013351220, 1.582798000, -0.153360800);1,938365;0,0660563;;;2,227318;0,5614649;4,196455
0,7666674;1,962661778;0,01531499;(2.215844000, 0.554804600, 4.204107000);(-0.013814410, 1.582797000, -0.152917700);1,95364;0,05162877;;;2,215844;0,5548046;4,204107
0,7777785;1,975251278;0,0125895;(2.207566000, 0.547289300, 4.209894000);(-0.014083220, 1.582805000, -0.152708600);1,966142;0,04166902;;;2,207566;0,5472893;4,209894
0,7888896;1,980932382;0,005681104;(2.206121000, 0.541977000, 4.211297000);(-0.014399010, 1.582805000, -0.152423300);1,970516;0,0406407;;;2,206121;0,541977;4,211297
0,8000008;1,973771254;0,007161128;(2.210177000, 0.536398600, 4.209370000);(-0.014680250, 1.582654000, -0.152184400);1,969483;0,04651297;;;2,210177;0,5363986;4,20937
0,8111119;1,965168257;0,008602997;(2.215159000, 0.529805100, 4.206977000);(-0.015022060, 1.582643000, -0.151942700);1,968107;0,05405838;;;2,215159;0,5298051;4,206977
0,8222231;1,970932018;0,005763761;(2.215080000, 0.524074200, 4.207587000);(-0.015234430, 1.582556000, -0.151768300);1,971374;0,05629193;;;2,21508;0,5240742;4,207587
0,8333342;1,975835054;0,004903036;(2.212560000, 0.520324800, 4.209493000);(-0.015360880, 1.582372000, -0.151440200);1,976001;0,05560601;;;2,21256;0,5203248;4,209493
0,8444453;1,986043124;0,01020807;(2.203843000, 0.521287400, 4.214716000);(-0.015498420, 1.582319000, -0.151218400);1,984242;0,04692939;;;2,203843;0,5212874;4,214716
0,8555565;1,998069474;0,01202635;(2.193655000, 0.520287800, 4.221028000);(-0.015631570, 1.582258000, -0.151032300);1,99507;0,03938193;;;2,193655;0,5202878;4,221028
0,8666676;2,009461134;0,01139166;(2.184304000, 0.517679800, 4.226989000);(-0.015636040, 1.582202000, -0.150774100);2,005954;0,03630329;;;2,184304;0,5176798;4,226989
0,8777788;2,018063490;0,008602356;(2.177135000, 0.516196500, 4.231507000);(-0.015666980, 1.582238000, -0.150529400);2,014017;0,03575242;;;2,177135;0,5161965;4,231507
0,8888899;2,025263100;0,00719961;(2.170995000, 0.516088500, 4.235263000);(-0.015715290, 1.582111000, -0.150490800);2,020289;0,03573681;;;2,170995;0,5160885;4,235263
0,900001;2,028812933;0,003549833;(2.168000000, 0.515699200, 4.237129000);(-0.015800760, 1.581961000, -0.150370300);2,023535;0,03658713;;;2,168;0,5156992;4,237129
0,9111122;2,033149999;0,004337066;(2.167875000, 0.511392700, 4.237627000);(-0.016112550, 1.581916000, -0.150327500);2,026027;0,04090685;;;2,167875;0,5113927;4,237627
0,9222233;2,028178705;0,004971294;(2.172100000, 0.511681100, 4.235022000);(-0.016222700, 1.581810000, -0.150185200);2,021596;0,04008051;;;2,1721;0,5116811;4,235022
0,9333345;2,024310464;0,003868241;(2.174667000, 0.513955100, 4.233232000);(-0.016266900, 1.581583000, -0.150167900);2,017748;0,03777192;;;2,174667;0,5139551;4,233232
0,9444456;2,017488195;0,006822269;(2.178758000, 0.518550800, 4.230286000);(-0.016397970, 1.581448000, -0.150077400);2,01108;0,03372213;;;2,178758;0,5185508;4,230286
0,9555568;2,015294230;0,002193965;(2.179209000, 0.520643400, 4.229805000);(-0.016501440, 1.581325000, -0.149989900);2,009473;0,03179197;;;2,179209;0,5206434;4,229805
0,9666679;2,019921715;0,004627485;(2.176263000, 0.523891000, 4.231284000);(-0.016796960, 1.581268000, -0.149826400);2,010674;0,02801219;;;2,176263;0,523891;4,231284
0,977779;2,027348124;0,007426409;(2.170892000, 0.528148500, 4.234143000);(-0.016902520, 1.581192000, -0.149686900);2,013796;0,0236412;;;2,170892;0,5281485;4,234143
0,9888902;2,020988512;0,006359612;(2.168318000, 0.533875900, 4.235151000);(-0.017056270, 1.581132000, -0.149594100);2,013298;0,01851131;;;2,168318;0,5338759;4,235151
1,000001;2,013205796;0,007782716;(2.167789000, 0.541628200, 4.234714000);(-0.017176020, 1.581088000, -0.149515800);2,009645;0,01136738;;;2,167789;0,5416282;4,234714
1,011112;2,009553885;0,003651911;(2.167733000, 0.545265400, 4.234391000);(-0.017182580, 1.581042000, -0.149288600);2,007741;0,008268458;;;2,167733;0,5452654;4,234391
1,022224;2,0098061776;0,0002522926;(2.167608000, 0.545477400, 4.234447000);(-0.017252310, 1.581036000, -0.149232200);2,007755;0,008196302;;;2,167608;0,5454774;4,234447
1,033335;2,0115988556;0,001792678;(2.168287000, 0.543837500, 4.234194000);(-0.017317310, 1.581103000, -0.149101000);2,007946;0,009098462;;;2,168287;0,5438375;4,234194
1,044446;2,0142107096;0,002611854;(2.166184000, 0.544837500, 4.235378000);(-0.017373580, 1.581059000, -0.149075100);2,009551;0,009842867;;;2,166184;0,5448375;4,235378
