time;total distance traveled;distance to prev position;ray position;hmd position;distance to prev target;distance to current target
(-1.586928000, 1.365344000, 4.610563000);(-2.578759000, 2.966875000, 3.938723000);0,3;0,2777778
True

0;-0,001125624;0,001125624;(-1.584228000, 1.363022000, 4.612245000);(-0.067661580, 1.590894000, -0.152749500);0,003937968;2,003763;;;-1,584228;1,363022;4,612245
0,01111111;-0,000054174;0,00107145;(-1.583327000, 1.362774000, 4.612768000);(-0.067613980, 1.590900000, -0.152647900);0,00494345;2,004586;;;-1,583327;1,362774;4,612768
0,02222222;0,005317208;0,005371382;(-1.578887000, 1.364672000, 4.615121000);(-0.067642560, 1.590858000, -0.152487600);0,009267244;2,006069;;;-1,578887;1,364672;4,615121
0,03333334;0,009948191;0,004630983;(-1.576102000, 1.368131000, 4.616434000);(-0.067580330, 1.590842000, -0.152403500);0,01262735;2,005143;;;-1,576102;1,368131;4,616434
0,04444445;0,013456983;0,003508792;(-1.576251000, 1.371621000, 4.616099000);(-0.067517300, 1.590840000, -0.152325300);0,01356683;2,002174;;;-1,576251;1,371621;4,616099
0,05555556;0,012129616;0,001327367;(-1.576948000, 1.372650000, 4.615633000);(-0.067460350, 1.590845000, -0.152261200);0,01336759;2,000847;;;-1,576948;1,37265;4,615633
0,06666667;0,008778746;0,00335087;(-1.579784000, 1.373348000, 4.613992000);(-0.067413950, 1.590897000, -0.152172900);0,01126309;1,998316;;;-1,579784;1,373348;4,613992
0,07777778;0,002130045;0,006648701;(-1.584620000, 1.369488000, 4.611558000);(-0.067196390, 1.590955000, -0.152312400);0,004846672;1,998166;;;-1,58462;1,369488;4,611558
0,08888889;-0,001473832;0,003603877;(-1.586757000, 1.366764000, 4.610557000);(-0.067171830, 1.590992000, -0.152225400);0,001430566;1,998946;;;-1,586757;1,366764;4,610557
0,1;-0,003362816;0,001888984;(-1.587181000, 1.364926000, 4.610451000);(-0.067134160, 1.590917000, -0.152173000);0,0005006611;2,000171;;;-1,587181;1,364926;4,610451
0,1111111;-0,000650640;0,002712176;(-1.587954000, 1.362338000, 4.610205000);(-0.067126710, 1.590942000, -0.152130200);0,00319583;2,001779;;;-1,587954;1,362338;4,610205
0,1222222;0,0002384405;0,0008890805;(-1.588670000, 1.361967000, 4.609830000);(-0.067111780, 1.590988000, -0.152165000);0,003869461;2,001597;;;-1,58867;1,361967;4,60983
0,1333333;-0,0014992315;0,001737672;(-1.587813000, 1.363432000, 4.610204000);(-0.067081830, 1.591014000, -0.152124600);0,002137128;2,000973;;;-1,587813;1,363432;4,610204
0,1444445;0,0034354515;0,004934683;(-1.585124000, 1.359696000, 4.611982000);(-0.067050330, 1.591032000, -0.152062500);0,006096462;2,005895;;;-1,585124;1,359696;4,611982
0,1555556;0,0126438135;0,009208362;(-1.578484000, 1.354789000, 4.616060000);(-0.067024130, 1.591051000, -0.152025300);0,0145921;2,014487;;;-1,578484;1,354789;4,61606
0,1666667;0,0198559075;0,007212094;(-1.573602000, 1.350445000, 4.619112000);(-0.067003480, 1.591070000, -0.151993700);0,02174019;2,021414;;;-1,573602;1,350445;4,619112
0,1777778;0,0243769575;0,00452105;(-1.570225000, 1.348249000, 4.621164000);(-0.067003000, 1.591122000, -0.151978600);0,02614599;2,025541;;;-1,570225;1,348249;4,621164
0,1888889;0,0255738895;0,001196932;(-1.569634000, 1.347289000, 4.621565000);(-0.067040530, 1.591194000, -0.151976900);0,02731539;2,026738;;;-1,569634;1,347289;4,621565
0,2;0,0201212935;0,005452596;(-1.574248000, 1.348432000, 4.618895000);(-0.066989890, 1.591196000, -0.151971300);0,02272009;2,02263;;;-1,574248;1,348432;4,618895
0,2111111;0,0168374535;0,00328384;(-1.576639000, 1.346529000, 4.617692000);(-0.067017370, 1.591285000, -0.152002000);0,02259815;2,022564;;;-1,576639;1,346529;4,617692
0,2222222;0,0233153285;0,006477875;(-1.578136000, 1.340239000, 4.617305000);(-0.067074980, 1.591423000, -0.152012600);0,02744154;2,026738;;;-1,578136;1,340239;4,617305
0,2333333;0,0323086985;0,00899337;(-1.576310000, 1.331588000, 4.618954000);(-0.067159760, 1.591686000, -0.152039000);0,03636751;2,035137;;;-1,57631;1,331588;4,618954
0,2444444;0,0355075965;0,003198898;(-1.578266000, 1.329233000, 4.618027000);(-0.067339950, 1.592013000, -0.152018200);0,0378776;2,035758;;;-1,578266;1,329233;4,618027
0,2555556;0,0194880065;0,01601959;(-1.591238000, 1.334671000, 4.610359000);(-0.067519990, 1.592533000, -0.152043400);0,03097464;2,022469;;;-1,591238;1,334671;4,610359
0,2666667;0,0399842165;0,02049621;(-1.608368000, 1.339866000, 4.600376000);(-0.067666170, 1.593195000, -0.151916300);0,03482222;2,006639;;;-1,608368;1,339866;4,600376
0,2777778;0,0795762765;0,03959206;(-1.641122000, 1.351124000, 4.581193000);(-0.067877430, 1.593752000, -0.151958000);0,0632593;1,975495;;;-1,641122;1,351124;4,581193
0,2888889;0,1054228365;0,02584656;(-1.662451000, 1.358655000, 4.568687000);(-0.068194560, 1.594381000, -0.152003500);0,08661428;1,95521;;;-1,662451;1,358655;4,568687
0,3;0,1354636365;0,0300408;(-1.685902000, 1.371106000, 4.554635000);(-0.068411760, 1.595006000, -0.152074900);0,1138289;1,929513;;;-1,685902;1,371106;4,554635
0,3111111;0,1574579465;0,02199431;(-1.702915000, 1.380581000, 4.544410000);(-0.068649310, 1.595613000, -0.152144300);0,1343924;1,910573;;;-1,702915;1,380581;4,54441
0,3222222;0,1772436165;0,01978567;(-1.715623000, 1.393430000, 4.536355000);(-0.068839100, 1.596230000, -0.152347100);0,1511884;1,891533;;;-1,715623;1,39343;4,536355
0,3333333;0,1993815865;0,02213797;(-1.725011000, 1.412350000, 4.529724000);(-0.069081060, 1.596827000, -0.152410400);0,1667676;1,869416;;;-1,725011;1,41235;4,529724
0,3444445;0,2322949465;0,03291336;(-1.737308000, 1.441523000, 4.520722000);(-0.069264290, 1.597397000, -0.152527200);0,1910202;1,836699;;;-1,737308;1,441523;4,520722
0,3555556;0,2707330165;0,03843807;(-1.757826000, 1.471028000, 4.507085000);(-0.069603470, 1.597963000, -0.152537500);0,2260151;1,798479;;;-1,757826;1,471028;4,507085
0,3666667;0,3337416265;0,06300861;(-1.793231000, 1.517688000, 4.483861000);(-0.069775900, 1.598396000, -0.152632400);0,2860475;1,736195;;;-1,793231;1,517688;4,483861
0,3777778;0,3958928665;0,06215124;(-1.831733000, 1.559802000, 4.459228000);(-0.070096130, 1.598984000, -0.152680200);0,3473411;1,675956;;;-1,831733;1,559802;4,459228
0,3888889;0,4716219365;0,07572907;(-1.882611000, 1.605964000, 4.427361000);(-0.070859900, 1.599724000, -0.152484400);0,4229526;1,604827;;;-1,882611;1,605964;4,427361
0,4;0,5480822865;0,07646035;(-1.931751000, 1.655579000, 4.396221000);(-0.071555820, 1.600550000, -0.152534200);0,4990809;1,532129;;;-1,931751;1,655579;4,396221
0,4111111;0,6206494765;0,07256719;(-1.975658000, 1.705971000, 4.367959000);(-0.072074530, 1.601152000, -0.152552700);0,5709599;1,462139;;;-1,975658;1,705971;4,367959
0,4222222;0,6894331165;0,06878364;(-2.012333000, 1.758808000, 4.343576000);(-0.072396540, 1.601612000, -0.152756500);0,6380163;1,394336;;;-2,012333;1,758808;4,343576
0,4333333;0,7649243965;0,07549128;(-2.047831000, 1.820810000, 4.319193000);(-0.072895400, 1.602093000, -0.152807700);0,7104769;1,319131;;;-2,047831;1,82081;4,319193
0,4444444;0,8381402865;0,07321589;(-2.083126000, 1.880264000, 4.295108000);(-0.073422990, 1.602525000, -0.152904900);0,7815795;1,246349;;;-2,083126;1,880264;4,295108
0,4555556;0,9202509565;0,08211067;(-2.122907000, 1.946781000, 4.267996000);(-0.073881890, 1.602895000, -0.152986400);0,8617975;1,164824;;;-2,122907;1,946781;4,267996
0,4666667;1,0045326765;0,08428172;(-2.161790000, 2.016573000, 4.241153000);(-0.074206140, 1.603422000, -0.153274500);0,9439437;1,080926;;;-2,16179;2,016573;4,241153
0,4777778;1,0824464565;0,07791378;(-2.198900000, 2.080197000, 4.215748000);(-0.074605070, 1.603684000, -0.153340600);1,020492;1,00361;;;-2,1989;2,080197;4,215748
0,4888889;1,1498768865;0,06743043;(-2.230777000, 2.135448000, 4.193882000);(-0.074967020, 1.603926000, -0.153428500);1,086841;0,9367334;;;-2,230777;2,135448;4,193882
0,5;1,2101164065;0,06023952;(-2.260968000, 2.183420000, 4.173488000);(-0.075389320, 1.604170000, -0.153474800);1,146566;0,8774436;;;-2,260968;2,18342;4,173488
0,5111111;1,2639154265;0,05379902;(-2.287288000, 2.226797000, 4.155597000);(-0.075716670, 1.604326000, -0.153553800);1,199833;0,8244427;;;-2,287288;2,226797;4,155597
0,5222223;1,3162033865;0,05228796;(-2.309784000, 2.271265000, 4.139771000);(-0.076001370, 1.604342000, -0.153748200);1,250944;0,7724251;;;-2,309784;2,271265;4,139771
0,5333334;1,3674424965;0,05123911;(-2.331941000, 2.314765000, 4.124205000);(-0.076267410, 1.604455000, -0.153853200);1,301149;0,7215053;;;-2,331941;2,314765;4,124205
0,5444446;1,4241116165;0,05666912;(-2.357862000, 2.361859000, 4.106269000);(-0.076645900, 1.604704000, -0.153930800);1,35709;0,6655164;;;-2,357862;2,361859;4,106269
0,5555557;1,4742980765;0,05018646;(-2.382237000, 2.402465000, 4.089667000);(-0.076861250, 1.604759000, -0.154019400);1,406937;0,6164116;;;-2,382237;2,402465;4,089667
0,5666668;1,5234579265;0,04915985;(-2.404518000, 2.443470000, 4.074213000);(-0.076954360, 1.604763000, -0.154327500);1,455501;0,5680404;;;-2,404518;2,44347;4,074213
0,577778;1,5570518765;0,03359395;(-2.416569000, 2.473531000, 4.065285000);(-0.077025170, 1.604752000, -0.154506400);1,487854;0,5345205;;;-2,416569;2,473531;4,065285
0,5888891;1,5996287865;0,04257691;(-2.434817000, 2.509789000, 4.052434000);(-0.077178290, 1.604698000, -0.154624000);1,529764;0,4925213;;;-2,434817;2,509789;4,052434
0,6000003;1,6267246865;0,0270959;(-2.438539000, 2.536328000, 4.048431000);(-0.077453010, 1.604760000, -0.154586900);1,553202;0,465906;;;-2,438539;2,536328;4,048431
0,6111114;1,6590161165;0,03229143;(-2.447481000, 2.566511000, 4.041238000);(-0.077572870, 1.604755000, -0.154659500);1,583504;0,4336294;;;-2,447481;2,566511;4,041238
0,6222225;1,6907973965;0,03178128;(-2.454053000, 2.597043000, 4.035350000);(-0.077438140, 1.604748000, -0.154886700);1,612408;0,4020747;;;-2,454053;2,597043;4,03535
0,6333337;1,7291939565;0,03839656;(-2.462709000, 2.633692000, 4.027851000);(-0.077503170, 1.604746000, -0.154979200);1,647802;0,363899;;;-2,462709;2,633692;4,027851
0,6444448;1,7674192165;0,03822526;(-2.475285000, 2.668499000, 4.018286000);(-0.077530290, 1.604746000, -0.155067400);1,684691;0,325677;;;-2,475285;2,668499;4,018286
0,655556;1,8059748165;0,0385556;(-2.489622000, 2.702712000, 4.007776000);(-0.077578690, 1.604695000, -0.155152400);1,722429;0,2872211;;;-2,489622;2,702712;4,007776
0,6666671;1,8538004765;0,04782566;(-2.517227000, 2.737380000, 3.989792000);(-0.077724960, 1.604615000, -0.155354900);1,770111;0,2430277;;;-2,517227;2,73738;3,989792
0,6777782;1,8884146765;0,0346142;(-2.534925000, 2.764646000, 3.977899000);(-0.077704450, 1.604532000, -0.155522200);1,804718;0,2106011;;;-2,534925;2,764646;3,977899
0,6888894;1,9153170065;0,02690233;(-2.544194000, 2.788926000, 3.970948000);(-0.077719890, 1.604465000, -0.155717700);1,830861;0,1841172;;;-2,544194;2,788926;3,970948
0,7000005;1,9317826265;0,01646562;(-2.544975000, 2.805293000, 3.969329000);(-0.077713300, 1.604410000, -0.155990300);1,844584;0,1678894;;;-2,544975;2,805293;3,969329
0,7111117;1,9524244665;0,02064184;(-2.546709000, 2.825716000, 3.966883000);(-0.077692770, 1.604320000, -0.156262900);1,862308;0,1474656;;;-2,546709;2,825716;3,966883
0,7222228;1,9751109765;0,02268651;(-2.545209000, 2.848339000, 3.966092000);(-0.077711280, 1.604071000, -0.156508400);1,879607;0,1261959;;;-2,545209;2,848339;3,966092
0,7333339;1,9903664865;0,01525551;(-2.546700000, 2.863400000, 3.964170000);(-0.077701500, 1.604064000, -0.156889300);1,892923;0,1112769;;;-2,5467;2,8634;3,96417
0,7444451;2,0086870465;0,01832056;(-2.550826000, 2.880888000, 3.960594000);(-0.077708420, 1.604048000, -0.157278700);1,910087;0,09301863;;;-2,550826;2,880888;3,960594
0,7555562;2,0194682465;0,0107812;(-2.553179000, 2.891204000, 3.958529000);(-0.077578660, 1.604102000, -0.157796200);1,920166;0,08229645;;;-2,553179;2,891204;3,958529
0,7666674;2,0309750665;0,01150682;(-2.555203000, 2.902364000, 3.956589000);(-0.077520720, 1.604202000, -0.158273900);1,930718;0,07096279;;;-2,555203;2,902364;3,956589
0,7777785;2,0259590905;0,005015976;(-2.555356000, 2.897358000, 3.956864000);(-0.077542240, 1.604361000, -0.158678200);1,926718;0,07556099;;;-2,555356;2,897358;3,956864
0,7888896;2,0329973355;0,007038245;(-2.553478000, 2.904118000, 3.957430000);(-0.077501770, 1.604480000, -0.159196200);1,930965;0,07019664;;;-2,553478;2,904118;3,95743
0,8000008;2,0395856865;0,006588351;(-2.553597000, 2.910683000, 3.956890000);(-0.077468060, 1.604646000, -0.159736000);1,936442;0,06419308;;;-2,553597;2,910683;3,95689
0,8111119;2,0538864065;0,01430072;(-2.556247000, 2.924514000, 3.954405000);(-0.077448030, 1.604777000, -0.160247800);1,94965;0,05046929;;;-2,556247;2,924514;3,954405
0,8222231;2,0710920565;0,01720565;(-2.561605000, 2.940330000, 3.950259000);(-0.077553890, 1.604936000, -0.160605800);1,966362;0,03364474;;;-2,561605;2,94033;3,950259
0,8333342;2,0799612045;0,008869148;(-2.566883000, 2.946588000, 3.946847000);(-0.077582590, 1.605082000, -0.161082200);1,975137;0,02487155;;;-2,566883;2,946588;3,946847
0,8444453;2,0845657555;0,004604551;(-2.564529000, 2.950404000, 3.947892000);(-0.077588670, 1.605214000, -0.161547100);1,976677;0,0236191;;;-2,564529;2,950404;3,947892
0,8555565;2,0711393555;0,0134264;(-2.553576000, 2.946086000, 3.954347000);(-0.077668240, 1.605293000, -0.161769200);1,965648;0,0362004;;;-2,553576;2,946086;3,954347
0,8666676;2,0596409255;0,01149843;(-2.543554000, 2.945901000, 3.959981000);(-0.077713010, 1.605367000, -0.162179700);1,958712;0,04616474;;;-2,543554;2,945901;3,959981
0,8777788;2,0513390355;0,00830189;(-2.536367000, 2.945148000, 3.964067000);(-0.077643600, 1.605437000, -0.162742300);1,953246;0,0539582;;;-2,536367;2,945148;3,964067
0,8888899;2,0574142025;0,006075167;(-2.537414000, 2.951046000, 3.963054000);(-0.077727760, 1.605511000, -0.163132700);1,958862;0,05051751;;;-2,537414;2,951046;3,963054
0,900001;2,0701774425;0,01276324;(-2.544793000, 2.960284000, 3.958249000);(-0.077788490, 1.605673000, -0.163604400);1,971511;0,03972888;;;-2,544793;2,960284;3,958249
0,9111122;2,0773591835;0,007181741;(-2.548255000, 2.966116000, 3.955887000);(-0.077815440, 1.605768000, -0.163916100);1,978692;0,03500939;;;-2,548255;2,966116;3,955887
0,9222233;2,0724121605;0,004947023;(-2.547415000, 2.961310000, 3.956704000);(-0.077993150, 1.605833000, -0.164195800);1,974126;0,03656093;;;-2,547415;2,96131;3,956704
0,9333345;2,0622906805;0,01012148;(-2.541605000, 2.953939000, 3.960494000);(-0.078036540, 1.605902000, -0.164536100);1,964086;0,0449632;;;-2,541605;2,953939;3,960494
0,9444456;2,0581440005;0,00414668;(-2.544480000, 2.951312000, 3.959071000);(-0.078128630, 1.605841000, -0.164820400);1,963833;0,04279362;;;-2,54448;2,951312;3,959071
0,9555568;2,0699521905;0,01180819;(-2.554785000, 2.950761000, 3.953331000);(-0.078150180, 1.605874000, -0.165037400);1,970342;0,0323699;;;-2,554785;2,950761;3,953331
0,9666679;2,0815595605;0,01160737;(-2.563672000, 2.955961000, 3.947972000);(-0.078173660, 1.605899000, -0.165242600);1,980686;0,02079161;;;-2,563672;2,955961;3,947972
0,977779;2,0918842505;0,01032469;(-2.570439000, 2.962487000, 3.943705000);(-0.078241040, 1.605825000, -0.165521900);1,990693;0,01064391;;;-2,570439;2,962487;3,943705
0,9888902;2,0853700145;0,006514236;(-2.564758000, 2.962940000, 3.946859000);(-0.078328780, 1.605679000, -0.165718900);1,987201;0,01666503;;;-2,564758;2,96294;3,946859
1,000001;2,0673388445;0,01803117;(-2.549024000, 2.963276000, 3.955660000);(-0.078280740, 1.605613000, -0.165921400);1,976844;0,03440944;;;-2,549024;2,963276;3,95566
1,011112;2,0488168345;0,01852201;(-2.533050000, 2.966747000, 3.964369000);(-0.078281960, 1.605585000, -0.166095600);1,969062;0,05241261;;;-2,53305;2,966747;3,964369
1,022224;2,0573510375;0,008534203;(-2.529779000, 2.974526000, 3.965642000);(-0.078389850, 1.605496000, -0.166243100);1,973413;0,05641065;;;-2,529779;2,974526;3,965642
1,033335;2,0682447775;0,01089374;(-2.535657000, 2.982830000, 3.961746000);(-0.078374800, 1.605488000, -0.166365200);1,984266;0,05140459;;;-2,535657;2,98283;3,961746
1,044446;2,0768417205;0,008596943;(-2.541074000, 2.988544000, 3.958296000);(-0.078422090, 1.605581000, -0.166531700);1,992643;0,04767398;;;-2,541074;2,988544;3,958296
1,055557;2,0871152305;0,01027351;(-2.549557000, 2.984886000, 3.953802000);(-0.078429870, 1.605591000, -0.166641900);1,995221;0,03747672;;;-2,549557;2,984886;3,953802
1,066668;2,0784609245;0,008654306;(-2.553826000, 2.977593000, 3.951934000);(-0.078426500, 1.605623000, -0.166756000);1,991992;0,0301836;;;-2,553826;2,977593;3,951934
1,077779;2,0676887145;0,01077221;(-2.555854000, 2.967021000, 3.951559000);(-0.078410260, 1.605696000, -0.166779900);1,984559;0,02625645;;;-2,555854;2,967021;3,951559
1,08889;2,0621852255;0,005503489;(-2.557323000, 2.961735000, 3.951116000);(-0.078421880, 1.605751000, -0.166873200);1,981162;0,02528807;;;-2,557323;2,961735;3,951116
1,100002;2,0605626525;0,001622573;(-2.555969000, 2.961318000, 3.951906000);(-0.078341920, 1.605720000, -0.166887200);1,9799;0,02690828;;;-2,555969;2,961318;3,951906
1,111113;2,0635232775;0,002960625;(-2.554445000, 2.963764000, 3.952584000);(-0.078335490, 1.605722000, -0.166949900);1,980902;0,02815958;;;-2,554445;2,963764;3,952584
1,122224;2,0734744615;0,009951184;(-2.552496000, 2.973515000, 3.952974000);(-0.078223040, 1.605823000, -0.167238800);1,987702;0,03060903;;;-2,552496;2,973515;3,952974
1,133335;2,0773562315;0,00388177;(-2.550871000, 2.976977000, 3.953636000);(-0.078218660, 1.605874000, -0.167290400);1,989498;0,03319912;;;-2,550871;2,976977;3,953636
1,144446;2,0761584475;0,001197784;(-2.549830000, 2.977126000, 3.954209000);(-0.078444320, 1.605846000, -0.167233800);1,988925;0,03437717;;;-2,54983;2,977126;3,954209
1,155557;2,0719570765;0,004201371;(-2.549788000, 2.972937000, 3.954534000);(-0.078563150, 1.605794000, -0.167208300);1,985404;0,03355707;;;-2,549788;2,972937;3,954534
1,166668;2,0671232985;0,004833778;(-2.551561000, 2.968491000, 3.953861000);(-0.078581150, 1.605770000, -0.167202400);1,98289;0,03116929;;;-2,551561;2,968491;3,953861
1,17778;2,0605847665;0,006538532;(-2.554167000, 2.962584000, 3.952826000);(-0.078703660, 1.605774000, -0.167119400);1,979734;0,02867167;;;-2,554167;2,962584;3,952826
1,188891;2,0644641105;0,003879344;(-2.554202000, 2.966452000, 3.952526000);(-0.078758650, 1.605794000, -0.167132000);1,982972;0,02817357;;;-2,554202;2,966452;3,952526
1,200002;2,0681125695;0,003648459;(-2.556079000, 2.969316000, 3.951267000);(-0.078829010, 1.605837000, -0.167156000);1,986618;0,026032;;;-2,556079;2,969316;3,951267
1,211113;2,0721935805;0,004081011;(-2.557051000, 2.973193000, 3.950442000);(-0.078904740, 1.605867000, -0.167149800);1,990496;0,02546529;;;-2,557051;2,973193;3,950442
1,222224;2,0737677175;0,001574137;(-2.555948000, 2.974174000, 3.950990000);(-0.078985800, 1.605930000, -0.167131700);1,99057;0,0269084;;;-2,555948;2,974174;3,95099
1,233335;2,0693534745;0,004414243;(-2.552522000, 2.972299000, 3.953047000);(-0.079113860, 1.605856000, -0.167113100);1,986707;0,03038014;;;-2,552522;2,972299;3,953047
1,244446;2,0599738165;0,009379658;(-2.551470000, 2.963063000, 3.954303000);(-0.079195310, 1.605898000, -0.167176800);1,978314;0,03165373;;;-2,55147;2,963063;3,954303
