time;total distance traveled;distance to prev position;ray position;hmd position;distance to prev target;distance to current target
(-0.000000155, 3.535534000, 3.535534000);(-1.715779000, 2.583325000, 3.922057000);0,3222222;0,3111111

0;-0,004741311;0,004741311;(-0.004585989, 3.534680000, 3.536383000);(-0.012996150, 1.620667000, -0.173281100);0,004741311;1,995496;;;-0,004585989;3,53468;3,536383
0,01111111;0,011326849;0,01606816;(0.009247791, 3.542242000, 3.533280000);(-0.012901290, 1.620689000, -0.173012400);0,01164497;2,011563;;;0,009247791;3,542242;3,53328
0,02222222;0,011326849;0;(0.009247791, 3.542242000, 3.533280000);(-0.012850150, 1.620612000, -0.172613000);0,01164497;2,011563;;;0,009247791;3,542242;3,53328
0,03333334;0,014851382;0,003524533;(0.011484660, 3.544886000, 3.532624000);(-0.012882810, 1.620668000, -0.172414000);0,01509387;2,014869;;;0,01148466;3,544886;3,532624
0,04444445;0,016480673;0,001629291;(0.010949340, 3.546422000, 3.532546000);(-0.012806010, 1.620685000, -0.172138600);0,0157284;2,015159;;;0,01094934;3,546422;3,532546
0,05555556;0,018394840;0,001914167;(0.012255260, 3.547774000, 3.532183000);(-0.012776810, 1.620689000, -0.171864900);0,01764224;2,016994;;;0,01225526;3,547774;3,532183
0,06666667;0,021124022;0,002729182;(0.014728700, 3.548804000, 3.531663000);(-0.012707160, 1.620689000, -0.171562800);0,02019931;2,019706;;;0,0147287;3,548804;3,531663
0,07777778;0,018213395;0,002910627;(0.016332340, 3.546375000, 3.531662000);(-0.012664510, 1.620680000, -0.171308500);0,01998167;2,019922;;;0,01633234;3,546375;3,531662
0,08888889;0,018854539;0,000641144;(0.016778180, 3.545915000, 3.531638000);(-0.012734100, 1.620674000, -0.171027100);0,02011088;2,020089;;;0,01677818;3,545915;3,531638
0,1;0,0194788659;0,0006243269;(0.017394230, 3.545897000, 3.531538000);(-0.012754280, 1.620650000, -0.170744100);0,02063811;2,020628;;;0,01739423;3,545897;3,531538
0,1111111;0,0215531899;0,002074324;(0.018740950, 3.547427000, 3.531150000);(-0.012766970, 1.620619000, -0.170486300);0,02262484;2,022587;;;0,01874095;3,547427;3,53115
0,1222222;0,0264142479;0,004861058;(0.018409240, 3.552254000, 3.530682000);(-0.012817820, 1.620643000, -0.170235900);0,02533778;2,024699;;;0,01840924;3,552254;3,530682
0,1333333;0,0312370769;0,004822829;(0.023128440, 3.552790000, 3.529844000);(-0.012914170, 1.620560000, -0.169878200);0,02941228;2,02916;;;0,02312844;3,55279;3,529844
0,1444445;0,0411972749;0,009960198;(0.032910510, 3.551654000, 3.528352000);(-0.012938310, 1.620552000, -0.169586600);0,03734351;2,037297;;;0,03291051;3,551654;3,528352
0,1555556;0,0460454879;0,004848213;(0.034614660, 3.556128000, 3.527586000);(-0.012926300, 1.620467000, -0.169509000);0,04105422;2,041037;;;0,03461466;3,556128;3,527586
0,1666667;0,0521668549;0,006121367;(0.039267340, 3.552164000, 3.527248000);(-0.012967010, 1.620473000, -0.169193900);0,04344146;2,043211;;;0,03926734;3,552164;3,527248
0,1777778;0,0506080079;0,001558847;(0.038290330, 3.550984000, 3.527537000);(-0.013018920, 1.620456000, -0.168920800);0,04205742;2,041757;;;0,03829033;3,550984;3,527537
0,1888889;0,0484447069;0,002163301;(0.038178420, 3.548839000, 3.527788000);(-0.013056380, 1.620425000, -0.168639500);0,04116571;2,040596;;;0,03817842;3,548839;3,527788
0,2;0,0524737599;0,004029053;(0.042133480, 3.548360000, 3.527187000);(-0.013141950, 1.620400000, -0.168357100);0,04482657;2,043886;;;0,04213348;3,54836;3,527187
0,2111111;0,0557862269;0,003312467;(0.044376200, 3.550716000, 3.526561000);(-0.013240260, 1.620422000, -0.168055800);0,04775214;2,047049;;;0,0443762;3,550716;3,526561
0,2222222;0,0571840319;0,001397805;(0.045595880, 3.551343000, 3.526292000);(-0.013438480, 1.620518000, -0.167752200);0,04913609;2,048446;;;0,04559588;3,551343;3,526292
0,2333333;0,0554510739;0,001732958;(0.044434680, 3.552629000, 3.526344000);(-0.013724910, 1.620627000, -0.167166100);0,04848857;2,048046;;;0,04443468;3,552629;3,526344
0,2444444;0,0504598659;0,004991208;(0.039771310, 3.551115000, 3.527278000);(-0.014162850, 1.620750000, -0.166837300);0,04350501;2,043141;;;0,03977131;3,551115;3,527278
0,2555556;0,0450698819;0,005389984;(0.034532940, 3.550279000, 3.528234000);(-0.014814180, 1.620748000, -0.166542200);0,03825239;2,03806;;;0,03453294;3,550279;3,528234
0,2666667;0,0369469879;0,008122894;(0.029865360, 3.543797000, 3.529707000);(-0.015525510, 1.620783000, -0.166173400);0,03153043;2,030694;;;0,02986536;3,543797;3,529707
0,2777778;0,0298782549;0,007068733;(0.026322610, 3.537806000, 3.530942000);(-0.016417100, 1.620792000, -0.165982900);0,02681668;2,02458;;;0,02632261;3,537806;3,530942
0,2888889;0,0039010249;0,02597723;(0.007765472, 3.520317000, 3.535902000);(-0.017361270, 1.620751000, -0.165797700);0,01708778;1,999419;;;0,007765472;3,520317;3,535902
0,3;0,0486352349;0,04473421;(-0.022326270, 3.488310000, 3.544340000);(-0.018488960, 1.620591000, -0.165476700);0,05297239;1,956898;;;-0,02232627;3,48831;3,54434
0,3111111;0,1057489549;0,05711372;(-0.063822960, 3.450623000, 3.555278000);(-0.019623920, 1.620398000, -0.165169000);0,1080422;1,901497;;;-0,06382296;3,450623;3,555278
0,3222222;0,1584188049;0,05266985;(-0.104538700, 3.418797000, 3.565451000);(-0.020768150, 1.620173000, -0.164931800);0,1595331;1,849669;;;-0,1045387;3,418797;3,565451
0,3333333;0,2341901249;0,07577132;(-0.167940900, 3.379989000, 3.580127000);(-0.022060470, 1.620067000, -0.164468100);0,2332099;1,774089;;;-0,1679409;3,379989;3,580127
0,3444445;0,3250304249;0,0908403;(-0.248661500, 3.342143000, 3.597557000);(-0.023335620, 1.619689000, -0.164156700);0,3210598;1,683312;;;-0,2486615;3,342143;3,597557
0,3555556;0,4340158249;0,1089854;(-0.347267100, 3.300635000, 3.618338000);(-0.024589200, 1.619149000, -0.163822500);0,4273504;1,574676;;;-0,3472671;3,300635;3,618338
0,3666667;0,5592311249;0,1252153;(-0.461430800, 3.255034000, 3.642131000);(-0.025872580, 1.618674000, -0.163489200);0,5504191;1,450152;;;-0,4614308;3,255034;3,642131
0,3777778;0,6908587249;0,1316276;(-0.578456500, 3.200325000, 3.667384000);(-0.027268100, 1.617991000, -0.163393800);0,6814404;1,31873;;;-0,5784565;3,200325;3,667384
0,3888889;0,8552986249;0,1644399;(-0.726702600, 3.136469000, 3.698783000);(-0.028626880, 1.617449000, -0.163122600);0,8449851;1,155029;;;-0,7267026;3,136469;3,698783
0,4;1,0148191249;0,1595205;(-0.867959800, 3.068982000, 3.729422000);(-0.029930130, 1.617037000, -0.162794800);1,004299;0,9958757;;;-0,8679598;3,068982;3,729422
0,4111111;1,1724977249;0,1576786;(-1.006657000, 3.000386000, 3.759759000);(-0.031321510, 1.616521000, -0.162279000);1,161902;0,8385316;;;-1,006657;3,000386;3,759759
0,4222222;1,3177576249;0,1452599;(-1.132706000, 2.933854000, 3.787784000);(-0.032601110, 1.615991000, -0.162001200);1,307162;0,6934505;;;-1,132706;2,933854;3,787784
0,4333333;1,4491982249;0,1314406;(-1.241764000, 2.865046000, 3.813251000);(-0.033834000, 1.615390000, -0.161628700);1,438283;0,5620462;;;-1,241764;2,865046;3,813251
0,4444444;1,5574681249;0,1082699;(-1.330830000, 2.807171000, 3.834230000);(-0.035088380, 1.614995000, -0.161356000);1,546234;0,4538795;;;-1,33083;2,807171;3,83423
0,4555556;1,6587034249;0,1012353;(-1.417642000, 2.758907000, 3.853796000);(-0.036308520, 1.614681000, -0.161069900);1,647467;0,3526675;;;-1,417642;2,758907;3,853796
0,4666667;1,7222499349;0,06354651;(-1.478694000, 2.745569000, 3.865322000);(-0.037459060, 1.614330000, -0.160719100);1,708608;0,292833;;;-1,478694;2,745569;3,865322
0,4777778;1,8087399649;0,08649003;(-1.560634000, 2.722961000, 3.881302000);(-0.038645140, 1.614152000, -0.160313600);1,793156;0,2126718;;;-1,560634;2,722961;3,881302
0,4888889;1,8751581449;0,06641818;(-1.626174000, 2.724433000, 3.891963000);(-0.039844320, 1.614082000, -0.160142500);1,851855;0,1698416;;;-1,626174;2,724433;3,891963
0,5;1,9382569749;0,06309883;(-1.688439000, 2.725253000, 3.902154000);(-0.040941470, 1.613987000, -0.159829300);1,908348;0,1459007;;;-1,688439;2,725253;3,902154
0,5111111;1,9968014349;0,05854446;(-1.746134000, 2.723283000, 3.911893000);(-0.042006600, 1.613864000, -0.159587900);1,962239;0,1435716;;;-1,746134;2,723283;3,911893
0,5222223;2,0526234649;0,05582203;(-1.800011000, 2.712677000, 3.921938000);(-0.043047330, 1.613874000, -0.159290600);2,016542;0,1543598;;;-1,800011;2,712677;3,921938
0,5333334;2,1118721949;0,05924873;(-1.855257000, 2.694376000, 3.933044000);(-0.044053660, 1.613828000, -0.158995500);2,075462;0,1786252;;;-1,855257;2,694376;3,933044
0,5444446;2,1445050349;0,03263284;(-1.882730000, 2.677936000, 3.939362000);(-0.044996460, 1.613760000, -0.158697900);2,107895;0,1926735;;;-1,88273;2,677936;3,939362
0,5555557;2,1739540049;0,02944897;(-1.905522000, 2.660177000, 3.945051000);(-0.045957140, 1.613665000, -0.158460700);2,136579;0,2060031;;;-1,905522;2,660177;3,945051
0,5666668;2,1449169149;0,02903709;(-1.884922000, 2.639747000, 3.943865000);(-0.046796160, 1.613519000, -0.158299900);2,126523;0,1796341;;;-1,884922;2,639747;3,943865
0,577778;2,1611442149;0,0162273;(-1.889710000, 2.624437000, 3.946315000);(-0.047616740, 1.613373000, -0.158082100);2,137719;0,1803627;;;-1,88971;2,624437;3,946315
0,5888891;2,1480834249;0,01306079;(-1.881483000, 2.614296000, 3.946057000);(-0.048652940, 1.613119000, -0.157660400);2,134757;0,1702732;;;-1,881483;2,614296;3,946057
0,6000003;2,1467431039;0,001340321;(-1.881528000, 2.615629000, 3.945920000);(-0.049415010, 1.612982000, -0.157501600);2,134196;0,1705454;;;-1,881528;2,615629;3,94592
0,6111114;2,1600423339;0,01329923;(-1.893366000, 2.621547000, 3.947232000);(-0.050334950, 1.612854000, -0.157111000);2,142359;0,1833893;;;-1,893366;2,621547;3,947232
0,6222225;2,1849926239;0,02495029;(-1.916015000, 2.631674000, 3.949873000);(-0.051024250, 1.612711000, -0.156935500);2,158646;0,2078597;;;-1,916015;2,631674;3,949873
0,6333337;2,2062703739;0,02127775;(-1.936785000, 2.635138000, 3.952928000);(-0.051675130, 1.612565000, -0.156768100);2,176251;0,2290879;;;-1,936785;2,635138;3,952928
0,6444448;2,2251970139;0,01892664;(-1.951698000, 2.646729000, 3.954133000);(-0.052304860, 1.612440000, -0.156577600);2,185023;0,2463874;;;-1,951698;2,646729;3,954133
0,655556;2,2112105639;0,01398645;(-1.955670000, 2.660116000, 3.953337000);(-0.052861210, 1.612420000, -0.156209600);2,183016;0,2538168;;;-1,95567;2,660116;3,953337
0,6666671;2,1942447939;0,01696577;(-1.947869000, 2.674902000, 3.950445000);(-0.053372970, 1.612332000, -0.156029600);2,169569;0,2511128;;;-1,947869;2,674902;3,950445
0,6777782;2,1760193839;0,01822541;(-1.933337000, 2.685320000, 3.946917000);(-0.053947950, 1.612470000, -0.155924900);2,151718;0,2415622;;;-1,933337;2,68532;3,946917
0,6888894;2,1623479239;0,01367146;(-1.921609000, 2.691831000, 3.944275000);(-0.054241050, 1.612450000, -0.155725700);2,138103;0,2337368;;;-1,921609;2,691831;3,944275
0,7000005;2,1441229739;0,01822495;(-1.903652000, 2.692512000, 3.941236000);(-0.054642580, 1.612437000, -0.155577400);2,121125;0,2181414;;;-1,903652;2,692512;3,941236
0,7111117;2,1229521439;0,02117083;(-1.883035000, 2.695547000, 3.937503000);(-0.054934050, 1.612437000, -0.155354600);2,100709;0,2020072;;;-1,883035;2,695547;3,937503
0,7222228;2,1045742739;0,01837787;(-1.866126000, 2.701853000, 3.934028000);(-0.055227030, 1.612439000, -0.155192900);2,082366;0,1918236;;;-1,866126;2,701853;3,934028
0,7333339;2,0893660639;0,01520821;(-1.852946000, 2.708850000, 3.931093000);(-0.055469210, 1.612460000, -0.154802400);2,067192;0,1861529;;;-1,852946;2,70885;3,931093
0,7444451;2,0731553039;0,01621076;(-1.837355000, 2.712182000, 3.928158000);(-0.055658360, 1.612464000, -0.154632300);2,051326;0,1772622;;;-1,837355;2,712182;3,928158
0,7555562;2,0612557139;0,01189959;(-1.825854000, 2.714362000, 3.926022000);(-0.056204700, 1.612535000, -0.154379000);2,039742;0,1711808;;;-1,825854;2,714362;3,926022
0,7666674;2,0494888039;0,01176691;(-1.814376000, 2.712389000, 3.924341000);(-0.056465590, 1.612588000, -0.154292100);2,029951;0,1624313;;;-1,814376;2,712389;3,924341
0,7777785;2,0392158939;0,01027291;(-1.804283000, 2.711263000, 3.922797000);(-0.056616720, 1.612508000, -0.154126300);2,021096;0,1555684;;;-1,804283;2,711263;3,922797
0,7888896;2,0196527839;0,01956311;(-1.792192000, 2.695888000, 3.922468000);(-0.056725460, 1.612452000, -0.154097300);2,0166;0,1360488;;;-1,792192;2,695888;3,922468
0,8000008;1,9984025339;0,02125025;(-1.777511000, 2.680542000, 3.921708000);(-0.056794220, 1.612390000, -0.153934800);2,009897;0,1151611;;;-1,777511;2,680542;3,921708
0,8111119;1,9828633539;0,01553918;(-1.765426000, 2.670819000, 3.920767000);(-0.056838980, 1.612296000, -0.153783700);2,003214;0,1006065;;;-1,765426;2,670819;3,920767
0,8222231;1,9728255639;0,01003779;(-1.755837000, 2.668149000, 3.919473000);(-0.056860200, 1.612233000, -0.153617600);1,995678;0,09384213;;;-1,755837;2,668149;3,919473
0,8333342;1,9643151109;0,008510453;(-1.747560000, 2.666571000, 3.918278000);(-0.056925170, 1.612195000, -0.153383900);1,988858;0,08918604;;;-1,74756;2,666571;3,918278
0,8444453;1,9573599529;0,006955158;(-1.741445000, 2.669602000, 3.916940000);(-0.056931700, 1.612134000, -0.153210300);1,981902;0,09015895;;;-1,741445;2,669602;3,91694
0,8555565;1,9518549799;0,005504973;(-1.736254000, 2.671125000, 3.915917000);(-0.056896260, 1.612103000, -0.153085200);1,97648;0,09036469;;;-1,736254;2,671125;3,915917
0,8666676;1,9484556399;0,00339934;(-1.733571000, 2.669050000, 3.915700000);(-0.057061190, 1.612123000, -0.152792400);1,974991;0,08778157;;;-1,733571;2,66905;3,9157
0,8777788;1,9446920729;0,003763567;(-1.731471000, 2.665926000, 3.915692000);(-0.057017590, 1.612060000, -0.152627800);1,97452;0,08431901;;;-1,731471;2,665926;3,915692
0,8888899;1,9396159429;0,00507613;(-1.727892000, 2.662333000, 3.915490000);(-0.056937030, 1.611997000, -0.152402800);1,972931;0,08019961;;;-1,727892;2,662333;3,91549
0,900001;1,9385291269;0,001086816;(-1.727248000, 2.661457000, 3.915479000);(-0.056827090, 1.612120000, -0.152222700);1,972753;0,07924268;;;-1,727248;2,661457;3,915479
0,9111122;1,9374197559;0,001109371;(-1.726449000, 2.660689000, 3.915431000);(-0.056813050, 1.612201000, -0.152131000);1,972385;0,07837626;;;-1,726449;2,660689;3,915431
0,9222233;1,9370502839;0,000369472;(-1.726109000, 2.660814000, 3.915361000);(-0.056760510, 1.612235000, -0.152004200);1,972018;0,07846016;;;-1,726109;2,660814;3,915361
0,9333345;1,9397315989;0,002681315;(-1.724955000, 2.658394000, 3.915432000);(-0.056693700, 1.612337000, -0.151665600);1,972097;0,0759173;;;-1,724955;2,658394;3,915432
0,9444456;1,9456776359;0,005946037;(-1.725541000, 2.652523000, 3.916166000);(-0.056635310, 1.612350000, -0.151510000);1,975368;0,07013042;;;-1,725541;2,652523;3,916166
0,9555568;1,9541733659;0,00849573;(-1.725473000, 2.644076000, 3.917070000);(-0.056584710, 1.612248000, -0.151459600);1,979274;0,06172065;;;-1,725473;2,644076;3,91707
0,9666679;1,9643897559;0,01021639;(-1.729751000, 2.634954000, 3.918766000);(-0.056541440, 1.612223000, -0.151403000);1,987448;0,05358684;;;-1,729751;2,634954;3,918766
0,977779;1,9692520579;0,004862302;(-1.731877000, 2.630658000, 3.919583000);(-0.056478460, 1.612253000, -0.151298800);1,991405;0,05005682;;;-1,731877;2,630658;3,919583
0,9888902;1,9700234422;0,0007713843;(-1.731578000, 2.629948000, 3.919611000);(-0.056542810, 1.612338000, -0.151242900);1,991472;0,04928751;;;-1,731578;2,629948;3,919611
1,000001;1,9727464212;0,002722979;(-1.734210000, 2.630538000, 3.919981000);(-0.056496580, 1.612376000, -0.151168600);1,993565;0,0507251;;;-1,73421;2,630538;3,919981
1,011112;1,9737747482;0,001028327;(-1.735071000, 2.630012000, 3.920180000);(-0.056544980, 1.612432000, -0.151047200);1,994591;0,05055036;;;-1,735071;2,630012;3,92018
1,022224;1,9773490762;0,003574328;(-1.737995000, 2.628076000, 3.920873000);(-0.056522690, 1.612442000, -0.150955300);1,998147;0,04997554;;;-1,737995;2,628076;3,920873
1,033335;1,9820364782;0,004687402;(-1.740806000, 2.624425000, 3.921733000);(-0.056380950, 1.612538000, -0.151026500);2,002417;0,04812141;;;-1,740806;2,624425;3,921733
1,044446;1,9887227802;0,006686302;(-1.740773000, 2.617778000, 3.922448000);(-0.056363930, 1.612556000, -0.150992900);2,005559;0,04256506;;;-1,740773;2,617778;3,922448
1,055557;1,9802812172;0,008441563;(-1.734980000, 2.611644000, 3.922157000);(-0.056316820, 1.612527000, -0.150945200);2,003299;0,03421442;;;-1,73498;2,611644;3,922157
1,066668;1,9681031972;0,01217802;(-1.724860000, 2.604937000, 3.921213000);(-0.056304800, 1.612560000, -0.150892100);1,997473;0,02345662;;;-1,72486;2,604937;3,921213
1,077779;1,9613016112;0,006801586;(-1.719795000, 2.600410000, 3.920868000);(-0.056317500, 1.612597000, -0.150860700);1,995153;0,01759008;;;-1,719795;2,60041;3,920868
1,08889;1,9572780662;0,004023545;(-1.717514000, 2.597095000, 3.920851000);(-0.056341400, 1.612631000, -0.150801500);1,994741;0,01393088;;;-1,717514;2,597095;3,920851
1,100002;1,9617105662;0,0044325;(-1.721731000, 2.595997000, 3.921666000);(-0.056339850, 1.612649000, -0.150770900);1,999046;0,01400543;;;-1,721731;2,595997;3,921666
1,111113;1,9698069552;0,008096389;(-1.729718000, 2.595949000, 3.922990000);(-0.056445320, 1.612657000, -0.150879800);2,006207;0,01882837;;;-1,729718;2,595949;3,92299
1,122224;1,9816873252;0,01188037;(-1.741434000, 2.596568000, 3.924857000);(-0.056471400, 1.612663000, -0.150835300);2,016389;0,02900662;;;-1,741434;2,596568;3,924857
1,133335;1,9897608062;0,008073481;(-1.749374000, 2.597372000, 3.926081000);(-0.056434470, 1.612770000, -0.150821000);2,023112;0,03663473;;;-1,749374;2,597372;3,926081
1,144446;1,9930513392;0,003290533;(-1.752558000, 2.596788000, 3.926670000);(-0.056449470, 1.612800000, -0.150826900);2,02625;0,03943627;;;-1,752558;2,596788;3,92667
1,155557;1,9887192952;0,004332044;(-1.748315000, 2.596189000, 3.926034000);(-0.056503470, 1.612858000, -0.150715900);2,022737;0,03521195;;;-1,748315;2,596189;3,926034
1,166668;1,9815537792;0,007165516;(-1.741680000, 2.593609000, 3.925218000);(-0.056533980, 1.612894000, -0.150671100);2,01805;0,02804659;;;-1,74168;2,593609;3,925218
