time;total distance traveled;distance to prev position;ray position;hmd position;distance to prev target;distance to current target
(-4.148017000, 1.996631000, 2.773215000);(-2.925789000, 3.337658000, 3.614527000);0,2888889;0,2666667
True

0;-0,006842455;0,006842455;(-4.124942000, 2.002318000, 2.789969000);(-0.097120850, 1.586128000, -0.142150600);0,02907729;1,975094;;;-4,124942;2,002318;2,789969
0,01111111;0,001123628;0,007966083;(-4.118529000, 2.002715000, 2.794678000);(-0.097097160, 1.586135000, -0.142283000);0,03697574;1,968973;;;-4,118529;2,002715;2,794678
0,02222222;0,017960028;0,0168364;(-4.105321000, 1.999349000, 2.804561000);(-0.096995770, 1.586146000, -0.142465000);0,05303691;1,959187;;;-4,105321;1,999349;2,804561
0,03333334;0,026362263;0,008402235;(-4.098556000, 1.999413000, 2.809544000);(-0.096925350, 1.586296000, -0.142494400);0,06143221;1,953019;;;-4,098556;1,999413;2,809544
0,04444445;0,028457728;0,002095465;(-4.097373000, 2.000944000, 2.810349000);(-0.096823990, 1.586287000, -0.142571700);0,06294646;1,950927;;;-4,097373;2,000944;2,810349
0,05555556;0,019770616;0,008687112;(-4.104368000, 2.000585000, 2.805209000);(-0.096685470, 1.586307000, -0.142724600);0,05426307;1,957501;;;-4,104368;2,000585;2,805209
0,06666667;0,010404927;0,009365689;(-4.111808000, 1.998810000, 2.799805000);(-0.096626550, 1.586317000, -0.142894800);0,04497578;1,965434;;;-4,111808;1,99881;2,799805
0,07777778;-0,001711863;0,01211679;(-4.121486000, 1.996954000, 2.792754000);(-0.096524360, 1.586370000, -0.143035500);0,03295076;1,975472;;;-4,121486;1,996954;2,792754
0,08888889;-0,009255277;0,007543414;(-4.127478000, 1.995517000, 2.788402000);(-0.096487790, 1.586425000, -0.143103300);0,02556852;1,981888;;;-4,127478;1,995517;2,788402
0,1;-0,012992943;0,003737666;(-4.130138000, 1.997177000, 2.786368000);(-0.096422640, 1.586473000, -0.143226900);0,02220257;1,983228;;;-4,130138;1,997177;2,786368
0,1111111;-0,009215365;0,003777578;(-4.129277000, 2.000824000, 2.786841000);(-0.096356240, 1.586526000, -0.143426400);0,02354662;1,980044;;;-4,129277;2,000824;2,786841
0,1222222;-0,003466104;0,005749261;(-4.128977000, 2.006566000, 2.786807000);(-0.096280900, 1.586568000, -0.143548800);0,02541555;1,976004;;;-4,128977;2,006566;2,786807
0,1333333;-0,001774808;0,001691296;(-4.128340000, 2.008080000, 2.787210000);(-0.096228750, 1.586627000, -0.143773500);0,02672282;1,974427;;;-4,12834;2,00808;2,78721
0,1444445;-0,0009025096;0,0008722984;(-4.127640000, 2.008032000, 2.787728000);(-0.096190090, 1.586707000, -0.143859800);0,02749252;1,973816;;;-4,12764;2,008032;2,787728
0,1555556;-0,0028496446;0,001947135;(-4.127739000, 2.006088000, 2.787740000);(-0.096190090, 1.586707000, -0.143859800);0,02667573;1,975181;;;-4,127739;2,006088;2,78774
0,1666667;-0,0028496446;0;(-4.127739000, 2.006088000, 2.787740000);(-0.096131620, 1.586773000, -0.144015400);0,02667573;1,975181;;;-4,127739;2,006088;2,78774
0,1777778;-0,0053990646;0,00254942;(-4.129469000, 2.004659000, 2.786529000);(-0.096096430, 1.586848000, -0.144177200);0,02420212;1,977704;;;-4,129469;2,004659;2,786529
0,1888889;-0,0087573306;0,003358266;(-4.132118000, 2.003899000, 2.784610000);(-0.095988360, 1.587033000, -0.144493500);0,02086739;1,980633;;;-4,132118;2,003899;2,78461
0,2;-0,0056809166;0,003076414;(-4.129715000, 2.003232000, 2.786411000);(-0.095975760, 1.587126000, -0.144704600);0,02350911;1,978865;;;-4,129715;2,003232;2,786411
0,2111111;-0,0014425776;0,004238339;(-4.126431000, 2.002183000, 2.788877000);(-0.095981660, 1.587338000, -0.144890200);0,02724102;1,976546;;;-4,126431;2,002183;2,788877
0,2222222;0,0070151004;0,008457678;(-4.120345000, 1.998590000, 2.793523000);(-0.095939930, 1.587568000, -0.145122300);0,03437986;1,973351;;;-4,120345;1,99859;2,793523
0,2333333;0,0124653314;0,005450231;(-4.116109000, 1.997302000, 2.796701000);(-0.095939930, 1.587568000, -0.145122300);0,03962515;1,970344;;;-4,116109;1,997302;2,796701
0,2444444;0,0124653314;0;(-4.116109000, 1.997302000, 2.796701000);(-0.095781710, 1.588703000, -0.145553300);0,03962515;1,970344;;;-4,116109;1,997302;2,796701
0,2555556;0,0433732114;0,03090788;(-4.091694000, 1.992103000, 2.814926000);(-0.095605220, 1.589449000, -0.145754600);0,07023265;1,951721;;;-4,091694;1,992103;2,814926
0,2666667;0,0620651314;0,01869192;(-4.076661000, 1.993536000, 2.825942000);(-0.095440480, 1.590116000, -0.145821100);0,08877721;1,937276;;;-4,076661;1,993536;2,825942
0,2777778;0,0860480614;0,02398293;(-4.058686000, 2.002884000, 2.838775000);(-0.095204060, 1.590870000, -0.146066400);0,110983;1,914907;;;-4,058686;2,002884;2,838775
0,2888889;0,0991536114;0,01310555;(-4.049295000, 2.009164000, 2.845418000);(-0.094845590, 1.591642000, -0.146238400);0,1229488;1,902286;;;-4,049295;2,009164;2,845418
0,3;0,1136669514;0,01451334;(-4.045512000, 2.023006000, 2.847592000);(-0.094596270, 1.592448000, -0.146531000);0,1293636;1,889518;;;-4,045512;2,023006;2,847592
0,3111111;0,1308185514;0,0171516;(-4.039416000, 2.038580000, 2.851394000);(-0.094285340, 1.593368000, -0.146731200);0,1402352;1,873537;;;-4,039416;2,03858;2,851394
0,3222222;0,1657437814;0,03492523;(-4.020933000, 2.065481000, 2.863823000);(-0.094019170, 1.594203000, -0.146980300);0,170589;1,838839;;;-4,020933;2,065481;2,863823
0,3333333;0,2051680614;0,03942428;(-3.996053000, 2.090757000, 2.881039000);(-0.093796370, 1.595053000, -0.147203000);0,2087557;1,799509;;;-3,996053;2,090757;2,881039
0,3444445;0,2644515814;0,05928352;(-3.954832000, 2.121977000, 2.910034000);(-0.093656920, 1.595937000, -0.147405700);0,2678648;1,741586;;;-3,954832;2,121977;2,910034
0,3555556;0,3259224814;0,0614709;(-3.910831000, 2.151545000, 2.941152000);(-0.093432570, 1.596808000, -0.147636700);0,3293302;1,682441;;;-3,910831;2,151545;2,941152
0,3666667;0,3832828914;0,05736041;(-3.871747000, 2.183362000, 2.968545000);(-0.093274710, 1.597642000, -0.147825400);0,3864546;1,626201;;;-3,871747;2,183362;2,968545
0,3777778;0,4492660314;0,06598314;(-3.830763000, 2.226650000, 2.996832000);(-0.093082390, 1.598506000, -0.148019900);0,4511802;1,560405;;;-3,830763;2,22665;2,996832
0,3888889;0,5188582514;0,06959222;(-3.792940000, 2.279186000, 3.022377000);(-0.092971350, 1.599281000, -0.148266600);0,5176855;1,490958;;;-3,79294;2,279186;3,022377
0,4;0,5799673514;0,0611091;(-3.759677000, 2.325261000, 3.044848000);(-0.092819860, 1.600220000, -0.148456900);0,5767062;1,429983;;;-3,759677;2,325261;3,044848
0,4111111;0,6464440514;0,0664767;(-3.724926000, 2.376910000, 3.068170000);(-0.092639740, 1.601235000, -0.148746400);0,6407936;1,363878;;;-3,724926;2,37691;3,06817
0,4222222;0,7053253914;0,05888134;(-3.691830000, 2.420113000, 3.090645000);(-0.092467090, 1.602285000, -0.148814600);0,6987173;1,305052;;;-3,69183;2,420113;3,090645
0,4333333;0,7641508614;0,05882547;(-3.657991000, 2.462342000, 3.113712000);(-0.092322910, 1.603454000, -0.148980400);0,7569351;1,24624;;;-3,657991;2,462342;3,113712
0,4444444;0,8244867914;0,06033593;(-3.622357000, 2.504480000, 3.138106000);(-0.092160280, 1.604518000, -0.149164700);0,8169298;1,185905;;;-3,622357;2,50448;3,138106
0,4555556;0,8905357014;0,06604891;(-3.582461000, 2.549418000, 3.165516000);(-0.091908980, 1.605592000, -0.149312900);0,8827952;1,119889;;;-3,582461;2,549418;3,165516
0,4666667;0,9613205414;0,07078484;(-3.539766000, 2.597662000, 3.194843000);(-0.091556240, 1.606420000, -0.149503400);0,9534038;1,04914;;;-3,539766;2,597662;3,194843
0,4777778;1,0295887014;0,06826816;(-3.498314000, 2.643813000, 3.223346000);(-0.091111270, 1.607149000, -0.149777100);1,021556;0,9809324;;;-3,498314;2,643813;3,223346
0,4888889;1,1008318714;0,07124317;(-3.461169000, 2.699266000, 3.248263000);(-0.090649150, 1.607807000, -0.150109700);1,091387;0,9101242;;;-3,461169;2,699266;3,248263
0,5;1,1665998814;0,06576801;(-3.433135000, 2.755924000, 3.266412000);(-0.090153510, 1.608388000, -0.150478400);1,153614;0,8467578;;;-3,433135;2,755924;3,266412
0,5111111;1,2324910314;0,06589115;(-3.407706000, 2.814528000, 3.282554000);(-0.089599510, 1.608938000, -0.150801600);1,215089;0,7849301;;;-3,407706;2,814528;3,282554
0,5222223;1,2947451314;0,0622541;(-3.380254000, 2.867463000, 3.300438000);(-0.089049450, 1.609385000, -0.151040700);1,275058;0,7254473;;;-3,380254;2,867463;3,300438
0,5333334;1,3521748614;0,05742973;(-3.350417000, 2.912271000, 3.320441000);(-0.088483210, 1.610118000, -0.151190300);1,331923;0,6691406;;;-3,350417;2,912271;3,320441
0,5444446;1,4068771514;0,05470229;(-3.315412000, 2.946589000, 3.344718000);(-0.087922570, 1.610367000, -0.151326200);1,386458;0,6144418;;;-3,315412;2,946589;3,344718
0,5555557;1,4614006414;0,05452349;(-3.275699000, 2.971115000, 3.372899000);(-0.087387200, 1.610667000, -0.151544200);1,438811;0,561405;;;-3,275699;2,971115;3,372899
0,5666668;1,5171331614;0,05573252;(-3.236494000, 2.999493000, 3.400535000);(-0.086750470, 1.610929000, -0.151761600);1,493364;0,506642;;;-3,236494;2,999493;3,400535
0,577778;1,5729098114;0,05577665;(-3.195800000, 3.024405000, 3.429421000);(-0.086183690, 1.611137000, -0.152010400);1,54714;0,453098;;;-3,1958;3,024405;3,429421
0,5888891;1,6222191914;0,04930938;(-3.163177000, 3.053552000, 3.452172000);(-0.085617060, 1.611391000, -0.152303900);1,596238;0,4042631;;;-3,163177;3,053552;3,452172
0,6000003;1,6649861714;0,04276698;(-3.137760000, 3.083210000, 3.469589000);(-0.085087080, 1.611569000, -0.152717100);1,638967;0,3615002;;;-3,13776;3,08321;3,469589
0,6111114;1,7008156414;0,03582947;(-3.119696000, 3.111711000, 3.481638000);(-0.084699240, 1.611657000, -0.152995700);1,67413;0,3260548;;;-3,119696;3,111711;3,481638
0,6222225;1,7311059114;0,03029027;(-3.107269000, 3.138155000, 3.489624000);(-0.084217600, 1.611798000, -0.153326600);1,702784;0,2972162;;;-3,107269;3,138155;3,489624
0,6333337;1,7635406914;0,03243478;(-3.092221000, 3.165130000, 3.499518000);(-0.083759900, 1.611954000, -0.153615800);1,734247;0,2658806;;;-3,092221;3,16513;3,499518
0,6444448;1,7832619614;0,01972127;(-3.083748000, 3.182070000, 3.505012000);(-0.083317150, 1.612060000, -0.153825900);1,753129;0,2472897;;;-3,083748;3,18207;3,505012
0,655556;1,8056192514;0,02235729;(-3.069836000, 3.196701000, 3.514616000);(-0.082888150, 1.612153000, -0.154030400);1,775477;0,2249458;;;-3,069836;3,196701;3,514616
0,6666671;1,8317868214;0,02616757;(-3.052860000, 3.212743000, 3.526416000);(-0.082491330, 1.612297000, -0.154173200);1,801557;0,1987827;;;-3,05286;3,212743;3,526416
0,6777782;1,8530007114;0,02121389;(-3.037243000, 3.221841000, 3.537522000);(-0.082064710, 1.612313000, -0.154387900);1,821846;0,1782283;;;-3,037243;3,221841;3,537522
0,6888894;1,8687900214;0,01578931;(-3.024945000, 3.226249000, 3.546390000);(-0.082064710, 1.612313000, -0.154387900);1,836042;0,1639716;;;-3,024945;3,226249;3,54639
0,7000005;1,8687900214;0;(-3.024945000, 3.226249000, 3.546390000);(-0.081210070, 1.612099000, -0.154790600);1,836042;0,1639716;;;-3,024945;3,226249;3,54639
0,7111117;1,8732891464;0,004499125;(-3.021375000, 3.227128000, 3.548983000);(-0.081210070, 1.612099000, -0.154790600);1,839908;0,160155;;;-3,021375;3,227128;3,548983
0,7222228;1,8732891464;0;(-3.021375000, 3.227128000, 3.548983000);(-0.080518150, 1.611771000, -0.155379000);1,839908;0,160155;;;-3,021375;3,227128;3,548983
0,7333339;1,8953218664;0,02203272;(-3.005745000, 3.238055000, 3.560017000);(-0.080172770, 1.611653000, -0.155607300);1,861445;0,1388708;;;-3,005745;3,238055;3,560017
0,7444451;1,9182668764;0,02294501;(-2.990566000, 3.251621000, 3.570602000);(-0.079634960, 1.611477000, -0.155923200);1,884282;0,1163095;;;-2,990566;3,251621;3,570602
0,7555562;1,9601474764;0,0418806;(-2.967438000, 3.282827000, 3.586264000);(-0.079351810, 1.611470000, -0.156110800);1,925906;0,07443102;;;-2,967438;3,282827;3,586264
0,7666674;1,9814222264;0,02127475;(-2.959106000, 3.301669000, 3.591569000);(-0.079223300, 1.611449000, -0.156173600);1,945851;0,05415064;;;-2,959106;3,301669;3,591569
0,7777785;1,9942402864;0,01281806;(-2.954315000, 3.313168000, 3.594590000);(-0.078980410, 1.611491000, -0.156341600);1,957767;0,04255568;;;-2,954315;3,313168;3,59459
0,7888896;1,9896427944;0,004597492;(-2.957972000, 3.312328000, 3.591933000);(-0.078714960, 1.611477000, -0.156578000);1,953859;0,04677436;;;-2,957972;3,312328;3,591933
0,8000008;1,9709290144;0,01871378;(-2.964819000, 3.295451000, 3.587634000);(-0.078376850, 1.611520000, -0.156820000);1,936535;0,0634669;;;-2,964819;3,295451;3,587634
0,8111119;1,9546479344;0,01628108;(-2.964059000, 3.279238000, 3.588913000);(-0.078168210, 1.611526000, -0.156965100);1,926707;0,07438814;;;-2,964059;3,279238;3,588913
0,8222231;1,9434485244;0,01119941;(-2.963507000, 3.268088000, 3.589815000);(-0.077862230, 1.611508000, -0.157162600);1,920027;0,08290531;;;-2,963507;3,268088;3,589815
0,8333342;1,9411553874;0,002293137;(-2.962927000, 3.265932000, 3.590338000);(-0.077555230, 1.611478000, -0.157400700);1,91918;0,08431504;;;-2,962927;3,265932;3,590338
0,8444453;1,9471696854;0,006014298;(-2.960582000, 3.271266000, 3.591829000);(-0.077205170, 1.611296000, -0.157724000);1,924792;0,0783181;;;-2,960582;3,271266;3,591829
0,8555565;1,9527933374;0,005623652;(-2.956913000, 3.274678000, 3.594383000);(-0.076940530, 1.611270000, -0.157968900);1,930401;0,07308244;;;-2,956913;3,274678;3,594383
0,8666676;1,9878926774;0,03509934;(-2.934658000, 3.297020000, 3.609794000);(-0.076735700, 1.611288000, -0.158128300);1,965481;0,04186293;;;-2,934658;3,29702;3,609794
0,8777788;2,0153673474;0,02747467;(-2.914657000, 3.309407000, 3.623985000);(-0.076464230, 1.611340000, -0.158327700);1,992076;0,0318049;;;-2,914657;3,309407;3,623985
0,8888899;2,0252166784;0,009849331;(-2.906944000, 3.311952000, 3.629556000);(-0.076201820, 1.611406000, -0.158499400);2,000913;0,03524017;;;-2,906944;3,311952;3,629556
0,900001;2,0213431384;0,00387354;(-2.909375000, 3.309448000, 3.627876000);(-0.076064040, 1.611474000, -0.158995600);1,99704;0,03526239;;;-2,909375;3,309448;3,627876
0,9111122;2,0109650984;0,01037804;(-2.917003000, 3.304962000, 3.622453000);(-0.075849200, 1.611549000, -0.159147400);1,987041;0,03477148;;;-2,917003;3,304962;3,622453
0,9222233;2,0025342464;0,008430852;(-2.921715000, 3.298745000, 3.619256000);(-0.075658430, 1.611720000, -0.159343900);1,978662;0,039411;;;-2,921715;3,298745;3,619256
0,9333345;1,9967848894;0,005749357;(-2.922240000, 3.293021000, 3.619123000);(-0.075427260, 1.611807000, -0.159486800);1,974517;0,04501327;;;-2,92224;3,293021;3,619123
0,9444456;1,9886452124;0,008139677;(-2.918852000, 3.286170000, 3.621923000);(-0.075325990, 1.611905000, -0.159477100);1,973338;0,05247697;;;-2,918852;3,28617;3,621923
0,9555568;1,9863460004;0,002299212;(-2.919396000, 3.283957000, 3.621621000);(-0.075083750, 1.611977000, -0.159592700);1,971424;0,05454393;;;-2,919396;3,283957;3,621621
0,9666679;1,9877175724;0,001371572;(-2.919901000, 3.285159000, 3.621196000);(-0.074814370, 1.612085000, -0.159742400);1,971711;0,05324769;;;-2,919901;3,285159;3,621196
0,977779;2,0040393224;0,01632175;(-2.918039000, 3.301361000, 3.621850000);(-0.074608470, 1.612090000, -0.159792100);1,983771;0,03783097;;;-2,918039;3,301361;3,62185
0,9888902;2,0113670414;0,007327719;(-2.916772000, 3.308552000, 3.622464000);(-0.074375000, 1.612123000, -0.159845700);1,989554;0,03148761;;;-2,916772;3,308552;3,622464
1,000001;2,0110836267;0,0002834147;(-2.916977000, 3.308670000, 3.622308000);(-0.074178990, 1.612139000, -0.159908500);1,989438;0,03128125;;;-2,916977;3,30867;3,622308
1,011112;2,0062509217;0,004832705;(-2.919459000, 3.304871000, 3.620646000);(-0.073975880, 1.612199000, -0.159891000);1,984688;0,03394906;;;-2,919459;3,304871;3,620646
1,022224;2,0003224337;0,005928488;(-2.924063000, 3.303154000, 3.617329000);(-0.073772870, 1.612232000, -0.159896300);1,979292;0,03466053;;;-2,924063;3,303154;3,617329
1,033335;1,9980665227;0,002255911;(-2.925413000, 3.304620000, 3.616270000);(-0.073601830, 1.612329000, -0.159870400);1,978974;0,03308671;;;-2,925413;3,30462;3,61627
1,044446;1,9996583537;0,001591831;(-2.924208000, 3.304115000, 3.617181000);(-0.073363000, 1.612404000, -0.159740400);1,979773;0,03368502;;;-2,924208;3,304115;3,617181
1,055557;2,0031788007;0,003520447;(-2.921655000, 3.302670000, 3.619126000);(-0.073214020, 1.612479000, -0.159688400);1,981229;0,0355303;;;-2,921655;3,30267;3,619126
1,066668;1,9980840577;0,005094743;(-2.921351000, 3.297605000, 3.619575000);(-0.072952770, 1.612571000, -0.159663500);1,978273;0,0406138;;;-2,921351;3,297605;3,619575
1,077779;2,0003257677;0,00224171;(-2.920154000, 3.295968000, 3.620530000);(-0.072782630, 1.612576000, -0.159630800);1,97835;0,04249543;;;-2,920154;3,295968;3,62053
1,08889;1,9952672607;0,005058507;(-2.923489000, 3.298760000, 3.617948000);(-0.072724690, 1.612619000, -0.159699300);1,977013;0,03911647;;;-2,923489;3,29876;3,617948
1,100002;1,9895653717;0,005701889;(-2.927759000, 3.300717000, 3.614714000);(-0.072584030, 1.612615000, -0.159649300);1,974283;0,03699446;;;-2,927759;3,300717;3,614714
1,111113;1,9840026697;0,005562702;(-2.932109000, 3.301899000, 3.611455000);(-0.072464790, 1.612606000, -0.159573900);1,97099;0,03644352;;;-2,932109;3,301899;3,611455
1,122224;1,9795398677;0,004462802;(-2.935692000, 3.302135000, 3.608805000);(-0.072364200, 1.612551000, -0.159520300);1,967812;0,03731957;;;-2,935692;3,302135;3,608805
1,133335;1,9814886587;0,001948791;(-2.934629000, 3.303602000, 3.609523000);(-0.072277060, 1.612558000, -0.159463500);1,969745;0,03553942;;;-2,934629;3,303602;3,609523
1,144446;1,9836141337;0,002125475;(-2.934289000, 3.305694000, 3.609681000);(-0.072172190, 1.612512000, -0.159303400);1,97141;0,0334286;;;-2,934289;3,305694;3,609681
1,155557;1,9873095007;0,003695367;(-2.933677000, 3.309326000, 3.609971000);(-0.072088110, 1.612525000, -0.159238500);1,974323;0,02976023;;;-2,933677;3,309326;3,609971
1,166668;1,9902005727;0,002891072;(-2.933022000, 3.312119000, 3.610329000);(-0.072166730, 1.612484000, -0.159271500);1,976736;0,02687322;;;-2,933022;3,312119;3,610329
