time;total distance traveled;distance to prev position;ray position;hmd position;distance to prev target;distance to current target
(-4.122848000, 2.598991000, 2.964555000);(-2.636115000, 2.510009000, 4.299361000);0,2444444;0,3333333

0;-0,06731;0,06731;(-4.099392000, 2.570319000, 2.982765000);(-0.192433400, 1.674741000, 0.000806361);0,04127799;1,969325;;;-4,099392;2,570319;2,982765
0,01111111;-0,0669755585;0,0003344415;(-4.099144000, 2.570325000, 2.982989000);(-0.192310600, 1.674790000, 0.000683874);0,0415144;1,968991;;;-4,099144;2,570325;2,982989
0,02222222;-0,0732873295;0,006311771;(-4.103802000, 2.569992000, 2.978743000);(-0.192310600, 1.674790000, 0.000683874);0,03748334;1,975281;;;-4,103802;2,569992;2,978743
0,03333334;-0,0732873295;0;(-4.103802000, 2.569992000, 2.978743000);(-0.192216700, 1.674845000, 0.000656277);0,03748334;1,975281;;;-4,103802;2,569992;2,978743
0,04444445;-0,0693067495;0,00398058;(-4.105156000, 2.566598000, 2.977164000);(-0.192086800, 1.674938000, 0.000739664);0,03900387;1,977243;;;-4,105156;2,566598;2,977164
0,05555556;-0,0661582315;0,003148518;(-4.104910000, 2.563461000, 2.977059000);(-0.191976800, 1.674961000, 0.000765890);0,04171929;1,977043;;;-4,10491;2,563461;2,977059
0,06666667;-0,0580487305;0,008109501;(-4.109926000, 2.559453000, 2.972105000);(-0.191963800, 1.674983000, 0.000786036);0,04227589;1,983979;;;-4,109926;2,559453;2,972105
0,07777778;-0,0638402095;0,005791479;(-4.114174000, 2.558901000, 2.968207000);(-0.191985000, 1.674888000, 0.000834256);0,0411804;1,989728;;;-4,114174;2,558901;2,968207
0,08888889;-0,0596353045;0,004204905;(-4.116447000, 2.556242000, 2.965874000);(-0.191991100, 1.674893000, 0.000972122);0,04324621;1,992914;;;-4,116447;2,556242;2,965874
0,1;-0,0575526785;0,002082626;(-4.115090000, 2.555118000, 2.966984000);(-0.192003900, 1.674857000, 0.001081437);0,0446203;1,991138;;;-4,11509;2,555118;2,966984
0,1111111;-0,0651115805;0,007558902;(-4.115227000, 2.562646000, 2.967647000);(-0.192044800, 1.674779000, 0.001221627);0,03726388;1,990981;;;-4,115227;2,562646;2,967647
0,1222222;-0,0678881915;0,002776611;(-4.115949000, 2.565301000, 2.967272000);(-0.192075600, 1.674681000, 0.001381606);0,0344965;1,99184;;;-4,115949;2,565301;2,967272
0,1333333;-0,0614052875;0,006482904;(-4.112293000, 2.560756000, 2.970102000);(-0.192076300, 1.674622000, 0.001652330);0,04005116;1,98711;;;-4,112293;2,560756;2,970102
0,1444445;-0,0503381775;0,01106711;(-4.106438000, 2.552474000, 2.974530000);(-0.192076300, 1.674622000, 0.001652330);0,05032528;1,979604;;;-4,106438;2,552474;2,97453
0,1555556;-0,0503381775;0;(-4.106438000, 2.552474000, 2.974530000);(-0.192220400, 1.674469000, 0.002129167);0,05032528;1,979604;;;-4,106438;2,552474;2,97453
0,1666667;-0,0614236175;0,01108544;(-4.114591000, 2.551606000, 2.967068000);(-0.192220400, 1.674469000, 0.002129167);0,04816462;1,990634;;;-4,114591;2,551606;2,967068
0,1777778;-0,0614236175;0;(-4.114591000, 2.551606000, 2.967068000);(-0.192300900, 1.674327000, 0.002248138);0,04816462;1,990634;;;-4,114591;2,551606;2,967068
0,1888889;-0,0572904415;0,004133176;(-4.112226000, 2.548759000, 2.968908000);(-0.192410900, 1.674026000, 0.002354950);0,05152725;1,987589;;;-4,112226;2,548759;2,968908
0,2;-0,0467390915;0,01055135;(-4.104414000, 2.547053000, 2.975793000);(-0.192493800, 1.673863000, 0.002524048);0,05624621;1,977146;;;-4,104414;2,547053;2,975793
0,2111111;-0,0323565015;0,01438259;(-4.094286000, 2.550702000, 2.985331000);(-0.192618000, 1.673674000, 0.002687186);0,05982711;1,963312;;;-4,094286;2,550702;2,985331
0,2222222;-0,0173250915;0,01503141;(-4.083186000, 2.547909000, 2.995074000);(-0.192732200, 1.673530000, 0.002776831);0,0715115;1,948491;;;-4,083186;2,547909;2,995074
0,2333333;0,0261373285;0,04346242;(-4.054249000, 2.525955000, 3.018941000);(-0.192902100, 1.673290000, 0.002945393);0,1140087;1,910715;;;-4,054249;2,525955;3,018941
0,2444444;0,0560135985;0,02987627;(-4.033030000, 2.515171000, 3.036998000);(-0.193033900, 1.673325000, 0.003168076);0,1426222;1,882806;;;-4,03303;2,515171;3,036998
0,2555556;0,0925638585;0,03655026;(-4.006696000, 2.503715000, 3.059608000);(-0.193178700, 1.673195000, 0.003342360);0,177775;1,848112;;;-4,006696;2,503715;3,059608
0,2666667;0,1354298585;0,042866;(-3.975912000, 2.489779000, 3.085983000);(-0.193315200, 1.673047000, 0.003511518);0,2196866;1,807692;;;-3,975912;2,489779;3,085983
0,2777778;0,1798832285;0,04445337;(-3.944290000, 2.473943000, 3.112916000);(-0.193597600, 1.672852000, 0.003643185);0,2636871;1,76643;;;-3,94429;2,473943;3,112916
0,2888889;0,2584739985;0,07859077;(-3.886152000, 2.460574000, 3.164080000);(-0.193711000, 1.672909000, 0.003688365);0,339108;1,689349;;;-3,886152;2,460574;3,16408
0,3;0,2958486285;0,03737463;(-3.858361000, 2.458050000, 3.188941000);(-0.193711000, 1.672909000, 0.003688365);0,3743894;1,652155;;;-3,858361;2,45805;3,188941
0,3111111;0,2958486285;0;(-3.858361000, 2.458050000, 3.188941000);(-0.193967200, 1.672643000, 0.003805965);0,3743894;1,652155;;;-3,858361;2,45805;3,188941
0,3222222;0,3748068485;0,07895822;(-3.801413000, 2.471842000, 3.241867000);(-0.194121000, 1.672576000, 0.003815860);0,4431588;1,574061;;;-3,801413;2,471842;3,241867
0,3333333;0,4247631485;0,0499563;(-3.764273000, 2.467365000, 3.274976000);(-0.194300500, 1.672553000, 0.003756255);0,4922023;1,524441;;;-3,764273;2,467365;3,274976
0,3444445;0,4874090485;0,0626459;(-3.718431000, 2.452011000, 3.314817000);(-0.194447000, 1.672532000, 0.003701538);0,5548333;1,464274;;;-3,718431;2,452011;3,314817
0,3555556;0,5670340685;0,07962502;(-3.660336000, 2.431286000, 3.365172000);(-0.194573100, 1.672569000, 0.003624529);0,6344575;1,388501;;;-3,660336;2,431286;3,365172
0,3666667;0,6522397185;0,08520565;(-3.597600000, 2.413570000, 3.420038000);(-0.194673200, 1.672607000, 0.003467292);0,7195358;1,306507;;;-3,5976;2,41357;3,420038
0,3777778;0,7254915885;0,07325187;(-3.543509000, 2.399938000, 3.467516000);(-0.194768700, 1.672657000, 0.003325850);0,7926072;1,235898;;;-3,543509;2,399938;3,467516
0,3888889;0,8031943685;0,07770278;(-3.485825000, 2.390102000, 3.518639000);(-0.194898100, 1.672674000, 0.003040761);0,8697369;1,160134;;;-3,485825;2,390102;3,518639
0,4;0,8756252185;0,07243085;(-3.431974000, 2.383737000, 3.566658000);(-0.195009900, 1.672792000, 0.002812892);0,9413655;1,089123;;;-3,431974;2,383737;3,566658
0,4111111;0,9619443585;0,08631914;(-3.367788000, 2.378071000, 3.624095000);(-0.195134000, 1.672795000, 0.002669126);1,026603;1,004359;;;-3,367788;2,378071;3,624095
0,4222222;1,0484573185;0,08651296;(-3.303494000, 2.375014000, 3.681901000);(-0.195134000, 1.672795000, 0.002669126);1,111796;0,9191712;;;-3,303494;2,375014;3,681901
0,4333333;1,0484573185;0;(-3.303494000, 2.375014000, 3.681901000);(-0.195300300, 1.672746000, 0.002248317);1,111796;0,9191712;;;-3,303494;2,375014;3,681901
0,4444444;1,1260886985;0,07763138;(-3.245986000, 2.376343000, 3.734031000);(-0.195502700, 1.672713000, 0.001932234);1,187667;0,8422623;;;-3,245986;2,376343;3,734031
0,4555556;1,1954860485;0,06939735;(-3.195385000, 2.385156000, 3.780699000);(-0.195689400, 1.672786000, 0.001677603);1,253796;0,772904;;;-3,195385;2,385156;3,780699
0,4666667;1,2572249385;0,06173889;(-3.150875000, 2.396042000, 3.822076000);(-0.195917900, 1.672875000, 0.001415581);1,311969;0,7111728;;;-3,150875;2,396042;3,822076
0,4777778;1,3185451385;0,0613202;(-3.106521000, 2.406044000, 3.863220000);(-0.196106500, 1.672958000, 0.001168042);1,37031;0,6498528;;;-3,106521;2,406044;3,86322
0,4888889;1,3744383285;0,05589319;(-3.066439000, 2.417004000, 3.900602000);(-0.196229500, 1.673070000, 0.000914663);1,423131;0,5940011;;;-3,066439;2,417004;3,900602
0,5;1,4337824785;0,05934415;(-3.023155000, 2.424452000, 3.940511000);(-0.196486400, 1.673170000, 0.000870496);1,480635;0,5346896;;;-3,023155;2,424452;3,940511
0,5111111;1,4886459185;0,05486344;(-2.983281000, 2.432261000, 3.977376000);(-0.196652600, 1.673234000, 0.000682026);1,533695;0,479836;;;-2,983281;2,432261;3,977376
0,5222223;1,5331810185;0,0445351;(-2.951516000, 2.441818000, 4.007092000);(-0.196804100, 1.673265000, 0.000500709);1,575946;0,4353717;;;-2,951516;2,441818;4,007092
0,5333334;1,5750226985;0,04184168;(-2.920799000, 2.445575000, 4.035254000);(-0.197001400, 1.673319000, 0.000378281);1,617051;0,3936356;;;-2,920799;2,445575;4,035254
0,5444446;1,6208487385;0,04582604;(-2.887061000, 2.448822000, 4.066096000);(-0.197165300, 1.673329000, 0.000200123);1,662261;0,3480375;;;-2,887061;2,448822;4,066096
0,5555557;1,6749191785;0,05407044;(-2.847057000, 2.450481000, 4.102436000);(-0.197181500, 1.673263000, 0.000139386);1,715946;0,2946518;;;-2,847057;2,450481;4,102436
0,5666668;1,7309725385;0,05605336;(-2.805400000, 2.448489000, 4.139888000);(-0.197279800, 1.673255000, 0.000045210);1,771928;0,2405693;;;-2,8054;2,448489;4,139888
0,577778;1,7750363185;0,04406378;(-2.772649000, 2.444110000, 4.169040000);(-0.197291800, 1.673235000, -0.000141054);1,815987;0,1999196;;;-2,772649;2,44411;4,16904
0,5888891;1,8003685285;0,02533221;(-2.753922000, 2.439646000, 4.185504000);(-0.197259600, 1.673217000, -0.000222176);1,841213;0,1783047;;;-2,753922;2,439646;4,185504
0,6000003;1,8200622585;0,01969373;(-2.740067000, 2.444698000, 4.198557000);(-0.197300900, 1.673042000, -0.000362665);1,859745;0,1588487;;;-2,740067;2,444698;4,198557
0,6111114;1,8459660885;0,02590383;(-2.720989000, 2.446467000, 4.215990000);(-0.197208600, 1.673002000, -0.000355810);1,885354;0,1348769;;;-2,720989;2,446467;4,21599
0,6222225;1,8759930785;0,03002699;(-2.698999000, 2.439233000, 4.235114000);(-0.197119300, 1.672986000, -0.000360400);1,91499;0,1144171;;;-2,698999;2,439233;4,235114
0,6333337;1,9006245285;0,02463145;(-2.680817000, 2.434582000, 4.251066000);(-0.197014100, 1.672989000, -0.000258356);1,939483;0,1000984;;;-2,680817;2,434582;4,251066
0,6444448;1,9119348785;0,01131035;(-2.673926000, 2.440387000, 4.257903000);(-0.196881700, 1.673079000, -0.000185758);1,948661;0,0894175;;;-2,673926;2,440387;4,257903
0,655556;1,9238580485;0,01192317;(-2.669920000, 2.450593000, 4.262590000);(-0.196730100, 1.673124000, -0.000159353);1,953949;0,07762152;;;-2,66992;2,450593;4,26259
0,6666671;1,9328246475;0,008966599;(-2.663863000, 2.453754000, 4.268397000);(-0.196620600, 1.673225000, -0.000008076);1,962074;0,06995196;;;-2,663863;2,453754;4,268397
0,6777782;1,9489350075;0,01611036;(-2.651884000, 2.452543000, 4.279100000);(-0.196378000, 1.673234000, 0.000192910);1,978184;0,06293979;;;-2,651884;2,452543;4,2791
0,6888894;1,9659683675;0,01703336;(-2.639624000, 2.447143000, 4.289620000);(-0.196128200, 1.673218000, 0.000341266);1,994695;0,06371277;;;-2,639624;2,447143;4,28962
0,7000005;1,9727070065;0,006738639;(-2.635053000, 2.449461000, 4.293995000);(-0.195852500, 1.673327000, 0.000429481);2,000826;0,0607937;;;-2,635053;2,449461;4,293995
0,7111117;1,9773286135;0,004621607;(-2.633332000, 2.445322000, 4.295118000);(-0.195572500, 1.673187000, 0.000529677);2,003165;0,06488524;;;-2,633332;2,445322;4,295118
0,7222228;1,9879125935;0,01058398;(-2.631576000, 2.434896000, 4.295616000);(-0.195323400, 1.673155000, 0.000642508);2,005627;0,07534225;;;-2,631576;2,434896;4,295616
0,7333339;2,0006198535;0,01270726;(-2.623392000, 2.427814000, 4.302275000);(-0.195064800, 1.673172000, 0.000773460);2,016721;0,08322396;;;-2,623392;2,427814;4,302275
0,7444451;2,0142785735;0,01365872;(-2.613410000, 2.424378000, 4.310941000);(-0.194934500, 1.673250000, 0.000782996);2,030184;0,08934314;;;-2,61341;2,424378;4,310941
0,7555562;2,0302883035;0,01600973;(-2.601945000, 2.427599000, 4.321641000);(-0.194723500, 1.673303000, 0.000854999);2,045532;0,09195272;;;-2,601945;2,427599;4,321641
0,7666674;2,0428036335;0,01251533;(-2.594522000, 2.434413000, 4.329064000);(-0.194468500, 1.673259000, 0.000938743);2,05542;0,09125171;;;-2,594522;2,434413;4,329064
0,7777785;2,0482936865;0,005490053;(-2.591102000, 2.437075000, 4.332435000);(-0.194292700, 1.673283000, 0.001042753);2,059989;0,09186573;;;-2,591102;2,437075;4,332435
0,7888896;2,0372089765;0,01108471;(-2.599293000, 2.439073000, 4.325238000);(-0.194159200, 1.673275000, 0.001163691);2,048964;0,08400795;;;-2,599293;2,439073;4,325238
0,8000008;2,0213854265;0,01582355;(-2.610444000, 2.435092000, 4.314741000);(-0.193978000, 1.673318000, 0.001202971);2,034018;0,08067244;;;-2,610444;2,435092;4,314741
0,8111119;2,0034461165;0,01793931;(-2.623003000, 2.430253000, 4.302881000);(-0.193867200, 1.673350000, 0.001292080);2,017206;0,08090296;;;-2,623003;2,430253;4,302881
0,8222231;1,9879655965;0,01548052;(-2.634493000, 2.432290000, 4.292707000);(-0.193745000, 1.673268000, 0.001423687);2,001744;0,07801987;;;-2,634493;2,43229;4,292707
0,8333342;1,9897972375;0,001831641;(-2.633659000, 2.430771000, 4.293302000);(-0.193644600, 1.673261000, 0.001515418);2,002886;0,07950647;;;-2,633659;2,430771;4,293302
0,8444453;2,0022849075;0,01248767;(-2.624397000, 2.430799000, 4.301678000);(-0.193505100, 1.673217000, 0.001512736);2,015327;0,08010521;;;-2,624397;2,430799;4,301678
0,8555565;2,0244810675;0,02219616;(-2.610134000, 2.440575000, 4.315595000);(-0.193389100, 1.673183000, 0.001584321);2,034382;0,07589232;;;-2,610134;2,440575;4,315595
0,8666676;2,0124048175;0,01207625;(-2.610681000, 2.452614000, 4.316358000);(-0.193271700, 1.673029000, 0.001581043);2,03358;0,06503768;;;-2,610681;2,452614;4,316358
0,8777788;2,0045557695;0,007849048;(-2.616331000, 2.455098000, 4.311509000);(-0.193109100, 1.673242000, 0.001769036);2,025977;0,05961655;;;-2,616331;2,455098;4,311509
0,8888899;1,9938034595;0,01075231;(-2.621752000, 2.447743000, 4.305840000);(-0.192965700, 1.673197000, 0.001882583);2,018715;0,06422799;;;-2,621752;2,447743;4,30584
0,900001;1,9819692095;0,01183425;(-2.626642000, 2.438415000, 4.300445000);(-0.192765800, 1.673171000, 0.001933903);2,012218;0,07222617;;;-2,626642;2,438415;4,300445
0,9111122;1,9715578795;0,01041133;(-2.634367000, 2.438468000, 4.293466000);(-0.192624500, 1.673155000, 0.001993150);2,001836;0,07180481;;;-2,634367;2,438468;4,293466
0,9222233;1,9618962225;0,009661657;(-2.639754000, 2.445330000, 4.289313000);(-0.192532300, 1.673093000, 0.002158314);1,994533;0,0655558;;;-2,639754;2,44533;4,289313
0,9333345;1,9729141525;0,01101793;(-2.638229000, 2.455954000, 4.291802000);(-0.192420300, 1.673070000, 0.002222151);1,996532;0,05462158;;;-2,638229;2,455954;4,291802
0,9444456;1,9837939025;0,01087975;(-2.635134000, 2.465662000, 4.295615000);(-0.192265900, 1.673090000, 0.002299160);2,000697;0,04451509;;;-2,635134;2,465662;4,295615
0,9555568;1,9994177325;0,01562383;(-2.627372000, 2.476500000, 4.303764000);(-0.192110300, 1.673115000, 0.002394766);2,011202;0,03490969;;;-2,627372;2,4765;4,303764
0,9666679;2,0069744495;0,007556717;(-2.623327000, 2.481338000, 4.307927000);(-0.191956500, 1.673173000, 0.002486974);2,016694;0,03254077;;;-2,623327;2,481338;4,307927
0,977779;1,9995188285;0,007455621;(-2.628871000, 2.481895000, 4.302973000);(-0.191953000, 1.672999000, 0.002515405);2,009239;0,02925558;;;-2,628871;2,481895;4,302973
0,9888902;1,9902556095;0,009263219;(-2.634905000, 2.478017000, 4.297112000);(-0.191793700, 1.673007000, 0.002546459);2,001079;0,03209347;;;-2,634905;2,478017;4,297112
1,000001;1,9770508795;0,01320473;(-2.639846000, 2.467129000, 4.291508000);(-0.191585200, 1.673083000, 0.002645463);1,994364;0,04375232;;;-2,639846;2,467129;4,291508
1,011112;1,9720456235;0,005005256;(-2.643540000, 2.468083000, 4.288268000);(-0.191408400, 1.673270000, 0.002764374);1,989398;0,04399879;;;-2,64354;2,468083;4,288268
1,022224;1,9779415325;0,005895909;(-2.642794000, 2.473792000, 4.289538000);(-0.191200000, 1.673339000, 0.002943903);1,990431;0,03811434;;;-2,642794;2,473792;4,289538
1,033335;1,9889382525;0,01099672;(-2.637178000, 2.481217000, 4.295392000);(-0.191109600, 1.673470000, 0.003182143);1,998053;0,02908356;;;-2,637178;2,481217;4,295392
1,044446;2,0049492125;0,01601096;(-2.632563000, 2.495465000, 4.301053000);(-0.190984600, 1.673606000, 0.003351241);2,004468;0,01506657;;;-2,632563;2,495465;4,301053
1,055557;2,0183704825;0,01342127;(-2.629446000, 2.507854000, 4.305165000);(-0.190809200, 1.673698000, 0.003555387);2,008928;0,009099946;;;-2,629446;2,507854;4,305165
1,066668;2,0287884325;0,01041795;(-2.628484000, 2.518046000, 4.307099000);(-0.190556000, 1.673861000, 0.003857225);2,010497;0,01351691;;;-2,628484;2,518046;4,307099
1,077779;2,0181792525;0,01060918;(-2.635639000, 2.523161000, 4.301166000);(-0.190390400, 1.673934000, 0.004050165);2,001017;0,01328414;;;-2,635639;2,523161;4,301166
1,08889;2,0048619525;0,0133173;(-2.645458000, 2.522357000, 4.292205000);(-0.190251400, 1.673958000, 0.004376620);1,987765;0,01705779;;;-2,645458;2,522357;4,292205
1,100002;1,9962874275;0,008574525;(-2.650761000, 2.518116000, 4.286968000);(-0.190026600, 1.673916000, 0.004534096);1,980494;0,02082781;;;-2,650761;2,518116;4,286968
1,111113;2,0040310365;0,007743609;(-2.647741000, 2.511276000, 4.288983000);(-0.189897700, 1.673890000, 0.004720122);1,984375;0,01563539;;;-2,647741;2,511276;4,288983
1,122224;2,0070552285;0,003024192;(-2.645591000, 2.510192000, 4.290813000);(-0.189768000, 1.673908000, 0.004932016);1,987243;0,01276308;;;-2,645591;2,510192;4,290813
1,133335;2,0000607975;0,006994431;(-2.650479000, 2.513026000, 4.286690000);(-0.189649000, 1.673929000, 0.005130142);1,980732;0,01939012;;;-2,650479;2,513026;4,28669
1,144446;1,9980514105;0,002009387;(-2.651856000, 2.512377000, 4.285378000);(-0.189500800, 1.673961000, 0.005397290);1,978862;0,02118712;;;-2,651856;2,512377;4,285378
