time;total distance traveled;distance to prev position;ray position;hmd position;distance to prev target;distance to current target
(-0.644167900, 3.134648000, 4.820796000);(0.144046200, 1.308695000, 5.032016000);0,2444444;0,2111111

0;-0,006175963;0,006175963;(-0.655335700, 3.109473000, 4.814634000);(-0.139085600, 1.681098000, 0.047079650);0,02822213;1,982188;;;-0,6553357;3,109473;4,814634
0,01111111;0,002102160;0,008278123;(-0.659263500, 3.102481000, 4.812582000);(-0.139085600, 1.681098000, 0.047079650);0,03647041;1,977656;;;-0,6592635;3,102481;4,812582
0,02222222;0,002102160;0;(-0.659263500, 3.102481000, 4.812582000);(-0.138984900, 1.680908000, 0.047174420);0,03647041;1,977656;;;-0,6592635;3,102481;4,812582
0,03333334;0,014921130;0,01281897;(-0.647953500, 3.098353000, 4.816983000);(-0.138984900, 1.680908000, 0.047174420);0,0366907;1,968852;;;-0,6479535;3,098353;4,816983
0,04444445;0,014921130;0;(-0.647953500, 3.098353000, 4.816983000);(-0.138907100, 1.680829000, 0.047207500);0,0366907;1,968852;;;-0,6479535;3,098353;4,816983
0,05555556;0,012585502;0,002335628;(-0.647808800, 3.100675000, 4.817187000);(-0.138828700, 1.680658000, 0.047134960);0,03435757;1,970883;;;-0,6478088;3,100675;4,817187
0,06666667;-0,001928688;0,01451419;(-0.641017700, 3.112998000, 4.820749000);(-0.138829700, 1.680510000, 0.047127090);0,02187811;1,979007;;;-0,6410177;3,112998;4,820749
0,07777778;-0,005045581;0,003116893;(-0.639385800, 3.115521000, 4.821578000);(-0.138829700, 1.680510000, 0.047127090);0,01973137;1,980573;;;-0,6393858;3,115521;4,821578
0,08888889;-0,005045581;0;(-0.639385800, 3.115521000, 4.821578000);(-0.138761200, 1.680518000, 0.047078690);0,01973137;1,980573;;;-0,6393858;3,115521;4,821578
0,1;0,000227936;0,005273517;(-0.642586000, 3.111630000, 4.820018000);(-0.138728700, 1.680508000, 0.047032740);0,02308504;1,978462;;;-0,642586;3,11163;4,820018
0,1111111;-0,013619334;0,01384727;(-0.652455400, 3.120690000, 4.816517000);(-0.138655200, 1.680486000, 0.046996260);0,01678726;1,991025;;;-0,6524554;3,12069;4,816517
0,1222222;-0,019964200;0,006344866;(-0.651795000, 3.126966000, 4.817178000);(-0.138583200, 1.680418000, 0.047010320);0,01141384;1,996404;;;-0,651795;3,126966;4,817178
0,1333333;-0,026291702;0,006327502;(-0.646087900, 3.128219000, 4.819606000);(-0.138378100, 1.680507000, 0.046986660);0,006814194;1,995018;;;-0,6460879;3,128219;4,819606
0,1444445;-0,024612410;0,001679292;(-0.644977500, 3.127019000, 4.819989000);(-0.138378100, 1.680507000, 0.046986660);0,0077143;1,993443;;;-0,6449775;3,127019;4,819989
0,1555556;-0,024612410;0;(-0.644977500, 3.127019000, 4.819989000);(-0.138324100, 1.680499000, 0.046897910);0,0077143;1,993443;;;-0,6449775;3,127019;4,819989
0,1666667;-0,022617792;0,001994618;(-0.646715900, 3.126396000, 4.819235000);(-0.138294700, 1.680525000, 0.046797770);0,008776072;1,993645;;;-0,6467159;3,126396;4,819235
0,1777778;-0,018594214;0,004023578;(-0.650201900, 3.127890000, 4.817891000);(-0.138209300, 1.680564000, 0.046701800);0,009514093;1,996535;;;-0,6502019;3,12789;4,817891
0,1888889;-0,009748924;0,00884529;(-0.657964500, 3.130876000, 4.814880000);(-0.138101000, 1.680614000, 0.046352400);0,01547793;2,002677;;;-0,6579645;3,130876;4,81488
0,2;0,007585716;0,01733464;(-0.645803500, 3.119292000, 4.819169000);(-0.138006500, 1.680475000, 0.046192060);0,01552886;1,986813;;;-0,6458035;3,119292;4,819169
0,2111111;0,029278676;0,02169296;(-0.627324800, 3.110385000, 4.826226000);(-0.137844800, 1.680330000, 0.046023030);0,03003118;1,970647;;;-0,6273248;3,110385;4,826226
0,2222222;0,051716266;0,02243759;(-0.607638500, 3.102797000, 4.833862000);(-0.137698500, 1.680215000, 0.045850710);0,05019596;1,955274;;;-0,6076385;3,102797;4,833862
0,2333333;0,075837246;0,02412098;(-0.587072500, 3.092942000, 4.841720000);(-0.137639300, 1.679984000, 0.045732930);0,0737367;1,937598;;;-0,5870725;3,092942;4,84172
0,2444444;0,109701216;0,03386397;(-0.560881600, 3.073739000, 4.851314000);(-0.137468300, 1.679793000, 0.045512870);0,1076006;1,909177;;;-0,5608816;3,073739;4,851314
0,2555556;0,141533386;0,03183217;(-0.539845300, 3.050974000, 4.858563000);(-0.137401600, 1.679571000, 0.045146420);0,1389634;1,879716;;;-0,5398453;3,050974;4,858563
0,2666667;0,198902476;0,05736909;(-0.522310500, 2.996486000, 4.862401000);(-0.137218000, 1.679198000, 0.044800710);0,1888624;1,822481;;;-0,5223105;2,996486;4,862401
0,2777778;0,260022756;0,06112028;(-0.501627400, 2.939186000, 4.867360000);(-0.137022700, 1.678749000, 0.044375610);0,2463566;1,761393;;;-0,5016274;2,939186;4,86736
0,2888889;0,329610446;0,06958769;(-0.476218200, 2.874726000, 4.873822000);(-0.136848600, 1.678330000, 0.043919340);0,313972;1,691806;;;-0,4762182;2,874726;4,873822
0,3;0,421152156;0,09154171;(-0.438885800, 2.791770000, 4.884045000);(-0.136687100, 1.677961000, 0.043445540);0,4046066;1,60038;;;-0,4388858;2,79177;4,884045
0,3111111;0,529539056;0,1083869;(-0.389358100, 2.696454000, 4.898522000);(-0.136590200, 1.677593000, 0.042952490);0,5128191;1,492721;;;-0,3893581;2,696454;4,898522
0,3222222;0,638426256;0,1088872;(-0.329354400, 2.607643000, 4.917719000);(-0.136537000, 1.677284000, 0.042456580);0,6214792;1,387241;;;-0,3293544;2,607643;4,917719
0,3333333;0,731101736;0,09267548;(-0.273892600, 2.535704000, 4.936092000);(-0.136520100, 1.677035000, 0.041914420);0,7135341;1,299779;;;-0,2738926;2,535704;4,936092
0,3444445;0,815403256;0,08430152;(-0.219507500, 2.474025000, 4.954659000);(-0.136476700, 1.676828000, 0.041361410);0,796667;1,223172;;;-0,2195075;2,474025;4,954659
0,3555556;0,903454916;0,08805166;(-0.159699400, 2.412852000, 4.975491000);(-0.136569400, 1.676641000, 0.040763270);0,8829662;1,146569;;;-0,1596994;2,412852;4,975491
0,3666667;0,993793136;0,09033822;(-0.101790200, 2.346380000, 4.995212000);(-0.136635600, 1.676503000, 0.040166750);0,9726054;1,067043;;;-0,1017902;2,34638;4,995212
0,3777778;1,082597486;0,08880435;(-0.049083710, 2.277058000, 5.012612000);(-0.136758100, 1.676324000, 0.039557770);1,06131;0,9876251;;;-0,04908371;2,277058;5,012612
0,3888889;1,171217086;0,0886196;(-0.006389521, 2.200468000, 5.025439000);(-0.136853900, 1.676280000, 0.038850740);1,149493;0,9043965;;;-0,006389521;2,200468;5,025439
0,4;1,256174176;0,08495709;(0.027073080, 2.122895000, 5.034403000);(-0.137086100, 1.676241000, 0.038241640);1,232817;0,8225627;;;0,02707308;2,122895;5,034403
0,4111111;1,343978176;0,087804;(0.051899360, 2.038822000, 5.039407000);(-0.137190300, 1.676377000, 0.037584140);1,316486;0,7359561;;;0,05189936;2,038822;5,039407
0,4222222;1,429354666;0,08537649;(0.074677010, 1.956651000, 5.043684000);(-0.137269900, 1.676544000, 0.036936540);1,397889;0,6517636;;;0,07467701;1,956651;5,043684
0,4333333;1,515737646;0,08638298;(0.088142410, 1.871325000, 5.043931000);(-0.137343800, 1.676877000, 0.036270570);1,477178;0,5655259;;;0,08814241;1,871325;5,043931
0,4444444;1,597574366;0,08183672;(0.115427400, 1.794442000, 5.050394000);(-0.137402900, 1.677212000, 0.035728830);1,557515;0,486936;;;0,1154274;1,794442;5,050394
0,4555556;1,673762696;0,07618833;(0.150446500, 1.727562000, 5.060662000);(-0.137368100, 1.677634000, 0.035279170);1,633658;0,4198943;;;0,1504465;1,727562;5,060662
0,4666667;1,745461426;0,07169873;(0.184958800, 1.665577000, 5.071027000);(-0.137372700, 1.678171000, 0.034908010);1,705356;0,3613312;;;0,1849588;1,665577;5,071027
0,4777778;1,794698286;0,04923686;(0.217574200, 1.630449000, 5.082277000);(-0.137454700, 1.678855000, 0.034652550);1,753165;0,3338536;;;0,2175742;1,630449;5,082277
0,4888889;1,831093836;0,03639555;(0.249086000, 1.616869000, 5.094411000);(-0.137409400, 1.679447000, 0.034507470);1,782251;0,3315086;;;0,249086;1,616869;5,094411
0,5;1,870533946;0,03944011;(0.280625600, 1.596287000, 5.106121000);(-0.137381200, 1.679974000, 0.034468840);1,817473;0,3268861;;;0,2806256;1,596287;5,106121
0,5111111;1,913882906;0,04334896;(0.312284000, 1.568932000, 5.117460000);(-0.137352100, 1.680415000, 0.034518790);1,858569;0,3214464;;;0,312284;1,568932;5,11746
0,5222223;1,954134106;0,0402512;(0.333152900, 1.535131000, 5.123956000);(-0.137156000, 1.680717000, 0.034544540);1,898819;0,3090108;;;0,3331529;1,535131;5,123956
0,5333334;1,988157216;0,03402311;(0.335835800, 1.501229000, 5.122955000);(-0.136837500, 1.680902000, 0.034675490);1,928669;0,2865703;;;0,3358358;1,501229;5,122955
0,5444446;2,023000466;0,03484325;(0.342398500, 1.467014000, 5.123534000);(-0.136480800, 1.681063000, 0.034784090);1,961113;0,2697853;;;0,3423985;1,467014;5,123534
0,5555557;1,991299876;0,03170059;(0.316269700, 1.453325000, 5.111923000);(-0.135824700, 1.681055000, 0.034861760);1,958071;0,2386709;;;0,3162697;1,453325;5,111923
0,5666668;1,973663186;0,01763669;(0.301422400, 1.446411000, 5.105380000);(-0.135279100, 1.680933000, 0.035112690);1,95583;0,2216196;;;0,3014224;1,446411;5,10538
0,577778;1,960326146;0,01333704;(0.290552800, 1.440395000, 5.100529000);(-0.134582800, 1.680921000, 0.035386520);1,955108;0,2085737;;;0,2905528;1,440395;5,100529
0,5888891;1,935209476;0,02511667;(0.271647900, 1.455445000, 5.093678000);(-0.133966300, 1.680774000, 0.035657600);1,932073;0,2040099;;;0,2716479;1,455445;5,093678
0,6000003;1,930634007;0,004575469;(0.268273400, 1.458287000, 5.092465000);(-0.133316900, 1.680616000, 0.035935600);1,927833;0,2036277;;;0,2682734;1,458287;5,092465
0,6111114;1,935320393;0,004686386;(0.272583800, 1.458671000, 5.094264000);(-0.133316900, 1.680616000, 0.035935600);1,929797;0,2070977;;;0,2725838;1,458671;5,094264
0,6222225;1,935320393;0;(0.272583800, 1.458671000, 5.094264000);(-0.131954100, 1.680081000, 0.036528240);1,929797;0,2070977;;;0,2725838;1,458671;5,094264
0,6333337;1,906673623;0,02864677;(0.247204000, 1.451106000, 5.083343000);(-0.131398800, 1.679838000, 0.036944700);1,922963;0,1831852;;;0,247204;1,451106;5,083343
0,6444448;1,930195793;0,02352217;(0.228784200, 1.439082000, 5.075010000);(-0.130794200, 1.679401000, 0.037160950);1,923958;0,1613375;;;0,2287842;1,439082;5,07501
0,655556;1,951924333;0,02172854;(0.213788300, 1.425026000, 5.067962000);(-0.130262600, 1.679206000, 0.037259530);1,928727;0,1403174;;;0,2137883;1,425026;5,067962
0,6666671;1,969130073;0,01720574;(0.202818100, 1.412865000, 5.062689000);(-0.129678100, 1.678963000, 0.037474110);1,93402;0,1234762;;;0,2028181;1,412865;5,062689
0,6777782;1,988645133;0,01951506;(0.187004000, 1.403879000, 5.055618000);(-0.129047100, 1.678565000, 0.037672650);1,934309;0,1070623;;;0,187004;1,403879;5,055618
0,6888894;1,975413583;0,01323155;(0.175828700, 1.398781000, 5.050699000);(-0.128474300, 1.678211000, 0.037815940);1,933516;0,09733753;;;0,1758287;1,398781;5,050699
0,7000005;1,984383415;0,008969832;(0.171962900, 1.390958000, 5.048621000);(-0.127990300, 1.677834000, 0.037962090);1,938667;0,08844344;;;0,1719629;1,390958;5,048621
0,7111117;1,995309395;0,01092598;(0.165222600, 1.383005000, 5.045352000);(-0.127457900, 1.677517000, 0.038004350);1,942625;0,07841033;;;0,1652226;1,383005;5,045352
0,7222228;2,007560695;0,0122513;(0.165383300, 1.370774000, 5.044659000);(-0.126895900, 1.677127000, 0.037951250);1,953648;0,06684981;;;0,1653833;1,370774;5,044659
0,7333339;2,015692585;0,00813189;(0.168222700, 1.363186000, 5.045357000);(-0.126545800, 1.677076000, 0.037765460);1,961755;0,06108789;;;0,1682227;1,363186;5,045357
0,7444451;2,026885985;0,0111934;(0.178535000, 1.361933000, 5.049526000);(-0.126118600, 1.676944000, 0.037705140);1,967657;0,06580542;;;0,178535;1,361933;5,049526
0,7555562;2,032388844;0,005502859;(0.183346600, 1.360020000, 5.051389000);(-0.125669400, 1.676788000, 0.037500520);1,971613;0,06748417;;;0,1833466;1,36002;5,051389
0,7666674;2,027888196;0,004500648;(0.179317500, 1.358994000, 5.049665000);(-0.125290300, 1.676785000, 0.037348050);1,970648;0,06391869;;;0,1793175;1,358994;5,049665
0,7777785;2,039481226;0,01159303;(0.170378500, 1.352832000, 5.045602000);(-0.125034600, 1.676734000, 0.037052230);1,972028;0,05316024;;;0,1703785;1,352832;5,045602
0,7888896;2,051377036;0,01189581;(0.163908900, 1.343393000, 5.042351000);(-0.124702400, 1.676840000, 0.036914420);1,977541;0,04129525;;;0,1639089;1,343393;5,042351
0,8000008;2,065073776;0,01369674;(0.158431000, 1.331206000, 5.039338000);(-0.124472200, 1.677036000, 0.036849810);1,986033;0,02770014;;;0,158431;1,331206;5,039338
0,8111119;2,073763631;0,008689855;(0.152859900, 1.325097000, 5.036665000);(-0.124338300, 1.677263000, 0.036768090);1,989052;0,01919125;;;0,1528599;1,325097;5,036665
0,8222231;2,083411865;0,009648234;(0.145286300, 1.320197000, 5.033241000);(-0.124105400, 1.677399000, 0.036620870);1,990127;0,01163312;;;0,1452863;1,320197;5,033241
0,8333342;2,088739264;0,005327399;(0.145394300, 1.314878000, 5.032956000);(-0.123888000, 1.677539000, 0.036464050);1,99499;0,006397731;;;0,1453943;1,314878;5,032956
0,8444453;2,094598370;0,005859106;(0.150659100, 1.316130000, 5.035202000);(-0.123725500, 1.677675000, 0.036301690);1,996178;0,01044769;;;0,1506591;1,31613;5,035202
0,8555565;2,089881304;0,004717066;(0.153767700, 1.319354000, 5.036682000);(-0.123589200, 1.677821000, 0.036008490);1,994643;0,01516224;;;0,1537677;1,319354;5,036682
0,8666676;2,102911174;0,01302987;(0.164718400, 1.324505000, 5.041512000);(-0.123459800, 1.677934000, 0.035833970);1,994901;0,0277031;;;0,1647184;1,324505;5,041512
0,8777788;2,110923162;0,008011988;(0.172107600, 1.324922000, 5.044580000);(-0.123373900, 1.678004000, 0.035634000);1,997872;0,03476515;;;0,1721076;1,324922;5,04458
0,8888899;2,119768924;0,008845762;(0.175411500, 1.316761000, 5.045434000);(-0.123247900, 1.678137000, 0.035506920);2,00671;0,03505532;;;0,1754115;1,316761;5,045434
0,900001;2,127859575;0,008090651;(0.169445500, 1.312038000, 5.042684000);(-0.123166300, 1.678274000, 0.035389260);2,00826;0,02775075;;;0,1694455;1,312038;5,042684
0,9111122;2,117367115;0,01049246;(0.161377000, 1.318063000, 5.039736000);(-0.123025400, 1.678432000, 0.035328880);1,999204;0,02115916;;;0,161377;1,318063;5,039736
0,9222233;2,110777305;0,00658981;(0.156876100, 1.322613000, 5.038164000);(-0.122856700, 1.678551000, 0.035269390);1,993086;0,01990225;;;0,1568761;1,322613;5,038164
0,9333345;2,103767648;0,007009657;(0.154019000, 1.328966000, 5.037382000);(-0.122693400, 1.678586000, 0.035189700);1,986077;0,0232195;;;0,154019;1,328966;5,037382
0,9444456;2,087836788;0,01593086;(0.140106300, 1.334556000, 5.032000000);(-0.122528200, 1.678565000, 0.035114660);1,974848;0,02615979;;;0,1401063;1,334556;5,032
0,9555568;2,076437278;0,01139951;(0.130229500, 1.330825000, 5.027701000);(-0.122378400, 1.678463000, 0.035003860);1,973899;0,02644395;;;0,1302295;1,330825;5,027701
0,9666679;2,096897908;0,02046063;(0.131665700, 1.310426000, 5.027025000);(-0.122229900, 1.678369000, 0.034919160);1,993046;0,01346053;;;0,1316657;1,310426;5,027025
0,977779;2,103477606;0,006579698;(0.126827700, 1.306566000, 5.024793000);(-0.122094900, 1.678343000, 0.034887330);1,994476;0,01879324;;;0,1268277;1,306566;5,024793
0,9888902;2,100768543;0,002709063;(0.124508800, 1.305601000, 5.023778000);(-0.121969800, 1.678352000, 0.034854610);1,994362;0,0214278;;;0,1245088;1,305601;5,023778
