time;total distance traveled;distance to prev position;controller position;controller rotation;camera position;tracker distance to hmd;distance to prev target;distance to current target
(-4.050055000, 0.600506400, 2.992112000);(-4.122848000, 2.598991000, 2.964555000)

0;-0,0005881323;0,0005881323;(-0.610901400, 1.345298000, 0.445259500);(9.91, 306.17, 153.61);(-0.195598300, 1.669875000, 0.017055780);0,679106300;4,34384;4,500262;;;-0,6109014;1,345298;0,4452595
0,01111111;0,0001392394;0,0007273717;(-0.610414900, 1.344793000, 0.445451000);(9.88, 306.23, 153.79);(-0.195720300, 1.669854000, 0.016975080);0,679137700;4,344026;4,500676;;;-0,6104149;1,344793;0,445451
0,02222222;0,0005304802;0,0003912408;(-0.610210300, 1.344465000, 0.445514100);(9.99, 306.37, 154.29);(-0.195828500, 1.669788000, 0.016877800);0,679173200;4,344095;4,500891;;;-0,6102103;1,344465;0,4455141
0,03333334;0,0008846886;0,0003542084;(-0.610152200, 1.344149000, 0.445365500);(10.06, 306.44, 154.41);(-0.195942800, 1.669714000, 0.016752990);0,679169200;4,344174;4,501108;;;-0,6101522;1,344149;0,4453655
0,04444445;0,0011586895;0,0002740009;(-0.610243400, 1.344047000, 0.445128200);(10.14, 306.44, 154.28);(-0.196055300, 1.669692000, 0.016655180);0,679106600;4,344223;4,501198;;;-0,6102434;1,344047;0,4451282
0,05555556;0,0015588037;0,0004001142;(-0.610234800, 1.343910000, 0.444752200);(10.15, 306.38, 154.13);(-0.196063400, 1.669798000, 0.016490370);0,679079700;4,344428;4,501453;;;-0,6102348;1,34391;0,4447522
0,06666667;0,0017469269;0,0001881232;(-0.610248400, 1.343826000, 0.444584500);(10.10, 306.33, 153.97);(-0.196121300, 1.669758000, 0.016352500);0,679054900;4,344501;4,50156;;;-0,6102484;1,343826;0,4445845
0,07777778;0,0020249770;0,0002780501;(-0.610285000, 1.343580000, 0.444461200);(10.02, 306.30, 153.83);(-0.196320600, 1.669735000, 0.016272460);0,679035800;4,344501;4,501669;;;-0,610285;1,34358;0,4444612
0,08888889;0,0022905421;0,0002655651;(-0.610277600, 1.343359000, 0.444313800);(10.01, 306.25, 153.84);(-0.196421200, 1.669705000, 0.016156820);0,679041400;4,344556;4,501819;;;-0,6102776;1,343359;0,4443138
0,1;0,0028141414;0,0005235993;(-0.609972700, 1.342970000, 0.444487800);(9.98, 306.15, 153.93);(-0.196509400, 1.669685000, 0.016045900);0,679158900;4,344629;4,502068;;;-0,6099727;1,34297;0,4444878
0,1111111;0,0033364379;0,0005222965;(-0.609656000, 1.342605000, 0.444686400);(10.10, 306.16, 153.94);(-0.196673200, 1.669634000, 0.015791570);0,679303700;4,344701;4,502306;;;-0,609656;1,342605;0,4446864
0,1222222;0,0039513371;0,0006148992;(-0.609305300, 1.342220000, 0.445012500);(10.17, 306.24, 153.87);(-0.196745800, 1.669681000, 0.015668180);0,679538400;4,344722;4,502504;;;-0,6093053;1,34222;0,4450125
0,1333333;0,0034619496;0,0004893875;(-0.609037000, 1.341959000, 0.445327600);(10.23, 306.35, 154.01);(-0.196861100, 1.669681000, 0.015585750);0,679683000;4,344705;4,502611;;;-0,609037;1,341959;0,4453276
0,1444445;0,0030652700;0,0003966796;(-0.608837700, 1.341720000, 0.445573800);(10.21, 306.43, 154.12);(-0.196961100, 1.669700000, 0.015444010);0,679871300;4,344678;4,502695;;;-0,6088377;1,34172;0,4455738
0,1555556;0,0032119332;0,0001466632;(-0.608691100, 1.341722000, 0.445568900);(10.20, 306.48, 154.11);(-0.197041900, 1.669663000, 0.015300070);0,679802900;4,344797;4,502811;;;-0,6086911;1,341722;0,4455689
0,1666667;0,0034531725;0,0002412393;(-0.608575300, 1.341872000, 0.445717700);(10.19, 306.52, 154.11);(-0.197112900, 1.669614000, 0.015130010);0,679795500;4,344827;4,502777;;;-0,6085753;1,341872;0,4457177
0,1777778;0,0029659294;0,0004872431;(-0.608697100, 1.342310000, 0.445893900);(10.12, 306.56, 154.10);(-0.197181500, 1.669596000, 0.014953820);0,679831400;4,344702;4,502461;;;-0,6086971;1,34231;0,4458939
0,1888889;0,0020748656;0,0008910638;(-0.608933300, 1.343169000, 0.445876400);(10.05, 306.56, 154.16);(-0.197258200, 1.669619000, 0.014672250);0,679693600;4,344672;4,502047;;;-0,6089333;1,343169;0,4458764
0,2;0,0011721957;0,0009026699;(-0.609146100, 1.344046000, 0.445899800);(9.86, 306.45, 154.27);(-0.197311700, 1.669633000, 0.014475320);0,679515800;4,34464;4,501623;;;-0,6091461;1,344046;0,4458998
0,2111111;-0,0008541023;0,002026298;(-0.609785100, 1.345958000, 0.446096300);(9.68, 306.38, 154.31);(-0.197457900, 1.669622000, 0.014184090);0,679205500;4,344347;4,500481;;;-0,6097851;1,345958;0,4460963
0,2222222;-0,0024287373;0,001574635;(-0.610156400, 1.347485000, 0.446198600);(9.51, 306.29, 154.22);(-0.197535300, 1.669673000, 0.013936250);0,678904800;4,344255;4,49971;;;-0,6101564;1,347485;0,4461986
0,2333333;-0,0050671293;0,002638392;(-0.610686000, 1.349942000, 0.447001500);(9.38, 306.21, 154.27);(-0.197612000, 1.669740000, 0.013811440);0,678641600;4,343788;4,498164;;;-0,610686;1,349942;0,4470015
0,2444444;-0,0087376683;0,003670539;(-0.610946200, 1.353398000, 0.448209300);(9.28, 306.18, 154.37);(-0.197718100, 1.669885000, 0.013632510);0,678069400;4,343472;4,496326;;;-0,6109462;1,353398;0,4482093
0,2555556;-0,0127324533;0,003994785;(-0.611298000, 1.357159000, 0.449510300);(9.19, 306.41, 154.62);(-0.197848600, 1.670111000, 0.013579640);0,677432700;4,343085;4,494282;;;-0,611298;1,357159;0,4495103
0,2666667;-0,0210708293;0,008338376;(-0.612079900, 1.365244000, 0.451394400);(9.07, 306.68, 154.90);(-0.198059200, 1.670436000, 0.013532910);0,675483400;4,34278;4,490389;;;-0,6120799;1,365244;0,4513944
0,2777778;-0,0278901943;0,006819365;(-0.613031800, 1.371857000, 0.452759100);(8.49, 307.10, 155.20);(-0.198212900, 1.670740000, 0.013496490);0,674060300;4,342398;4,487068;;;-0,6130318;1,371857;0,4527591
0,2888889;-0,0376304893;0,009740295;(-0.614374200, 1.381418000, 0.454048400);(7.84, 307.36, 155.24);(-0.198365200, 1.671035000, 0.013467280);0,671604900;4,342291;4,48269;;;-0,6143742;1,381418;0,4540484
0,3;-0,0273445393;0,01028595;(-0.615949900, 1.391558000, 0.454750000);(6.78, 307.67, 154.92);(-0.198500900, 1.671256000, 0.013451310);0,668759200;4,34247;4,478319;;;-0,6159499;1,391558;0,45475
0,3111111;-0,0171573693;0,01018717;(-0.617997200, 1.401537000, 0.454884900);(5.62, 307.86, 154.36);(-0.198542600, 1.671616000, 0.013599430);0,666046600;4,342601;4,473959;;;-0,6179972;1,401537;0,4548849
0,3222222;-0,0071103593;0,01004701;(-0.619576100, 1.411457000, 0.454689500);(4.79, 307.78, 154.36);(-0.198635500, 1.671751000, 0.013625230);0,662934100;4,343309;4,470187;;;-0,6195761;1,411457;0,4546895
0,3333333;0,0039844107;0,01109477;(-0.621299000, 1.422388000, 0.453895300);(3.92, 307.57, 154.52);(-0.198749300, 1.671947000, 0.013638710);0,659282700;4,344467;4,466391;;;-0,621299;1,422388;0,4538953
0,3444445;0,0155408507;0,01155644;(-0.622925900, 1.433787000, 0.452909400);(3.03, 307.13, 154.53);(-0.198860600, 1.672111000, 0.013674230);0,655406200;4,345931;4,46268;;;-0,6229259;1,433787;0,4529094
0,3555556;0,0261469907;0,01060614;(-0.623672100, 1.444347000, 0.452264000);(2.09, 306.74, 154.46);(-0.198889300, 1.672349000, 0.013634230);0,651783200;4,347757;4,459713;;;-0,6236721;1,444347;0,452264
0,3666667;0,0381384807;0,01199149;(-0.624427900, 1.456285000, 0.451421800);(1.17, 306.53, 154.26);(-0.199021500, 1.672457000, 0.013782170);0,647479200;4,349987;4,456518;;;-0,6244279;1,456285;0,4514218
0,3777778;0,0496443207;0,01150584;(-0.625453900, 1.467725000, 0.450735600);(0.16, 306.33, 153.84);(-0.199167000, 1.672527000, 0.013836230);0,643852100;4,351844;4,45318;;;-0,6254539;1,467725;0,4507356
0,3888889;0,0611677907;0,01152347;(-0.625719200, 1.479213000, 0.449877900);(359.16, 306.19, 153.59);(-0.199247700, 1.672538000, 0.013791410);0,639862300;4,35444;4,450552;;;-0,6257192;1,479213;0,4498779
0,4;0,0722241107;0,01105632;(-0.626070700, 1.490250000, 0.449319900);(358.02, 306.15, 153.12);(-0.199346500, 1.672511000, 0.013728590);0,636437400;4,35673;4,447826;;;-0,6260707;1,49025;0,4493199
0,4111111;0,0822184207;0,00999431;(-0.625825300, 1.500211000, 0.448538000);(356.92, 306.15, 152.52);(-0.199365300, 1.672475000, 0.013710710);0,632943900;4,359424;4,44599;;;-0,6258253;1,500211;0,448538
0,4222222;0,0919011507;0,00968273;(-0.625793000, 1.509884000, 0.448113300);(355.96, 306.18, 152.13);(-0.199426900, 1.672412000, 0.013588880);0,630091200;4,361704;4,443875;;;-0,625793;1,509884;0,4481133
0,4333333;0,1006152297;0,008714079;(-0.624935400, 1.518492000, 0.447065400);(355.09, 306.21, 151.89);(-0.199497100, 1.672218000, 0.013377220);0,626669600;4,364791;4,443042;;;-0,6249354;1,518492;0,4470654
0,4444444;0,1085001837;0,007884954;(-0.624227200, 1.526338000, 0.446720700);(354.37, 306.24, 151.95);(-0.199497800, 1.672110000, 0.013184990);0,624177800;4,367204;4,441894;;;-0,6242272;1,526338;0,4467207
0,4555556;0,1173430287;0,008842845;(-0.623755200, 1.535097000, 0.445601500);(353.88, 306.30, 151.98);(-0.199464900, 1.672071000, 0.012972560);0,621250400;4,370091;4,440793;;;-0,6237552;1,535097;0,4456015
0,4666667;0,1252199357;0,007876907;(-0.622698600, 1.542829000, 0.444530500);(353.32, 306.34, 152.11);(-0.199412500, 1.672017000, 0.012750060);0,618300100;4,373204;4,440388;;;-0,6226986;1,542829;0,4445305
0,4777778;0,1332574847;0,008037549;(-0.622221600, 1.550820000, 0.443820600);(352.96, 306.33, 151.98);(-0.199306200, 1.671827000, 0.012329670);0,616185500;4,37572;4,439273;;;-0,6222216;1,55082;0,4438206
0,4888889;0,1408145417;0,007557057;(-0.621357300, 1.558217000, 0.442534400);(352.37, 306.34, 151.84);(-0.199312700, 1.671744000, 0.011988010);0,613498200;4,378757;4,438945;;;-0,6213573;1,558217;0,4425344
0,5;0,1473295887;0,006515047;(-0.620778100, 1.564620000, 0.441483300);(351.76, 306.33, 151.82);(-0.199215200, 1.671694000, 0.011687610);0,611477200;4,381228;4,438502;;;-0,6207781;1,56462;0,4414833
0,5111111;0,1546677237;0,007338135;(-0.620237900, 1.571899000, 0.440725800);(351.07, 306.29, 152.27);(-0.199101700, 1.671649000, 0.011377070);0,609627900;4,383699;4,437669;;;-0,6202379;1,571899;0,4407258
0,5222223;0,1609425347;0,006274811;(-0.619744300, 1.578075000, 0.439729500);(350.36, 306.22, 152.62);(-0.198979500, 1.671640000, 0.011036370);0,607927100;4,386037;4,4372;;;-0,6197443;1,578075;0,4397295
0,5333334;0,1676762107;0,006733676;(-0.619179000, 1.584760000, 0.439155000);(349.73, 306.15, 152.87);(-0.198850800, 1.671646000, 0.010703180);0,606461600;4,388309;4,43644;;;-0,619179;1,58476;0,439155
0,5444446;0,1726086747;0,004932464;(-0.618673700, 1.589526000, 0.437989600);(349.14, 306.16, 152.80);(-0.198684100, 1.671684000, 0.010369510);0,604979300;4,390452;4,436416;;;-0,6186737;1,589526;0,4379896
0,5555557;0,1775374887;0,004928814;(-0.618290800, 1.594346000, 0.437034000);(348.75, 306.27, 151.82);(-0.198606200, 1.671736000, 0.010101290);0,603652100;4,392396;4,436168;;;-0,6182908;1,594346;0,437034
0,5666668;0,1808967017;0,003359213;(-0.618177500, 1.597604000, 0.436222500);(348.34, 306.28, 151.35);(-0.198510400, 1.671856000, 0.009742230);0,602925500;4,393695;4,435984;;;-0,6181775;1,597604;0,4362225
0,577778;0,1846330087;0,003736307;(-0.617662700, 1.601232000, 0.435493400);(348.20, 306.16, 151.07);(-0.198355300, 1.671990000, 0.009374470);0,601998900;4,395346;4,435988;;;-0,6176627;1,601232;0,4354934
0,5888891;0,1871875857;0,002554577;(-0.616987600, 1.603631000, 0.434931000);(347.98, 306.15, 150.98);(-0.198135700, 1.672035000, 0.009097904);0,601207000;4,396747;4,436304;;;-0,6169876;1,603631;0,434931
0,6000003;0,1894299337;0,002242348;(-0.616593200, 1.605748000, 0.434304700);(347.91, 306.21, 151.36);(-0.197918000, 1.672138000, 0.008746296);0,600663500;4,397902;4,436498;;;-0,6165932;1,605748;0,4343047
0,6111114;0,1916593757;0,002229442;(-0.616206800, 1.607831000, 0.433611600);(347.80, 306.13, 152.27);(-0.197660200, 1.672285000, 0.008407742);0,600111500;4,399084;4,436733;;;-0,6162068;1,607831;0,4336116
0,6222225;0,1942278937;0,002568518;(-0.615827100, 1.610262000, 0.432873000);(347.66, 305.96, 153.25);(-0.197350700, 1.672320000, 0.008018106);0,599562800;4,400367;4,436912;;;-0,6158271;1,610262;0,432873
0,6333337;0,1965765347;0,002348641;(-0.615462000, 1.612404000, 0.431982300);(347.52, 305.85, 153.70);(-0.197045000, 1.672485000, 0.007665128);0,598938800;4,401661;4,437232;;;-0,615462;1,612404;0,4319823
0,6444448;0,1987027057;0,002126171;(-0.615222000, 1.614446000, 0.431439600);(347.32, 305.82, 153.63);(-0.196669000, 1.672478000, 0.007312268);0,598697300;4,402634;4,437278;;;-0,615222;1,614446;0,4314396
0,655556;0,2010785447;0,002375839;(-0.615088800, 1.616818000, 0.431458000);(347.05, 305.82, 152.76);(-0.196260600, 1.672513000, 0.006857485);0,599003000;4,403275;4,436848;;;-0,6150888;1,616818;0,431458
0,6666671;0,2019828337;0,000904289;(-0.614803000, 1.617674000, 0.431518800);(346.84, 305.85, 151.92);(-0.195956900, 1.672528000, 0.006409436);0,599298700;4,403659;4,436849;;;-0,614803;1,617674;0,4315188
0,6777782;0,2015699784;0,0004128553;(-0.615108900, 1.617872000, 0.431711900);(346.85, 306.00, 151.26);(-0.195645500, 1.672585000, 0.005987138);0,600153900;4,403355;4,436453;;;-0,6151089;1,617872;0,4317119
0,6888894;0,2018729206;0,0003029422;(-0.614832700, 1.617820000, 0.431824800);(347.00, 306.08, 151.38);(-0.195274400, 1.672731000, 0.005464047);0,600689500;4,403492;4,436619;;;-0,6148327;1,61782;0,4318248
0,7000005;0,2021741354;0,0003012148;(-0.614580700, 1.617690000, 0.431925700);(347.09, 306.10, 151.96);(-0.194979900, 1.672863000, 0.005026430);0,601125500;4,4036;4,436789;;;-0,6145807;1,61769;0,4319257
0,7111117;0,2024336011;0,0002594657;(-0.614378500, 1.617588000, 0.432052400);(347.08, 306.10, 152.78);(-0.194708000, 1.673051000, 0.004619747);0,601579700;4,403661;4,436899;;;-0,6143785;1,617588;0,4320524
0,7222228;0,2016885990;0,0007450021;(-0.614386000, 1.616843000, 0.432058500);(347.08, 306.10, 153.06);(-0.194407000, 1.673204000, 0.004222721);0,602164700;4,403479;4,437055;;;-0,614386;1,616843;0,4320585
0,7333339;0,2019161203;0,0002275213;(-0.614347500, 1.616717000, 0.431872800);(347.31, 306.12, 153.21);(-0.194129000, 1.673346000, 0.003773123);0,602544400;4,403588;4,437219;;;-0,6143475;1,616717;0,4318728
0,7444451;0,2022003705;0,0002842502;(-0.614414900, 1.616874000, 0.431645500);(347.42, 306.10, 153.32);(-0.193839500, 1.673468000, 0.003423899);0,602876700;4,403704;4,437261;;;-0,6144149;1,616874;0,4316455
0,7555562;0,2018930688;0,0003073017;(-0.614691600, 1.616745000, 0.431609000);(347.41, 306.02, 153.04);(-0.193691900, 1.673490000, 0.003095776);0,603393900;4,40348;4,437091;;;-0,6146916;1,616745;0,431609
0,7666674;0,2015834870;0,0003095818;(-0.614741100, 1.616451000, 0.431528100);(347.28, 305.96, 152.25);(-0.193503800, 1.673616000, 0.002605945);0,603889800;4,40342;4,437163;;;-0,6147411;1,616451;0,4315281
0,7777785;0,2010631430;0,000520344;(-0.614626700, 1.615995000, 0.431752800);(347.25, 305.96, 152.13);(-0.193311100, 1.673753000, 0.002261370);0,604405200;4,403274;4,437226;;;-0,6146267;1,615995;0,4317528
0,7888896;0,1996521040;0,001411039;(-0.614184900, 1.615033000, 0.432685500);(347.30, 305.96, 152.33);(-0.192966500, 1.674036000, 0.001652211);0,605554200;4,402854;4,437257;;;-0,6141849;1,615033;0,4326855
0,8000008;0,1990276838;0,0006244202;(-0.614288500, 1.614511000, 0.433011500);(347.42, 306.16, 152.91);(-0.192907200, 1.674162000, 0.001497597);0,606073200;4,402463;4,437105;;;-0,6142885;1,614511;0,4330115
0,8111119;0,1986355175;0,0003921663;(-0.614297000, 1.614156000, 0.433178400);(347.45, 306.18, 152.87);(-0.192804500, 1.674242000, 0.001191884);0,606530000;4,402278;4,437082;;;-0,614297;1,614156;0,4331784
0,8222231;0,1984271570;0,0002083605;(-0.614260600, 1.613953000, 0.433150600);(347.49, 306.17, 152.84);(-0.192649800, 1.674553000, 0.001105517);0,606705000;4,402276;4,437171;;;-0,6142606;1,613953;0,4331506
0,8333342;0,1982773582;0,0001497988;(-0.614291300, 1.613815000, 0.433200300);(347.51, 306.19, 152.75);(-0.192536600, 1.674623000, 0.000916868);0,606995500;4,402192;4,43715;;;-0,6142913;1,613815;0,4332003
