time;total distance traveled;distance to prev position;ray position;hmd position;distance to prev target;distance to current target
(-3.148729000, 1.097337000, 4.016543000);(-4.491535000, 1.543546000, 2.603118000);0,2666667;0,1777778

0;-0,01032496;0,01032496;(-3.110469000, 1.073860000, 4.055148000);(-0.206140200, 1.654347000, 0.028769460);0,05920548;2,058236;;;-3,110469;1,07386;4,055148
0,01111111;-0,003043924;0,007281036;(-3.106484000, 1.077413000, 4.060099000);(-0.206048800, 1.654276000, 0.029101280);0,06386447;2,063598;;;-3,106484;1,077413;4,060099
0,02222222;0,006597499;0,009641423;(-3.101862000, 1.083355000, 4.066122000);(-0.205832600, 1.654389000, 0.029511360);0,06964224;2,069624;;;-3,101862;1,083355;4,066122
0,03333334;0,013538805;0,006941306;(-3.097623000, 1.079713000, 4.070238000);(-0.205712500, 1.654330000, 0.029851530);0,0761943;2,076192;;;-3,097623;1,079713;4,070238
0,04444445;0,009150176;0,004388629;(-3.100456000, 1.078908000, 4.066985000);(-0.205639000, 1.654330000, 0.030280020);0,07220939;2,072171;;;-3,100456;1,078908;4,066985
0,05555556;-0,001315984;0,01046616;(-3.107454000, 1.078584000, 4.059209000);(-0.205514200, 1.654237000, 0.030585320);0,06225431;2,062054;;;-3,107454;1,078584;4,059209
0,06666667;-0,012910434;0,01159445;(-3.112942000, 1.071323000, 4.052026000);(-0.205375900, 1.654117000, 0.030843290);0,05671366;2,054956;;;-3,112942;1,071323;4,052026
0,07777778;-0,001956344;0,01095409;(-3.114675000, 1.061089000, 4.048527000);(-0.205241500, 1.654035000, 0.031103460);0,05913154;2,053707;;;-3,114675;1,061089;4,048527
0,08888889;-0,010127967;0,008171623;(-3.119752000, 1.065111000, 4.043545000);(-0.205120100, 1.653952000, 0.031403450);0,05106126;2,045853;;;-3,119752;1,065111;4,043545
0,1;-0,019566824;0,009438857;(-3.126045000, 1.067682000, 4.036996000);(-0.204973300, 1.653828000, 0.031737890);0,04257126;2,036422;;;-3,126045;1,067682;4,036996
0,1111111;-0,023170825;0,003604001;(-3.128379000, 1.067059000, 4.034322000);(-0.204838100, 1.653741000, 0.032017440);0,04058237;2,033119;;;-3,128379;1,067059;4,034322
0,1222222;-0,003820025;0,0193508;(-3.117043000, 1.055638000, 4.045069000);(-0.204795800, 1.653663000, 0.032143270);0,05963647;2,050976;;;-3,117043;1,055638;4,045069
0,1333333;0,001279151;0,005099176;(-3.113621000, 1.054476000, 4.048666000);(-0.204674900, 1.653596000, 0.032382880);0,06404315;2,056075;;;-3,113621;1,054476;4,048666
0,1444445;-0,012497299;0,01377645;(-3.122634000, 1.059386000, 4.039476000);(-0.204587800, 1.653556000, 0.032519370);0,05145054;2,042407;;;-3,122634;1,059386;4,039476
0,1555556;-0,017292077;0,004794778;(-3.125043000, 1.056621000, 4.036388000);(-0.204456100, 1.653532000, 0.032792060);0,0511141;2,039279;;;-3,125043;1,056621;4,036388
0,1666667;-0,002171697;0,01512038;(-3.120046000, 1.042754000, 4.039758000);(-0.204442500, 1.653543000, 0.032996860);0,06588612;2,048342;;;-3,120046;1,042754;4,039758
0,1777778;0,002723963;0,00489566;(-3.118152000, 1.038471000, 4.041186000);(-0.204377800, 1.653637000, 0.033175320);0,07076322;2,051663;;;-3,118152;1,038471;4,041186
0,1888889;-0,000966857;0,00369082;(-3.120508000, 1.040059000, 4.038831000);(-0.204408300, 1.653539000, 0.033354970);0,06763096;2,048044;;;-3,120508;1,040059;4,038831
0,2;-0,008011727;0,00704487;(-3.122532000, 1.046698000, 4.037624000);(-0.204342200, 1.653765000, 0.033622950);0,06078643;2,044219;;;-3,122532;1,046698;4,037624
0,2111111;-0,011962492;0,003950765;(-3.123109000, 1.050606000, 4.037592000);(-0.204323800, 1.653897000, 0.033855050);0,05729919;2,042864;;;-3,123109;1,050606;4,037592
0,2222222;-0,019052244;0,007089752;(-3.127577000, 1.053881000, 4.033167000);(-0.204328900, 1.653988000, 0.034135310);0,05110959;2,035974;;;-3,127577;1,053881;4,033167
0,2333333;-0,035414744;0,0163625;(-3.138420000, 1.058847000, 4.021965000);(-0.204278100, 1.654078000, 0.034400370);0,04021373;2,019648;;;-3,13842;1,058847;4,021965
0,2444444;-0,072707784;0,03729304;(-3.163506000, 1.066519000, 3.995457000);(-0.204152300, 1.654180000, 0.034671400);0,04015933;1,982378;;;-3,163506;1,066519;3,995457
0,2555556;-0,032963824;0,03974396;(-3.190343000, 1.072386000, 3.966736000);(-0.204017500, 1.654184000, 0.034928410);0,06953486;1,942819;;;-3,190343;1,072386;3,966736
0,2666667;0,024150506;0,05711433;(-3.228762000, 1.073489000, 3.924489000);(-0.203937700, 1.654123000, 0.035264580);0,1242903;1,887212;;;-3,228762;1,073489;3,924489
0,2777778;0,087260566;0,06311006;(-3.271325000, 1.076785000, 3.878009000);(-0.203734300, 1.654036000, 0.035544310);0,1861292;1,82541;;;-3,271325;1,076785;3,878009
0,2888889;0,152433876;0,06517331;(-3.315335000, 1.081892000, 3.830211000);(-0.203494200, 1.653958000, 0.035927740);0,2504312;1,761342;;;-3,315335;1,081892;3,830211
0,3;0,222945446;0,07051157;(-3.362944000, 1.092475000, 3.779287000);(-0.203074100, 1.654079000, 0.036538570);0,3196909;1,691317;;;-3,362944;1,092475;3,779287
0,3111111;0,298780836;0,07583539;(-3.413959000, 1.108003000, 3.725368000);(-0.202795300, 1.654047000, 0.036937860);0,3940105;1,615645;;;-3,413959;1,108003;3,725368
0,3222222;0,372979936;0,0741991;(-3.463557000, 1.126993000, 3.673551000);(-0.202515300, 1.653983000, 0.037370180);0,466519;1,541454;;;-3,463557;1,126993;3,673551
0,3333333;0,467096836;0,0941169;(-3.525514000, 1.158298000, 3.609995000);(-0.202251300, 1.653981000, 0.037814170);0,5576421;1,447554;;;-3,525514;1,158298;3,609995
0,3444445;0,561229806;0,09413297;(-3.587443000, 1.189843000, 3.546507000);(-0.201956200, 1.654038000, 0.038349720);0,6495856;1,353688;;;-3,587443;1,189843;3,546507
0,3555556;0,662554306;0,1013245;(-3.653982000, 1.224524000, 3.478415000);(-0.201668900, 1.654077000, 0.038866430);0,7490252;1,252763;;;-3,653982;1,224524;3,478415
0,3666667;0,761373516;0,09881921;(-3.720070000, 1.249478000, 3.409315000);(-0.201359400, 1.654127000, 0.039301720);0,8475281;1,153944;;;-3,72007;1,249478;3,409315
0,3777778;0,856079316;0,0947058;(-3.784060000, 1.259883000, 3.340278000);(-0.201146500, 1.654133000, 0.039739460);0,9420205;1,060372;;;-3,78406;1,259883;3,340278
0,3888889;0,958885516;0,1028062;(-3.853516000, 1.269892000, 3.265145000);(-0.200860400, 1.654146000, 0.040202230);1,044557;0,9592883;;;-3,853516;1,269892;3,265145
0,4;1,057510546;0,09862503;(-3.920145000, 1.282680000, 3.193564000);(-0.200556800, 1.654096000, 0.040475880);1,143123;0,862069;;;-3,920145;1,28268;3,193564
0,4111111;1,152139436;0,09462889;(-3.983876000, 1.285785000, 3.123682000);(-0.200300300, 1.654024000, 0.040775510);1,237006;0,7714567;;;-3,983876;1,285785;3,123682
0,4222222;1,231962986;0,07982355;(-4.037520000, 1.286561000, 3.064577000);(-0.200031500, 1.653958000, 0.041041460);1,316053;0,6965013;;;-4,03752;1,286561;3,064577
0,4333333;1,308885376;0,07692239;(-4.089087000, 1.285660000, 3.007505000);(-0.199779700, 1.653903000, 0.041281370);1,392083;0,6260978;;;-4,089087;1,28566;3,007505
0,4444444;1,395405486;0,08652011;(-4.147522000, 1.292951000, 2.944119000);(-0.199461900, 1.653794000, 0.041472640);1,478495;0,5453658;;;-4,147522;1,292951;2,944119
0,4555556;1,484775536;0,08937005;(-4.207901000, 1.301787000, 2.878825000);(-0.199166700, 1.653699000, 0.041550490);1,567817;0,4635833;;;-4,207901;1,301787;2,878825
0,4666667;1,569834466;0,08505893;(-4.265374000, 1.311499000, 2.816877000);(-0.198908700, 1.653587000, 0.041689130);1,652865;0,3881845;;;-4,265374;1,311499;2,816877
0,4777778;1,627719506;0,05788504;(-4.304471000, 1.319582000, 2.774963000);(-0.198681300, 1.653590000, 0.041984470);1,710747;0,3386492;;;-4,304471;1,319582;2,774963
0,4888889;1,651703356;0,02398385;(-4.320035000, 1.328787000, 2.759207000);(-0.198450700, 1.653618000, 0.042128240);1,733904;0,316065;;;-4,320035;1,328787;2,759207
0,5;1,685514716;0,03381136;(-4.342855000, 1.334141000, 2.734840000);(-0.198233700, 1.653705000, 0.042238500);1,767704;0,2886287;;;-4,342855;1,334141;2,73484
0,5111111;1,713168426;0,02765371;(-4.361277000, 1.341790000, 2.715686000);(-0.198133900, 1.653808000, 0.042340960);1,795065;0,2652241;;;-4,361277;1,34179;2,715686
0,5222223;1,766450296;0,05328187;(-4.396361000, 1.359457000, 2.679687000);(-0.198078300, 1.653967000, 0.042426080);1,84729;0,2209286;;;-4,396361;1,359457;2,679687
0,5333334;1,807747846;0,04129755;(-4.423457000, 1.373735000, 2.651984000);(-0.198007200, 1.654074000, 0.042441580);1,887684;0,1893627;;;-4,423457;1,373735;2,651984
0,5444446;1,839963426;0,03221558;(-4.445009000, 1.381793000, 2.629436000);(-0.198050800, 1.654211000, 0.042447480);1,91972;0,1703564;;;-4,445009;1,381793;2,629436
0,5555557;1,867582716;0,02761929;(-4.463664000, 1.385656000, 2.609439000);(-0.198032900, 1.654301000, 0.042588740);1,947338;0,1604549;;;-4,463664;1,385656;2,609439
0,5666668;1,899834156;0,03225144;(-4.485455000, 1.389586000, 2.585989000);(-0.198125900, 1.654412000, 0.042540700);1,979578;0,1550286;;;-4,485455;1,389586;2,585989
0,577778;1,929955456;0,0301213;(-4.505395000, 1.398877000, 2.565413000);(-0.198227400, 1.654527000, 0.042368920);2,00929;0,1501424;;;-4,505395;1,398877;2,565413
0,5888891;1,955235356;0,0252799;(-4.517513000, 1.418507000, 2.555074000);(-0.198334100, 1.654626000, 0.042306390);2,027957;0,1364469;;;-4,517513;1,418507;2,555074
0,6000003;1,985858046;0,03062269;(-4.535394000, 1.436719000, 2.538153000);(-0.198515500, 1.654508000, 0.042177530);2,055154;0,1324998;;;-4,535394;1,436719;2,538153
0,7444451;1,894097056;0,09176099;(-4.494134000, 1.497516000, 2.593121000);(-0.200196100, 1.654884000, 0.039202240);1,999098;0,04717511;;;-4,494134;1,497516;2,593121
0,7555562;1,874429266;0,01966779;(-4.480897000, 1.497022000, 2.607658000);(-0.200272200, 1.654920000, 0.039016160);1,979742;0,04793971;;;-4,480897;1,497022;2,607658
1,066668;1,812187806;0,06224146;(-4.461116000, 1.547999000, 2.637392000);(-0.197243500, 1.655756000, 0.039905280);1,956403;0,04604149;;;-4,461116;1,547999;2,637392
1,077779;1,818102779;0,005914973;(-4.465021000, 1.547406000, 2.632989000);(-0.197182600, 1.655733000, 0.039983480);1,961991;0,04012656;;;-4,465021;1,547406;2,632989
1,08889;1,827704062;0,009601283;(-4.471467000, 1.547410000, 2.625873000);(-0.197136400, 1.655722000, 0.040043090);1,971336;0,03058493;;;-4,471467;1,54741;2,625873
1,100002;1,832893283;0,005189221;(-4.474124000, 1.544508000, 2.622490000);(-0.197068600, 1.655708000, 0.040116460);1,974847;0,02606369;;;-4,474124;1,544508;2,62249
1,111113;1,839513908;0,006620625;(-4.478477000, 1.546741000, 2.618029000);(-0.197030400, 1.655672000, 0.040211050);1,981423;0,02007588;;;-4,478477;1,546741;2,618029
1,122224;1,849832368;0,01031846;(-4.485205000, 1.550540000, 2.611190000);(-0.196868500, 1.655661000, 0.040165450);1,991627;0,0124151;;;-4,485205;1,55054;2,61119
1,133335;1,851305833;0,001473465;(-4.486073000, 1.551396000, 2.610363000);(-0.196809200, 1.655574000, 0.040228340);1,992988;0,01199778;;;-4,486073;1,551396;2,610363
1,144446;1,846149577;0,005156256;(-4.482759000, 1.549273000, 2.613694000);(-0.196724300, 1.655613000, 0.040238410);1,987931;0,01488775;;;-4,482759;1,549273;2,613694
1,155557;1,8452614719;0,0008881051;(-4.482164000, 1.549054000, 2.614316000);(-0.196654600, 1.655639000, 0.040299620);1,987043;0,01560566;;;-4,482164;1,549054;2,614316
1,166668;1,8512491719;0,0059877;(-4.484581000, 1.554204000, 2.612446000);(-0.196518100, 1.655666000, 0.040399400);1,99116;0,01577822;;;-4,484581;1,554204;2,612446
1,17778;1,8546246759;0,003375504;(-4.485607000, 1.557354000, 2.611802000);(-0.196383600, 1.655630000, 0.040398930);1,993027;0,01735517;;;-4,485607;1,557354;2,611802
1,188891;1,8481501229;0,006474553;(-4.481375000, 1.555025000, 2.616113000);(-0.196304900, 1.655641000, 0.040445420);1,986613;0,02009607;;;-4,481375;1,555025;2,616113
1,200002;1,8523125099;0,004162387;(-4.483062000, 1.552016000, 2.613784000);(-0.196231100, 1.655712000, 0.040487320);1,988696;0,01603999;;;-4,483062;1,552016;2,613784
1,211113;1,8540634469;0,001750937;(-4.484245000, 1.552232000, 2.612511000);(-0.196162100, 1.655777000, 0.040530470);1,990437;0,01472436;;;-4,484245;1,552232;2,612511
1,222224;1,8463340669;0,00772938;(-4.479421000, 1.548500000, 2.617260000);(-0.196083200, 1.655865000, 0.040604560);1,982999;0,01926802;;;-4,479421;1,5485;2,61726
1,233335;1,8381633709;0,008170696;(-4.474550000, 1.543887000, 2.621923000);(-0.196037500, 1.655928000, 0.040659930);1,975392;0,02534165;;;-4,47455;1,543887;2,621923
1,244446;1,8343971229;0,003766248;(-4.472284000, 1.545203000, 2.624628000);(-0.195951100, 1.655977000, 0.040731640);1,972261;0,02891332;;;-4,472284;1,545203;2,624628
