time;total distance traveled;distance to prev position;controller position;controller rotation;camera position;tracker distance to hmd;distance to prev target;distance to current target
(-3.404364000, 0.175501200, 3.576007000);(-4.510715000, 1.497681000, 2.562190000)

0;-0,000745641;0,000745641;(-0.520401600, 1.289867000, 0.550732000);(14.71, 316.90, 145.87);(-0.195448800, 1.649879000, 0.055648710);0,693044200;4,325661;4,47345;;;-0,5204016;1,289867;0,550732
0,01111111;-0,0002532548;0,0004923862;(-0.520030300, 1.289753000, 0.551034700);(14.67, 316.98, 146.11);(-0.195424200, 1.649832000, 0.055657300);0,693126400;4,325667;4,47365;;;-0,5200303;1,289753;0,5510347
0,02222222;-0,0007103134;0,0004570586;(-0.519702300, 1.289549000, 0.551278400);(14.64, 317.05, 146.22);(-0.195291500, 1.649655000, 0.055746700);0,693159700;4,325663;4,473843;;;-0,5197023;1,289549;0,5512784
0,03333334;-0,0004392197;0,0002710937;(-0.519670900, 1.289334000, 0.551115500);(14.63, 317.08, 146.26);(-0.195169400, 1.649554000, 0.055683400);0,693190000;4,325742;4,473954;;;-0,5196709;1,289334;0,5511155
0,04444445;-0,0001358536;0,0003033661;(-0.519453500, 1.289124000, 0.551142600);(14.70, 316.99, 146.35);(-0.195066700, 1.649444000, 0.055711180);0,693188000;4,325814;4,474146;;;-0,5194535;1,289124;0,5511426
0,05555556;0,0001928777;0,0003287313;(-0.519144100, 1.289059000, 0.551232500);(14.77, 316.93, 146.18);(-0.194952700, 1.649468000, 0.055766670);0,693167300;4,325941;4,474384;;;-0,5191441;1,289059;0,5512325
0,06666667;0,0003767434;0,0001838657;(-0.518991500, 1.289035000, 0.551332300);(14.84, 316.94, 146.01);(-0.194893000, 1.649436000, 0.055786700);0,693176800;4,325967;4,474477;;;-0,5189915;1,289035;0,5513323
0,07777778;-0,0001345364;0,0005112798;(-0.519010800, 1.289259000, 0.551791500);(14.84, 316.94, 145.97);(-0.194882100, 1.649392000, 0.055846600);0,693337400;4,32569;4,474243;;;-0,5190108;1,289259;0,5517915
0,08888889;0,0000942128;0,0002287492;(-0.518789500, 1.289216000, 0.551753300);(14.80, 316.96, 145.94);(-0.194860600, 1.649436000, 0.055792420);0,693300500;4,325854;4,474459;;;-0,5187895;1,289216;0,5517533
0,1;-0,0000941904;0,0001884032;(-0.518690400, 1.289170000, 0.551906800);(14.76, 317.00, 145.90);(-0.194859300, 1.649479000, 0.055841650);0,693376000;4,325801;4,474481;;;-0,5186904;1,28917;0,5519068
0,1111111;-0,0002540913;0,0001599009;(-0.518799500, 1.289150000, 0.552022100);(14.74, 317.02, 145.90);(-0.194859200, 1.649472000, 0.055867340);0,693497500;4,325643;4,474333;;;-0,5187995;1,28915;0,5520221
0,1222222;0,0000450102;0,0002991015;(-0.518703900, 1.288875000, 0.551954000);(14.73, 317.05, 145.97);(-0.194892500, 1.649438000, 0.055810540);0,693554700;4,325683;4,474462;;;-0,5187039;1,288875;0,551954
0,1333333;0,0004799150;0,0004349048;(-0.518725600, 1.288550000, 0.551665500);(14.76, 317.05, 146.20);(-0.194919300, 1.649454000, 0.055837900);0,693503300;4,325787;4,474587;;;-0,5187256;1,28855;0,5516655
0,1444445;0,0007829725;0,0003030575;(-0.518810800, 1.288326000, 0.551480200);(14.79, 316.96, 146.24);(-0.194944700, 1.649463000, 0.055780980);0,693561100;4,325801;4,474605;;;-0,5188108;1,288326;0,5514802
0,1555556;0,0003167505;0,000466222;(-0.519149100, 1.288289000, 0.551161500);(14.81, 316.87, 146.12);(-0.194933100, 1.649444000, 0.055784080);0,693504300;4,325789;4,474448;;;-0,5191491;1,288289;0,5511615
0,1666667;-0,0000706222;0,0003873727;(-0.519426900, 1.288187000, 0.550911400);(14.85, 316.74, 145.99);(-0.194906600, 1.649350000, 0.055794090);0,693464800;4,325753;4,474317;;;-0,5194269;1,288187;0,5509114
0,1777778;-0,0002527545;0,0001821323;(-0.519590100, 1.288148000, 0.550982500);(14.83, 316.53, 145.98);(-0.194929700, 1.649308000, 0.055802970);0,693573100;4,325584;4,474142;;;-0,5195901;1,288148;0,5509825
0,1888889;-0,0007659154;0,0005131609;(-0.519736000, 1.288596000, 0.551186100);(14.84, 316.46, 145.92);(-0.194976900, 1.649329000, 0.055809890);0,693537400;4,325459;4,473899;;;-0,519736;1,288596;0,5511861
0,2;-0,0006253826;0,0001405328;(-0.519776400, 1.288730000, 0.551173300);(14.80, 316.56, 146.04);(-0.195036500, 1.649367000, 0.055825770);0,693458000;4,325476;4,473862;;;-0,5197764;1,28873;0,5511733
0,2111111;-0,0010736626;0,00044828;(-0.520099800, 1.288998000, 0.551015900);(14.73, 316.61, 146.16);(-0.195097300, 1.649517000, 0.055766700);0,693449700;4,325439;4,473632;;;-0,5200998;1,288998;0,5510159
0,2222222;-0,0001742677;0,0008993949;(-0.520604700, 1.289468000, 0.550439000);(14.63, 316.67, 146.33);(-0.195186200, 1.649549000, 0.055794780);0,692985300;4,325627;4,473419;;;-0,5206047;1,289468;0,550439
0,2333333;0,0016991723;0,00187344;(-0.521658800, 1.290415000, 0.549213500);(14.55, 316.65, 146.69);(-0.195107700, 1.649504000, 0.055770130);0,692146500;4,326026;4,472986;;;-0,5216588;1,290415;0,5492135
0,2444444;0,0037750973;0,002075925;(-0.522873100, 1.291592000, 0.548009200);(14.38, 316.45, 147.00);(-0.195146400, 1.649545000, 0.055780800);0,691248400;4,326363;4,472391;;;-0,5228731;1,291592;0,5480092
0,2555556;0,0072787083;0,003503611;(-0.524912200, 1.293621000, 0.546009100);(14.18, 316.17, 147.08);(-0.195179400, 1.649618000, 0.055845380);0,689723200;4,32693;4,471382;;;-0,5249122;1,293621;0,5460091
0,2666667;0,0117432053;0,004464497;(-0.527524900, 1.296056000, 0.543330100);(13.94, 315.73, 146.88);(-0.195179900, 1.649653000, 0.055941100);0,687773600;4,327698;4,470151;;;-0,5275249;1,296056;0,5433301
0,2777778;0,0167952003;0,005051995;(-0.530429400, 1.299076000, 0.540507800);(13.72, 315.12, 146.39);(-0.195244400, 1.649760000, 0.056047500);0,685587400;4,32853;4,468705;;;-0,5304294;1,299076;0,5405078
0,2888889;0,0220798763;0,005284676;(-0.533412400, 1.302285000, 0.537552600);(13.49, 314.44, 146.09);(-0.195264000, 1.649772000, 0.056167990);0,683244600;4,329458;4,467245;;;-0,5334124;1,302285;0,5375526
0,3;0,0291727543;0,007092878;(-0.537419700, 1.307166000, 0.534324200);(13.22, 313.73, 146.09);(-0.195293900, 1.649881000, 0.056298730);0,680449700;4,330343;4,464931;;;-0,5374197;1,307166;0,5343242
0,3111111;0,0364055103;0,007232756;(-0.541424200, 1.312282000, 0.531145000);(12.75, 312.91, 145.94);(-0.195384500, 1.650033000, 0.056356160);0,677675100;4,331267;4,462599;;;-0,5414242;1,312282;0,531145
0,3222222;0,0449045063;0,008498996;(-0.545832900, 1.318487000, 0.527364600);(12.15, 312.23, 145.77);(-0.195403800, 1.650111000, 0.056536110);0,674132400;4,332648;4,460148;;;-0,5458329;1,318487;0,5273646
0,3333333;0,0527190743;0,007814568;(-0.550088100, 1.323945000, 0.523735800);(11.33, 311.63, 145.42);(-0.195346700, 1.650125000, 0.056707110);0,671081700;4,33384;4,457808;;;-0,5500881;1,323945;0,5237358
0,3444445;0,0622572593;0,009538185;(-0.554973500, 1.330744000, 0.519165900);(10.63, 311.05, 145.10);(-0.195338500, 1.650158000, 0.056904350);0,667119500;4,335653;4,455301;;;-0,5549735;1,330744;0,5191659
0,3555556;0,0724130493;0,01015579;(-0.560205900, 1.337886000, 0.514191000);(9.83, 310.37, 144.96);(-0.195338600, 1.650233000, 0.057094420);0,663042900;4,337636;4,45268;;;-0,5602059;1,337886;0,514191
0,3666667;0,0831340493;0,010721;(-0.565681200, 1.345341000, 0.508769800);(9.11, 309.56, 144.89);(-0.195265100, 1.650184000, 0.057280480);0,658771600;4,339884;4,45006;;;-0,5656812;1,345341;0,5087698
0,3777778;0,0937222593;0,01058821;(-0.570824700, 1.352787000, 0.503273000);(8.37, 308.64, 144.64);(-0.195314300, 1.650140000, 0.057511480);0,654316700;4,342423;4,447794;;;-0,5708247;1,352787;0,503273
0,3888889;0,1040990193;0,01037676;(-0.575734400, 1.360066000, 0.497742600);(7.68, 307.72, 144.36);(-0.195317500, 1.650099000, 0.057738570);0,649953600;4,345118;4,44578;;;-0,5757344;1,360066;0,4977426
0,4;0,1147318093;0,01063279;(-0.580668400, 1.367608000, 0.492101100);(6.98, 306.89, 144.05);(-0.195293800, 1.650029000, 0.057954640);0,645568300;4,347971;4,443811;;;-0,5806684;1,367608;0,4921011
0,4111111;0,1254414193;0,01070961;(-0.585518900, 1.375245000, 0.486370100);(6.34, 306.07, 143.75);(-0.195207900, 1.650035000, 0.058217670);0,641222600;4,350992;4,44198;;;-0,5855189;1,375245;0,4863701
0,4222222;0,1353764433;0,009935024;(-0.589857600, 1.382439000, 0.481066300);(5.69, 305.29, 143.33);(-0.195033800, 1.649926000, 0.058296890);0,637314100;4,353941;4,440437;;;-0,5898576;1,382439;0,4810663
0,4333333;0,1451977563;0,009821313;(-0.593958400, 1.389399000, 0.475480600);(5.10, 304.60, 142.92);(-0.194929300, 1.649870000, 0.058409150);0,633259700;4,3572;4,439264;;;-0,5939584;1,389399;0,4754806
0,4444444;0,1544834313;0,009285675;(-0.597855600, 1.396223000, 0.470534700);(4.48, 303.98, 142.80);(-0.194781300, 1.649857000, 0.058531140);0,629719000;4,360116;4,437994;;;-0,5978556;1,396223;0,4705347
0,4555556;0,1637817703;0,009298339;(-0.601665100, 1.403152000, 0.465641500);(3.90, 303.41, 142.89);(-0.194656600, 1.649786000, 0.058565800);0,626254900;4,363098;4,436792;;;-0,6016651;1,403152;0,4656415
0,4666667;0,1723152893;0,008533519;(-0.605285900, 1.409390000, 0.461081100);(3.30, 302.95, 143.29);(-0.194396300, 1.649811000, 0.058660120);0,623358100;4,365786;4,435632;;;-0,6052859;1,40939;0,4610811
0,4777778;0,1802818763;0,007966587;(-0.608097000, 1.415176000, 0.456381400);(2.77, 302.44, 143.59);(-0.194186500, 1.649773000, 0.058575900);0,620167000;4,368978;4,435276;;;-0,608097;1,415176;0,4563814
0,4888889;0,1876087243;0,007326848;(-0.610887300, 1.420640000, 0.452376800);(2.37, 301.99, 143.99);(-0.194026300, 1.649768000, 0.058537930);0,617561000;4,371607;4,434626;;;-0,6108873;1,42064;0,4523768
0,5;0,1942224723;0,006613748;(-0.613548800, 1.425785000, 0.449185000);(2.00, 301.60, 144.09);(-0.193874900, 1.649796000, 0.058443960);0,615617900;4,373657;4,433719;;;-0,6135488;1,425785;0,449185
0,5111111;0,2003734073;0,006150935;(-0.616028600, 1.430665000, 0.446378300);(1.68, 301.36, 143.77);(-0.193635400, 1.649766000, 0.058336590);0,614001600;4,37548;4,432802;;;-0,6160286;1,430665;0,4463783
0,5222223;0,2063480023;0,005974595;(-0.618401400, 1.435101000, 0.443156000);(1.29, 301.18, 143.43);(-0.193483400, 1.649836000, 0.058205010);0,612252900;4,377549;4,432192;;;-0,6184014;1,435101;0,443156
0,5333334;0,2108820513;0,004534049;(-0.620253400, 1.438698000, 0.441108400);(0.90, 300.97, 143.30);(-0.193357400, 1.649957000, 0.058029260);0,611245000;4,378873;4,431497;;;-0,6202534;1,438698;0,4411084
0,5444446;0,2155392933;0,004657242;(-0.622224400, 1.442261000, 0.438848500);(0.67, 300.90, 143.53);(-0.193288000, 1.650068000, 0.057895300);0,610160300;4,380268;4,430803;;;-0,6222244;1,442261;0,4388485
0,5555557;0,2190479793;0,003508686;(-0.623751900, 1.444881000, 0.437083900);(0.44, 300.78, 143.87);(-0.193215400, 1.650226000, 0.057682780);0,609486300;4,38132;4,430276;;;-0,6237519;1,444881;0,4370839
0,5666668;0,2228315043;0,003783525;(-0.625449800, 1.447630000, 0.435115300);(0.27, 300.64, 144.58);(-0.193289600, 1.650338000, 0.057317410);0,608756200;4,382451;4,4297;;;-0,6254498;1,44763;0,4351153
0,577778;0,2263544703;0,003522966;(-0.626790700, 1.449879000, 0.432758300);(0.09, 300.49, 144.96);(-0.193254200, 1.650473000, 0.057004660);0,607768800;4,383944;4,429632;;;-0,6267907;1,449879;0,4327583
0,5888891;0,2295796493;0,003225179;(-0.628347600, 1.452047000, 0.430948000);(0.00, 300.30, 145.14);(-0.193189000, 1.650611000, 0.056639220);0,607369400;4,384887;4,429114;;;-0,6283476;1,452047;0,430948
0,6000003;0,2321772653;0,002597616;(-0.629597500, 1.453965000, 0.429721400);(359.85, 300.09, 145.17);(-0.193139500, 1.650637000, 0.056309130);0,607134400;4,385535;4,42859;;;-0,6295975;1,453965;0,4297214
0,6111114;0,2338890373;0,001711772;(-0.630527600, 1.455152000, 0.428910100);(359.73, 299.92, 145.08);(-0.193059800, 1.650750000, 0.055955710);0,607232900;4,385874;4,428154;;;-0,6305276;1,455152;0,4289101
0,6222225;0,2356267183;0,001737681;(-0.631136800, 1.456661000, 0.428302700);(359.64, 299.81, 145.25);(-0.192883200, 1.650650000, 0.055647640);0,607099300;4,386365;4,427899;;;-0,6311368;1,456661;0,4283027
0,6333337;0,2344939083;0,00113281;(-0.631676000, 1.457657000, 0.428285400);(359.57, 299.77, 145.50);(-0.192759400, 1.650589000, 0.055350750);0,607412900;4,386328;4,427426;;;-0,631676;1,457657;0,4282854
0,6444448;0,2358859243;0,001392016;(-0.632250200, 1.458879000, 0.427945400);(359.51, 299.85, 145.86);(-0.192622900, 1.650517000, 0.055098860);0,607463500;4,386567;4,427075;;;-0,6322502;1,458879;0,4279454
0,655556;0,2371364753;0,001250551;(-0.632711800, 1.460004000, 0.427652100);(359.49, 300.00, 146.14);(-0.192530000, 1.650452000, 0.054831120);0,607475100;4,386815;4,426803;;;-0,6327118;1,460004;0,4276521
0,6666671;0,2386985333;0,001562058;(-0.633364000, 1.461233000, 0.426941900);(359.39, 300.13, 146.49);(-0.192538800, 1.650432000, 0.054468540);0,607338200;4,387272;4,426564;;;-0,633364;1,461233;0,4269419
0,6777782;0,2405905433;0,00189201;(-0.634372100, 1.462081000, 0.425584100);(359.21, 300.04, 146.90);(-0.192484800, 1.650412000, 0.054239960);0,607148500;4,387859;4,426329;;;-0,6343721;1,462081;0,4255841
0,6888894;0,2420029053;0,001412362;(-0.634902900, 1.462941000, 0.424597800);(359.06, 299.61, 146.94);(-0.192427900, 1.650411000, 0.054056610);0,606819200;4,388484;4,426334;;;-0,6349029;1,462941;0,4245978
0,7000005;0,2428568297;0,0008539244;(-0.635293200, 1.463456000, 0.424039500);(359.03, 299.41, 146.73);(-0.192319100, 1.650407000, 0.053921550);0,606765000;4,38879;4,426258;;;-0,6352932;1,463456;0,4240395
0,7111117;0,2431456896;0,0002888599;(-0.635363200, 1.463372000, 0.423772200);(359.18, 299.29, 145.95);(-0.192257100, 1.650378000, 0.053810390);0,606783300;4,388914;4,426326;;;-0,6353632;1,463372;0,4237722
0,7222228;0,2436143170;0,0004686274;(-0.635551900, 1.463652000, 0.423447400);(359.22, 299.22, 145.80);(-0.192163800, 1.650354000, 0.053673120);0,606781200;4,38911;4,426316;;;-0,6355519;1,463652;0,4234474
0,7333339;0,2430435546;0,0005707624;(-0.635731800, 1.463703000, 0.423986700);(359.21, 299.19, 145.89);(-0.191993000, 1.650248000, 0.053523480);0,607409500;4,388624;4,425898;;;-0,6357318;1,463703;0,4239867
0,7444451;0,2432581840;0,0002146294;(-0.635868400, 1.463740000, 0.423825500);(359.20, 299.40, 146.55);(-0.191800700, 1.650059000, 0.053374980);0,607572700;4,388664;4,425855;;;-0,6358684;1,46374;0,4238255
0,7555562;0,2437663986;0,0005082146;(-0.636164100, 1.463640000, 0.423424500);(359.20, 299.51, 146.92);(-0.191577800, 1.649890000, 0.053217800);0,607782000;4,388737;4,425791;;;-0,6361641;1,46364;0,4234245
0,7666674;0,2445263381;0,0007599395;(-0.636500300, 1.463500000, 0.422757500);(359.21, 299.53, 147.21);(-0.191351700, 1.649708000, 0.053036450);0,607885200;4,388962;4,42582;;;-0,6365003;1,4635;0,4227575
0,7777785;0,2456915821;0,001165244;(-0.636806700, 1.462937000, 0.421784300);(359.22, 299.43, 147.41);(-0.191105000, 1.649566000, 0.052881630);0,607922500;4,389303;4,426027;;;-0,6368067;1,462937;0,4217843
0,7888896;0,2464071114;0,0007155293;(-0.636941500, 1.462556000, 0.421194000);(359.37, 299.15, 147.14);(-0.190832400, 1.649436000, 0.052669020);0,608069300;4,389531;4,426198;;;-0,6369415;1,462556;0,421194
0,8000008;0,2466394110;0,0002322996;(-0.637096000, 1.462559000, 0.421020500);(359.53, 299.02, 146.69);(-0.190629900, 1.649403000, 0.052538600);0,608294200;4,389559;4,426146;;;-0,637096;1,462559;0,4210205
0,8111119;0,2460903495;0,0005490615;(-0.637260000, 1.462950000, 0.421369200);(359.56, 298.99, 146.22);(-0.190394000, 1.649406000, 0.052330700);0,608805900;4,38932;4,425831;;;-0,63726;1,46295;0,4213692
0,8222231;0,2456783745;0,000411975;(-0.637190900, 1.462894000, 0.421771500);(359.46, 299.06, 146.24);(-0.190228000, 1.649437000, 0.052224610);0,609212000;4,389058;4,425697;;;-0,6371909;1,462894;0,4217715
0,8333342;0,2452600391;0,0004183354;(-0.637219300, 1.462880000, 0.422188600);(359.35, 299.17, 146.62);(-0.190037400, 1.649473000, 0.052139610);0,609692500;4,388736;4,425471;;;-0,6372193;1,46288;0,4221886
0,8444453;0,2450782761;0,000181763;(-0.637166100, 1.462825000, 0.422353400);(359.34, 299.33, 147.02);(-0.189862700, 1.649536000, 0.052020460);0,609990200;4,388635;4,425438;;;-0,6371661;1,462825;0,4223534
0,8555565;0,2455117386;0,0004334625;(-0.637356800, 1.462783000, 0.421966400);(359.31, 299.48, 147.39);(-0.189700600, 1.649571000, 0.051895170);0,610113500;4,388781;4,425458;;;-0,6373568;1,462783;0,4219664
0,8666676;0,2461220627;0,0006103241;(-0.637412500, 1.462607000, 0.421384700);(359.32, 299.39, 147.52);(-0.189491500, 1.649678000, 0.051709740);0,610154600;4,389112;4,425693;;;-0,6374125;1,462607;0,4213847
0,8777788;0,2465443111;0,0004222484;(-0.637582200, 1.462514000, 0.421009200);(359.34, 299.23, 147.34);(-0.189343500, 1.649735000, 0.051514660);0,610324300;4,389247;4,425726;;;-0,6375822;1,462514;0,4210092
0,8888899;0,2470679319;0,0005236208;(-0.637560800, 1.462156000, 0.420627700);(359.42, 299.08, 147.12);(-0.189174500, 1.649727000, 0.051321300);0,610426100;4,389431;4,425932;;;-0,6375608;1,462156;0,4206277
0,900001;0,2469345918;0,0001333401;(-0.637598800, 1.462274000, 0.420678200);(359.55, 298.96, 146.78);(-0.189075400, 1.649773000, 0.051141860);0,610644300;4,389405;4,425874;;;-0,6375988;1,462274;0,4206782
0,9111122;0,2465059667;0,0004286251;(-0.637571500, 1.462515000, 0.421031600);(359.53, 298.96, 146.78);(-0.188981100, 1.649893000, 0.050867740);0,611036100;4,389238;4,425725;;;-0,6375715;1,462515;0,4210316
0,9222233;0,2461043302;0,0004016365;(-0.637504300, 1.462703000, 0.421380100);(359.43, 299.05, 146.89);(-0.188902200, 1.649959000, 0.050693360);0,611324500;4,389085;4,425613;;;-0,6375043;1,462703;0,4213801
0,9333345;0,2456962566;0,0004080736;(-0.637234600, 1.462717000, 0.421686000);(359.36, 299.20, 146.97);(-0.188877000, 1.650031000, 0.050499080);0,611465900;4,38904;4,425702;;;-0,6372346;1,462717;0,421686
0,9444456;0,2455474434;0,0001488132;(-0.637256100, 1.462824000, 0.421787900);(359.29, 299.35, 147.14);(-0.188925600, 1.650078000, 0.050233690);0,611651100;4,388984;4,425632;;;-0,6372561;1,462824;0,4217879
