time;total distance traveled;distance to prev position;ray position;hmd position;distance to prev target;distance to current target
(-3.382341000, 2.588079000, 3.736202000);(-1.845956000, 1.796419000, 4.742580000);0,2444444;0,2333333

0;-0,002139459;0,002139459;(-3.384565000, 2.566521000, 3.732852000);(-0.147302400, 1.683025000, 0.037419510);0,02192965;1,994975;;;-3,384565;2,566521;3,732852
0,01111111;0,002448133;0,004587592;(-3.387989000, 2.564813000, 3.730320000);(-0.147284600, 1.683036000, 0.037336190);0,02465319;1,99824;;;-3,387989;2,564813;3,73032
0,02222222;0,0032905284;0,0008423954;(-3.387973000, 2.563973000, 3.730261000);(-0.147187900, 1.682922000, 0.037279320);0,0254578;1,997935;;;-3,387973;2,563973;3,730261
0,03333334;-0,0037308886;0,007021417;(-3.383200000, 2.567620000, 3.733897000);(-0.147272200, 1.682952000, 0.037225920);0,02060652;1,993818;;;-3,3832;2,56762;3,733897
0,04444445;-0,0120181726;0,008287284;(-3.376494000, 2.568630000, 3.738661000);(-0.147255100, 1.682963000, 0.037169530);0,02045766;1,986632;;;-3,376494;2,56863;3,738661
0,05555556;-0,0213729436;0,009354771;(-3.371402000, 2.575313000, 3.742773000);(-0.147266900, 1.682948000, 0.037020580);0,01805109;1,983248;;;-3,371402;2,575313;3,742773
0,06666667;-0,0249086986;0,003535755;(-3.372074000, 2.578779000, 3.742593000);(-0.147224900, 1.682973000, 0.036949590);0,01525639;1,985219;;;-3,372074;2,578779;3,742593
0,07777778;-0,0147456686;0,01016303;(-3.376154000, 2.570181000, 3.739028000);(-0.147231900, 1.682991000, 0.036869600);0,01914648;1,986789;;;-3,376154;2,570181;3,739028
0,08888889;-0,0124328496;0,002312819;(-3.377689000, 2.568913000, 3.737851000);(-0.147135900, 1.683000000, 0.036737640);0,01979082;1,988073;;;-3,377689;2,568913;3,737851
0,1;0,0031263204;0,01555917;(-3.387137000, 2.559024000, 3.730432000);(-0.147101000, 1.683022000, 0.036701990);0,03000789;1,995306;;;-3,387137;2,559024;3,730432
0,1111111;0,0126203154;0,009493995;(-3.381592000, 2.552055000, 3.733721000);(-0.147062900, 1.683072000, 0.036660810);0,03611721;1,986695;;;-3,381592;2,552055;3,733721
0,1222222;0,0165191064;0,003898791;(-3.378421000, 2.551338000, 3.735874000);(-0.147036800, 1.683210000, 0.036806840);0,03695101;1,982879;;;-3,378421;2,551338;3,735874
0,1333333;0,0141559294;0,002363177;(-3.376639000, 2.552166000, 3.737187000);(-0.147007300, 1.683210000, 0.036805050);0,03637594;1,981151;;;-3,376639;2,552166;3,737187
0,1444445;0,0225628554;0,008406926;(-3.369884000, 2.550062000, 3.741727000);(-0.146916100, 1.683138000, 0.036690490);0,04038532;1,972825;;;-3,369884;2,550062;3,741727
0,1555556;0,0283196634;0,005756808;(-3.365180000, 2.550346000, 3.745034000);(-0.146957200, 1.683122000, 0.036591130);0,0423828;1,967624;;;-3,36518;2,550346;3,745034
0,1666667;0,0197863094;0,008533354;(-3.363051000, 2.558325000, 3.747185000);(-0.147116400, 1.682995000, 0.036562520);0,03712214;1,967965;;;-3,363051;2,558325;3,747185
0,1777778;0,0165271184;0,003259191;(-3.365712000, 2.558819000, 3.745369000);(-0.147214600, 1.682996000, 0.036486280);0,03488113;1,971127;;;-3,365712;2,558819;3,745369
0,1888889;0,0245322554;0,008005137;(-3.367427000, 2.551217000, 3.743538000);(-0.147299800, 1.683053000, 0.036508630);0,04043572;1,970451;;;-3,367427;2,551217;3,743538
0,2;0,0323263114;0,007794056;(-3.372705000, 2.547132000, 3.739513000);(-0.147407700, 1.683066000, 0.036498980);0,04219573;1,975012;;;-3,372705;2,547132;3,739513
0,2111111;0,0280084214;0,00431789;(-3.375865000, 2.549265000, 3.737486000);(-0.147412900, 1.683087000, 0.036614430);0,03937143;1,979295;;;-3,375865;2,549265;3,737486
0,2222222;0,0446905514;0,01668213;(-3.363292000, 2.541948000, 3.745652000);(-0.147500100, 1.683170000, 0.036588920);0,0507959;1,962648;;;-3,363292;2,541948;3,745652
0,2333333;0,0800325514;0,035342;(-3.336384000, 2.527219000, 3.763205000);(-0.147594100, 1.683163000, 0.036549290);0,08090175;1,927335;;;-3,336384;2,527219;3,763205
0,2444444;0,1181323814;0,03809983;(-3.307467000, 2.511080000, 3.782043000);(-0.147687200, 1.683106000, 0.036497790);0,1167752;1,889281;;;-3,307467;2,51108;3,782043
0,2555556;0,1817526914;0,06362031;(-3.257764000, 2.488730000, 3.814872000);(-0.147783000, 1.683033000, 0.036449630);0,1777034;1,825689;;;-3,257764;2,48873;3,814872
0,2666667;0,2605911114;0,07883842;(-3.196817000, 2.458772000, 3.854914000);(-0.147914200, 1.682836000, 0.036286070);0,2554061;1,74685;;;-3,196817;2,458772;3,854914
0,2777778;0,3334008314;0,07280972;(-3.139471000, 2.434997000, 3.892960000);(-0.148042100, 1.682672000, 0.036034660);0,327098;1,674161;;;-3,139471;2,434997;3,89296
0,2888889;0,4330784714;0,09967764;(-3.061118000, 2.401826000, 3.944884000);(-0.148048100, 1.682262000, 0.035725970);0,4259375;1,574628;;;-3,061118;2,401826;3,944884
0,3;0,5377767714;0,1046983;(-2.979498000, 2.364410000, 3.998734000);(-0.148105100, 1.681837000, 0.035448740);0,5303152;1,469978;;;-2,979498;2,36441;3,998734
0,3111111;0,6552772714;0,1175005;(-2.888637000, 2.319844000, 4.058438000);(-0.148174600, 1.681411000, 0.035065370);0,6477117;1,352481;;;-2,888637;2,319844;4,058438
0,3222222;0,7652048714;0,1099276;(-2.806397000, 2.269989000, 4.111685000);(-0.148317800, 1.681247000, 0.034708930);0,7575489;1,242877;;;-2,806397;2,269989;4,111685
0,3333333;0,8639196014;0,09871473;(-2.733634000, 2.222477000, 4.158511000);(-0.148403300, 1.681024000, 0.034338970);0,8560557;1,144829;;;-2,733634;2,222477;4,158511
0,3444445;0,9510244614;0,08710486;(-2.666117000, 2.189984000, 4.202929000);(-0.148518400, 1.680856000, 0.033938480);0,9430223;1,057724;;;-2,666117;2,189984;4,202929
0,3555556;1,0645221614;0,1134977;(-2.575889000, 2.156552000, 4.263120000);(-0.148697400, 1.680746000, 0.033507240);1,055568;0,9446584;;;-2,575889;2,156552;4,26312
0,3666667;1,1789638614;0,1144417;(-2.486608000, 2.115891000, 4.322047000);(-0.148886500, 1.680623000, 0.033188720);1,169835;0,8302676;;;-2,486608;2,115891;4,322047
0,3777778;1,2899856614;0,1110218;(-2.401015000, 2.072931000, 4.378208000);(-0.149100700, 1.680633000, 0.032811360);1,28084;0,7192462;;;-2,401015;2,072931;4,378208
0,3888889;1,3840250714;0,09403941;(-2.329657000, 2.033045000, 4.424690000);(-0.149431700, 1.680717000, 0.032350560);1,374854;0,6253092;;;-2,329657;2,033045;4,42469
0,4;1,4756708814;0,09164581;(-2.260211000, 1.993899000, 4.469899000);(-0.149666700, 1.680851000, 0.032017960);1,466471;0,5338164;;;-2,260211;1,993899;4,469899
0,4111111;1,5527832514;0,07711237;(-2.203081000, 1.957495000, 4.506740000);(-0.149919900, 1.681060000, 0.031636250);1,543379;0,4572789;;;-2,203081;1,957495;4,50674
0,4222222;1,6320417914;0,07925854;(-2.142908000, 1.923966000, 4.545944000);(-0.150141900, 1.681213000, 0.031470250);1,622628;0,3783046;;;-2,142908;1,923966;4,545944
0,4333333;1,7013889014;0,06934711;(-2.089503000, 1.896943000, 4.580967000);(-0.150331900, 1.681369000, 0.031297880);1,69196;0,3090931;;;-2,089503;1,896943;4,580967
0,4444444;1,7693571814;0,06796828;(-2.037674000, 1.868860000, 4.614802000);(-0.150490000, 1.681453000, 0.031261640);1,759928;0,241517;;;-2,037674;1,86886;4,614802
0,4555556;1,8208472714;0,05149009;(-1.997921000, 1.849120000, 4.640903000);(-0.150624100, 1.681656000, 0.031178370);1,811399;0,190286;;;-1,997921;1,84912;4,640903
0,4666667;1,8697619714;0,0489147;(-1.960147000, 1.830399000, 4.665709000);(-0.150638200, 1.681767000, 0.031126160);1,860295;0,1417862;;;-1,960147;1,830399;4,665709
0,4777778;1,8852474214;0,01548545;(-1.949549000, 1.821264000, 4.672344000);(-0.150599200, 1.682042000, 0.031251210);1,875436;0,1276;;;-1,949549;1,821264;4,672344
0,4888889;1,8995904514;0,01434303;(-1.940600000, 1.811457000, 4.677773000);(-0.150592200, 1.682146000, 0.031427820);1,888998;0,1156875;;;-1,9406;1,811457;4,677773
0,5;1,9102575414;0,01066709;(-1.934263000, 1.803755000, 4.681554000);(-0.150505400, 1.682390000, 0.031709270);1,89889;0,1075922;;;-1,934263;1,803755;4,681554
0,5111111;1,9006936434;0,009563898;(-1.942107000, 1.803801000, 4.676083000);(-0.150379300, 1.682444000, 0.032022190);1,89017;0,1171384;;;-1,942107;1,803801;4,676083
0,5222223;1,9072964474;0,006602804;(-1.940236000, 1.797518000, 4.676865000);(-0.150269600, 1.682515000, 0.032278730);1,894598;0,1149274;;;-1,940236;1,797518;4,676865
0,5333334;1,9202125874;0,01291614;(-1.937963000, 1.784814000, 4.677391000);(-0.150042700, 1.682479000, 0.032610490);1,90192;0,1133559;;;-1,937963;1,784814;4,677391
0,5444446;1,9369546574;0,01674207;(-1.932188000, 1.769340000, 4.680132000);(-0.149738100, 1.682358000, 0.032806230);1,914231;0,1098584;;;-1,932188;1,76934;4,680132
0,5555557;1,9499947574;0,0130401;(-1.925431000, 1.758871000, 4.683976000);(-0.149378100, 1.682223000, 0.033212380);1,925734;0,1056431;;;-1,925431;1,758871;4,683976
0,5666668;1,9579643984;0,007969641;(-1.920192000, 1.753810000, 4.687211000);(-0.149034300, 1.681986000, 0.033444480);1,933469;0,1019422;;;-1,920192;1,75381;4,687211
0,577778;1,9684373084;0,01047291;(-1.912866000, 1.747925000, 4.691833000);(-0.148776000, 1.681632000, 0.033691000);1,943823;0,09697276;;;-1,912866;1,747925;4,691833
0,5888891;1,9821402884;0,01370298;(-1.903080000, 1.740626000, 4.698056000);(-0.148569700, 1.681456000, 0.033991110);1,957436;0,09142343;;;-1,90308;1,740626;4,698056
0,6000003;1,9913018974;0,009161609;(-1.895560000, 1.740381000, 4.703284000);(-0.148283400, 1.681237000, 0.034261360);1,965797;0,0845275;;;-1,89556;1,740381;4,703284
0,6111114;2,0021957974;0,0108939;(-1.886741000, 1.738072000, 4.709248000);(-0.148034700, 1.681071000, 0.034516650);1,976399;0,07860518;;;-1,886741;1,738072;4,709248
0,6222225;2,0202648774;0,01806908;(-1.876568000, 1.750589000, 4.717392000);(-0.147778300, 1.680946000, 0.034803820);1,982796;0,06059611;;;-1,876568;1,750589;4,717392
0,6333337;2,0353644974;0,01509962;(-1.866687000, 1.759104000, 4.724998000);(-0.147685400, 1.680757000, 0.034944130);1,990509;0,04616568;;;-1,866687;1,759104;4,724998
0,6444448;2,0198948574;0,01546964;(-1.866166000, 1.774477000, 4.726644000);(-0.147461800, 1.680509000, 0.035219450);1,985374;0,03382087;;;-1,866166;1,774477;4,726644
0,655556;2,0079593974;0,01193546;(-1.874110000, 1.781899000, 4.721718000);(-0.147315200, 1.680464000, 0.035435750);1,973811;0,03792977;;;-1,87411;1,781899;4,721718
0,6666671;2,0066433314;0,001316066;(-1.874657000, 1.780800000, 4.721244000);(-0.147224400, 1.680407000, 0.035603720);1,973606;0,03902439;;;-1,874657;1,7808;4,721244
0,6777782;2,0102617044;0,003618373;(-1.872769000, 1.777908000, 4.722322000);(-0.147091900, 1.680335000, 0.035902100);1,97677;0,03836637;;;-1,872769;1,777908;4,722322
0,6888894;2,0137889484;0,003527244;(-1.871302000, 1.774792000, 4.723085000);(-0.147025000, 1.680280000, 0.035935770);1,979549;0,03860259;;;-1,871302;1,774792;4,723085
0,7000005;2,0233065754;0,009517627;(-1.865608000, 1.767968000, 4.726491000);(-0.146985100, 1.680146000, 0.035982210);1,9884;0,03813757;;;-1,865608;1,767968;4,726491
0,7111117;2,0372437654;0,01393719;(-1.855309000, 1.761322000, 4.733125000);(-0.146942600, 1.679979000, 0.035971840);2,002301;0,03753233;;;-1,855309;1,761322;4,733125
0,7222228;2,0499306354;0,01268687;(-1.847171000, 1.752962000, 4.738108000);(-0.147059800, 1.679837000, 0.036062790);2,014444;0,04370375;;;-1,847171;1,752962;4,738108
0,7333339;2,0605442054;0,01061357;(-1.840779000, 1.745404000, 4.741940000);(-0.147076000, 1.679747000, 0.035931600);2,024357;0,05128057;;;-1,840779;1,745404;4,74194
0,7444451;2,0680896714;0,007545466;(-1.834621000, 1.745860000, 4.746276000);(-0.147066300, 1.679653000, 0.035892800);2,031014;0,05194556;;;-1,834621;1,74586;4,746276
0,7555562;2,0499694314;0,01812024;(-1.840105000, 1.762963000, 4.743874000);(-0.147079900, 1.679610000, 0.035830690);2,018592;0,03398865;;;-1,840105;1,762963;4,743874
0,7666674;2,0298360214;0,02013341;(-1.847034000, 1.781579000, 4.740590000);(-0.147186200, 1.679475000, 0.035697710);2,004097;0,01501154;;;-1,847034;1,781579;4,74059
0,7777785;2,0149483514;0,01488767;(-1.854849000, 1.793438000, 4.736125000);(-0.147203100, 1.679476000, 0.035569560);1,991114;0,01138577;;;-1,854849;1,793438;4,736125
0,7888896;2,0076524944;0,007295857;(-1.860801000, 1.794593000, 4.732066000);(-0.147314300, 1.679473000, 0.035407140);1,984049;0,0182819;;;-1,860801;1,794593;4,732066
0,8000008;2,0014157514;0,006236743;(-1.864223000, 1.790167000, 4.729309000);(-0.147399200, 1.679530000, 0.035318810);1,98182;0,02342771;;;-1,864223;1,790167;4,729309
0,8111119;1,9883894114;0,01302634;(-1.869309000, 1.779043000, 4.724831000);(-0.147504200, 1.679592000, 0.035187910);1,9802;0,03409278;;;-1,869309;1,779043;4,724831
0,8222231;1,9820915074;0,006297904;(-1.873472000, 1.775561000, 4.721635000);(-0.147536200, 1.679683000, 0.035075140);1,976854;0,04038375;;;-1,873472;1,775561;4,721635
0,8333342;1,9885112674;0,00641976;(-1.874403000, 1.769318000, 4.720465000);(-0.147604300, 1.679761000, 0.034972800);1,978136;0,04508587;;;-1,874403;1,769318;4,720465
0,8444453;1,9963215934;0,007810326;(-1.869838000, 1.763588000, 4.723173000);(-0.147623800, 1.679810000, 0.034877430);1,985337;0,04499842;;;-1,869838;1,763588;4,723173
0,8555565;2,0120074834;0,01568589;(-1.857875000, 1.768682000, 4.731947000);(-0.147700100, 1.679825000, 0.034695340);1,996727;0,03200749;;;-1,857875;1,768682;4,731947
0,8666676;2,0164927514;0,004485268;(-1.855577000, 1.772040000, 4.733832000);(-0.147696000, 1.679788000, 0.034579890);1,998048;0,02762957;;;-1,855577;1,77204;4,733832
0,8777788;2,0222690734;0,005776322;(-1.854930000, 1.766300000, 4.733805000);(-0.147610800, 1.679836000, 0.034453590);2,000879;0,03262902;;;-1,85493;1,7663;4,733805
0,8888899;2,0177102484;0,004558825;(-1.858161000, 1.764196000, 4.731374000);(-0.147599000, 1.679829000, 0.034304100);1,998068;0,0362337;;;-1,858161;1,764196;4,731374
0,900001;2,0162971404;0,001413108;(-1.858137000, 1.765602000, 4.731509000);(-0.147550200, 1.679852000, 0.034211050);1,997575;0,03493721;;;-1,858137;1,765602;4,731509
0,9111122;2,0222376334;0,005940493;(-1.854913000, 1.769859000, 4.734113000);(-0.147504800, 1.680015000, 0.034144240);1,999587;0,02928076;;;-1,854913;1,769859;4,734113
0,9222233;2,0154243234;0,00681331;(-1.854383000, 1.776587000, 4.735044000);(-0.147576800, 1.680104000, 0.034103170);1,997714;0,02282729;;;-1,854383;1,776587;4,735044
0,9333345;2,0084668634;0,00695746;(-1.859116000, 1.780741000, 4.732087000);(-0.147520100, 1.680197000, 0.034088210);1,990929;0,02300157;;;-1,859116;1,780741;4,732087
0,9444456;2,0051506154;0,003316248;(-1.861553000, 1.782355000, 4.730520000);(-0.147377700, 1.680203000, 0.033930610);1,987626;0,02421724;;;-1,861553;1,782355;4,73052
0,9555568;2,0121045254;0,00695391;(-1.859698000, 1.775694000, 4.731260000);(-0.147313300, 1.680178000, 0.033867910);1,992123;0,02732171;;;-1,859698;1,775694;4,73126
