time;total distance traveled;distance to prev position;ray position;hmd position;distance to prev target;distance to current target
(-3.404364000, 0.175501200, 3.576007000);(-4.510715000, 1.497681000, 2.562190000);0,2777778;0,2666667

0;-0,004002898;0,004002898;(-3.383005000, 0.190558900, 3.602306000);(-0.195448800, 1.649879000, 0.055648710);0,03707467;2,015475;;;-3,383005;0,1905589;3,602306
0,01111111;0,000379580;0,004382478;(-3.380221000, 0.191484200, 3.605562000);(-0.195424200, 1.649832000, 0.055657300);0,04137349;2,018116;;;-3,380221;0,1914842;3,605562
0,02222222;0,007334561;0,006954981;(-3.376134000, 0.194092100, 3.610548000);(-0.195291500, 1.649655000, 0.055746700);0,04832801;2,021305;;;-3,376134;0,1940921;3,610548
0,03333334;0,013310172;0,005975611;(-3.372569000, 0.196176100, 3.614867000);(-0.195169400, 1.649554000, 0.055683400);0,0542996;2,024209;;;-3,372569;0,1961761;3,614867
0,04444445;0,016410099;0,003099927;(-3.370538000, 0.196508200, 3.617186000);(-0.195066700, 1.649444000, 0.055711180);0,05728101;2,026344;;;-3,370538;0,1965082;3,617186
0,05555556;0,007532208;0,008877891;(-3.374841000, 0.191206800, 3.611511000);(-0.194952700, 1.649468000, 0.055766670);0,04877286;2,024392;;;-3,374841;0,1912068;3,611511
0,06666667;0,000394874;0,007137334;(-3.377258000, 0.185557100, 3.607881000);(-0.194893000, 1.649436000, 0.055786700);0,043032;2,024812;;;-3,377258;0,1855571;3,607881
0,07777778;0,005421697;0,005026823;(-3.376256000, 0.180640600, 3.608183000);(-0.194882100, 1.649392000, 0.055846600);0,04303211;2,028718;;;-3,376256;0,1806406;3,608183
0,08888889;0,0058172208;0,0003955238;(-3.375989000, 0.180602300, 3.608473000);(-0.194860600, 1.649436000, 0.055792420);0,04341835;2,029041;;;-3,375989;0,1806023;3,608473
0,1;0,0093872268;0,003570006;(-3.374969000, 0.183607200, 3.610109000);(-0.194859300, 1.649479000, 0.055841650);0,04574547;2,028508;;;-3,374969;0,1836072;3,610109
0,1111111;0,0137617918;0,004374565;(-3.373293000, 0.186853300, 3.612515000);(-0.194859200, 1.649472000, 0.055867340);0,04926524;2,028591;;;-3,373293;0,1868533;3,612515
0,1222222;0,0159275778;0,002165786;(-3.372026000, 0.187680300, 3.614064000);(-0.194892500, 1.649438000, 0.055810540);0,0514044;2,029571;;;-3,372026;0,1876803;3,614064
0,1333333;0,0184804238;0,002552846;(-3.370531000, 0.188650800, 3.615892000);(-0.194919300, 1.649454000, 0.055837900);0,05392926;2,030731;;;-3,370531;0,1886508;3,615892
0,1444445;0,0162477948;0,002232629;(-3.370749000, 0.186511000, 3.615294000);(-0.194944700, 1.649463000, 0.055780980);0,05286389;2,031679;;;-3,370749;0,186511;3,615294
0,1555556;0,0087139778;0,007533817;(-3.375100000, 0.183480300, 3.609942000);(-0.194933100, 1.649444000, 0.055784080);0,04551471;2,028431;;;-3,3751;0,1834803;3,609942
0,1666667;0,0021163838;0,006597594;(-3.379202000, 0.181730900, 3.605080000);(-0.194906600, 1.649350000, 0.055794090);0,03895026;2,024763;;;-3,379202;0,1817309;3,60508
0,1777778;-0,0083892262;0,01050561;(-3.385759000, 0.179036600, 3.597327000);(-0.194929700, 1.649308000, 0.055802970);0,02851551;2,018875;;;-3,385759;0,1790366;3,597327
0,1888889;-0,0239003262;0,0155111;(-3.396195000, 0.181062500, 3.586032000);(-0.194976900, 1.649329000, 0.055809890);0,014076;2,005964;;;-3,396195;0,1810625;3,586032
0,2;-0,0296769992;0,005776673;(-3.399980000, 0.180447000, 3.581711000);(-0.195036500, 1.649367000, 0.055825770);0,008729766;2,002064;;;-3,39998;0,180447;3,581711
0,2111111;-0,0214740172;0,008202982;(-3.395247000, 0.183758300, 3.587535000);(-0.195097300, 1.649517000, 0.055766700);0,01685785;2,005491;;;-3,395247;0,1837583;3,587535
0,2222222;-0,0148296402;0,006644377;(-3.393145000, 0.189165100, 3.590775000);(-0.195186200, 1.649549000, 0.055794780);0,02303573;2,004786;;;-3,393145;0,1891651;3,590775
0,2333333;-0,0059132582;0,008916382;(-3.391273000, 0.197186400, 3.594189000);(-0.195107700, 1.649504000, 0.055770130);0,03117995;2,002364;;;-3,391273;0,1971864;3,594189
0,2444444;0,0004691468;0,006382405;(-3.393195000, 0.203162600, 3.593038000);(-0.195146400, 1.649545000, 0.055780800);0,03435002;1,996817;;;-3,393195;0,2031626;3,593038
0,2555556;0,0217147168;0,02124557;(-3.404900000, 0.217299300, 3.582337000);(-0.195179400, 1.649618000, 0.055845380);0,04227801;1,975577;;;-3,4049;0,2172993;3,582337
0,2666667;0,0496542968;0,02793958;(-3.421156000, 0.234066200, 3.566999000);(-0.195179900, 1.649653000, 0.055941100);0,06158735;1,947692;;;-3,421156;0,2340662;3,566999
0,2777778;0,0902672468;0,04061295;(-3.446100000, 0.254914700, 3.542657000);(-0.195244400, 1.649760000, 0.056047500);0,09571151;1,907666;;;-3,4461;0,2549147;3,542657
0,2888889;0,1428342568;0,05256701;(-3.480222000, 0.274704000, 3.507910000);(-0.195264000, 1.649772000, 0.056167990);0,1422428;1,857949;;;-3,480222;0,274704;3,50791
0,3;0,1999610468;0,05712679;(-3.517463000, 0.295357500, 3.469830000);(-0.195293900, 1.649881000, 0.056298730);0,196037;1,804423;;;-3,517463;0,2953575;3,46983
0,3111111;0,2614571068;0,06149606;(-3.557143000, 0.319692300, 3.429643000);(-0.195384500, 1.650033000, 0.056356160);0,2560377;1,746262;;;-3,557143;0,3196923;3,429643
0,3222222;0,3377626368;0,07630553;(-3.603760000, 0.359620100, 3.384309000);(-0.195403800, 1.650111000, 0.056536110);0,3322756;1,671416;;;-3,60376;0,3596201;3,384309
0,3333333;0,4125887668;0,07482613;(-3.644440000, 0.410427800, 3.347394000);(-0.195346700, 1.650125000, 0.056707110);0,406314;1,59659;;;-3,64444;0,4104278;3,347394
0,3444445;0,4958134468;0,08322468;(-3.682741000, 0.477210500, 3.315780000);(-0.195338500, 1.650158000, 0.056904350);0,486046;1,51486;;;-3,682741;0,4772105;3,31578
0,3555556;0,5713288168;0,07551537;(-3.719754000, 0.534904500, 3.284093000);(-0.195338600, 1.650233000, 0.057094420);0,5602279;1,440036;;;-3,719754;0,5349045;3,284093
0,3666667;0,6586890968;0,08736028;(-3.762944000, 0.601129100, 3.246936000);(-0.195265100, 1.650184000, 0.057280480);0,6465502;1,353456;;;-3,762944;0,6011291;3,246936
0,3777778;0,7492175968;0,0905285;(-3.812800000, 0.661405900, 3.201367000);(-0.195314300, 1.650140000, 0.057511480);0,7370746;1,262929;;;-3,8128;0,6614059;3,201367
0,3888889;0,8474850268;0,09826743;(-3.868596000, 0.723453600, 3.149469000);(-0.195317500, 1.650099000, 0.057738570);0,8352833;1,16475;;;-3,868596;0,7234536;3,149469
0,4;0,9428973868;0,09541236;(-3.924064000, 0.780816900, 3.097160000);(-0.195293800, 1.650029000, 0.057954640);0,9304786;1,069695;;;-3,924064;0,7808169;3,09716
0,4111111;1,0339701368;0,09107275;(-3.975327000, 0.839259500, 3.049717000);(-0.195207900, 1.650035000, 0.058217670);1,021546;0,9786943;;;-3,975327;0,8392595;3,049717
0,4222222;1,1228111068;0,08884097;(-4.026415000, 0.893951100, 3.001847000);(-0.195033800, 1.649926000, 0.058296890);1,110306;0,890132;;;-4,026415;0,8939511;3,001847
0,4333333;1,2097315068;0,0869204;(-4.075447000, 0.949510500, 2.956414000);(-0.194929300, 1.649870000, 0.058409150);1,197222;0,8033442;;;-4,075447;0,9495105;2,956414
0,4444444;1,2878631468;0,07813164;(-4.119235000, 1.000038000, 2.915990000);(-0.194781300, 1.649857000, 0.058531140);1,275353;0,7253134;;;-4,119235;1,000038;2,91599
0,4555556;1,3638274568;0,07596431;(-4.160205000, 1.052212000, 2.878978000);(-0.194656600, 1.649786000, 0.058565800);1,35121;0,6493492;;;-4,160205;1,052212;2,878978
0,4666667;1,4350681468;0,07124069;(-4.197853000, 1.102486000, 2.845355000);(-0.194396300, 1.649811000, 0.058660120);1,422244;0,5781391;;;-4,197853;1,102486;2,845355
0,4777778;1,5014513568;0,06638321;(-4.230169000, 1.153504000, 2.817796000);(-0.194186500, 1.649773000, 0.058575900);1,487726;0,5123459;;;-4,230169;1,153504;2,817796
0,4888889;1,5666388368;0,06518748;(-4.264747000, 1.199288000, 2.786849000);(-0.194026300, 1.649768000, 0.058537930);1,552794;0,4472261;;;-4,264747;1,199288;2,786849
0,5;1,6215583568;0,05491952;(-4.295140000, 1.235569000, 2.758992000);(-0.193874900, 1.649796000, 0.058443960);1,607713;0,3923091;;;-4,29514;1,235569;2,758992
0,5111111;1,6697391268;0,04818077;(-4.321203000, 1.268523000, 2.735408000);(-0.193635400, 1.649766000, 0.058336590);1,655867;0,3441413;;;-4,321203;1,268523;2,735408
0,5222223;1,7073446168;0,03760549;(-4.339504000, 1.297432000, 2.719804000);(-0.193483400, 1.649836000, 0.058205010);1,693015;0,3070101;;;-4,339504;1,297432;2,719804
0,5333334;1,7469078968;0,03956328;(-4.354461000, 1.332409000, 2.708933000);(-0.193357400, 1.649957000, 0.058029260);1,730011;0,2706733;;;-4,354461;1,332409;2,708933
0,5444446;1,7870023668;0,04009447;(-4.371438000, 1.366201000, 2.695614000);(-0.193288000, 1.650068000, 0.057895300);1,768641;0,2334247;;;-4,371438;1,366201;2,695614
0,5555557;1,8098524568;0,02285009;(-4.379077000, 1.387137000, 2.690570000);(-0.193215400, 1.650226000, 0.057682780);1,789449;0,2145459;;;-4,379077;1,387137;2,69057
0,5666668;1,8349196368;0,02506718;(-4.389159000, 1.408776000, 2.682921000);(-0.193289600, 1.650338000, 0.057317410);1,813392;0,1930184;;;-4,389159;1,408776;2,682921
0,577778;1,8561118268;0,02119219;(-4.399823000, 1.424572000, 2.673655000);(-0.193254200, 1.650473000, 0.057004660);1,834491;0,1733969;;;-4,399823;1,424572;2,673655
0,5888891;1,8778585668;0,02174674;(-4.411006000, 1.440419000, 2.663819000);(-0.193189000, 1.650611000, 0.056639220);1,856188;0,1534581;;;-4,411006;1,440419;2,663819
0,7222228;2,0188090668;0,1409505;(-4.492320000, 1.526605000, 2.587484000);(-0.192163800, 1.650354000, 0.053673120);1,996574;0,04260044;;;-4,49232;1,526605;2,587484
0,7333339;2,0249407368;0,00613167;(-4.495628000, 1.523585000, 2.583297000);(-0.191993000, 1.650248000, 0.053523480);1,998415;0,03666273;;;-4,495628;1,523585;2,583297
0,7444451;2,0284236668;0,00348293;(-4.497961000, 1.524341000, 2.580823000);(-0.191800700, 1.650059000, 0.053374980);2,001428;0,0349379;;;-4,497961;1,524341;2,580823
0,7555562;2,0108018168;0,01762185;(-4.486266000, 1.525110000, 2.593983000);(-0.191577800, 1.649890000, 0.053217800);1,989052;0,04858919;;;-4,486266;1,52511;2,593983
0,7888896;2,0094537228;0,001348094;(-4.485731000, 1.523940000, 2.594387000);(-0.190832400, 1.649436000, 0.052669020);1,987768;0,04848095;;;-4,485731;1,52394;2,594387
0,8000008;2,0352732828;0,02581956;(-4.499956000, 1.511875000, 2.576534000);(-0.190629900, 1.649403000, 0.052538600);1,996288;0,02286875;;;-4,499956;1,511875;2,576534
0,8111119;2,0184496728;0,01682361;(-4.506213000, 1.499169000, 2.567454000);(-0.190394000, 1.649406000, 0.052330700);1,995833;0,007085113;;;-4,506213;1,499169;2,567454
0,8222231;2,0149073878;0,003542285;(-4.507371000, 1.496323000, 2.565692000);(-0.190228000, 1.649437000, 0.052224610);1,995478;0,005029353;;;-4,507371;1,496323;2,565692
0,8333342;2,0246073658;0,009699978;(-4.504581000, 1.504473000, 2.570151000);(-0.190037400, 1.649473000, 0.052139610);1,997096;0,01212988;;;-4,504581;1,504473;2,570151
0,8444453;2,0117387158;0,01286865;(-4.499136000, 1.513365000, 2.577694000);(-0.189862700, 1.649536000, 0.052020460);1,996256;0,02490804;;;-4,499136;1,513365;2,577694
0,8555565;1,9989623758;0,01277634;(-4.490631000, 1.513666000, 2.587222000);(-0.189700600, 1.649571000, 0.051895170);1,987047;0,03585439;;;-4,490631;1,513666;2,587222
0,8666676;1,9866402158;0,01232216;(-4.482703000, 1.515802000, 2.596411000);(-0.189491500, 1.649678000, 0.051709740);1,979604;0,0477924;;;-4,482703;1,515802;2,596411
0,8777788;1,9940462948;0,007406079;(-4.487554000, 1.514998000, 2.590872000);(-0.189343500, 1.649735000, 0.051514660);1,98445;0,04073086;;;-4,487554;1,514998;2,590872
0,8888899;2,0075718748;0,01352558;(-4.496432000, 1.513664000, 2.580756000);(-0.189174500, 1.649727000, 0.051321300);1,993444;0,02835778;;;-4,496432;1,513664;2,580756
0,900001;2,0208877948;0,01331592;(-4.503806000, 1.507527000, 2.571522000);(-0.189075400, 1.649773000, 0.051141860);1,998013;0,01522353;;;-4,503806;1,507527;2,571522
0,9111122;2,0352520648;0,01436427;(-4.509485000, 1.497081000, 2.563462000);(-0.188981100, 1.649893000, 0.050867740);1,998278;0,00186886;;;-4,509485;1,497081;2,563462
0,9222233;2,0367783188;0,001526254;(-4.509617000, 1.498598000, 2.563566000);(-0.188902200, 1.649959000, 0.050693360);1,999301;0,001985071;;;-4,509617;1,498598;2,563566
0,9333345;2,0474624188;0,0106841;(-4.505507000, 1.506506000, 2.569458000);(-0.188877000, 1.650031000, 0.050499080);1,999308;0,01256312;;;-4,505507;1,506506;2,569458
0,9444456;2,0342328188;0,0132296;(-4.497847000, 1.511779000, 2.578868000);(-0.188925600, 1.650078000, 0.050233690);1,993898;0,02534753;;;-4,497847;1,511779;2,578868
