time;total distance traveled;distance to prev position;ray position;hmd position;distance to prev target;distance to current target
(-4.159845000, 2.229684000, 2.985332000);(-3.948330000, 0.241123600, 3.015155000);0,3555556;0,2888889
True

0;-0,007485766;0,007485766;(-4.159101000, 2.230755000, 2.985584000);(-0.199931300, 1.665181000, -0.032370720);0,001328423;2,000983;;;-4,159101;2,230755;2,985584
0,01111111;0,010248014;0,01773378;(-4.174573000, 2.238024000, 2.980867000);(-0.200085000, 1.665359000, -0.032520090);0,01750488;2,009968;;;-4,174573;2,238024;2,980867
0,02222222;0,019033524;0,00878551;(-4.182956000, 2.238159000, 2.978241000);(-0.200050700, 1.665467000, -0.032735020);0,02561733;2,01111;;;-4,182956;2,238159;2,978241
0,03333334;0,014932315;0,004101209;(-4.180010000, 2.235444000, 2.979115000);(-0.200194200, 1.666647000, -0.032429130);0,02187346;2,008055;;;-4,18001;2,235444;2,979115
0,04444445;-0,007386055;0,02231837;(-4.159229000, 2.230443000, 2.985539000);(-0.200129100, 1.666708000, -0.032639530);0,0009987152;2,000686;;;-4,159229;2,230443;2,985539
0,05555556;0,007558165;0,01494422;(-4.145037000, 2.228909000, 2.989960000);(-0.200154400, 1.666879000, -0.032703490);0,01553401;1,997653;;;-4,145037;2,228909;2,98996
0,06666667;0,017760745;0,01020258;(-4.135716000, 2.231802000, 2.992936000);(-0.200090200, 1.666857000, -0.032923790);0,02538685;1,999601;;;-4,135716;2,231802;2,992936
0,07777778;0,002257375;0,01550337;(-4.150510000, 2.231839000, 2.988298000);(-0.200053300, 1.666910000, -0.033159760);0,01002942;2,001136;;;-4,15051;2,231839;2,988298
0,08888889;-0,014053065;0,01631044;(-4.166065000, 2.231397000, 2.983413000);(-0.200139000, 1.666974000, -0.033294470);0,006731181;2,0024;;;-4,166065;2,231397;2,983413
0,1;-0,018931942;0,004878877;(-4.161848000, 2.233439000, 2.984773000);(-0.200106900, 1.666916000, -0.033349840);0,004292979;2,003955;;;-4,161848;2,233439;2,984773
0,1111111;-0,002135092;0,01679685;(-4.146361000, 2.237677000, 2.989706000);(-0.200142300, 1.667014000, -0.033617050);0,01627364;2,006512;;;-4,146361;2,237677;2,989706
0,1222222;0,010924738;0,01305983;(-4.134993000, 2.242960000, 2.993368000);(-0.200082500, 1.667038000, -0.033795150);0,0292994;2,010639;;;-4,134993;2,24296;2,993368
0,1333333;0,018898016;0,007973278;(-4.134193000, 2.250884000, 2.993764000);(-0.200168600, 1.666996000, -0.034031660);0,03433002;2,018449;;;-4,134193;2,250884;2,993764
0,1444445;0,002557036;0,01634098;(-4.149008000, 2.256063000, 2.989214000);(-0.200097400, 1.667053000, -0.034252910);0,02878169;2,025074;;;-4,149008;2,256063;2,989214
0,1555556;-0,014063024;0,01662006;(-4.163825000, 2.250223000, 2.984461000);(-0.200259000, 1.666968000, -0.034474160);0,02093917;2,020856;;;-4,163825;2,250223;2,984461
0,1666667;-0,031876544;0,01781352;(-4.167108000, 2.232767000, 2.983111000);(-0.200189400, 1.666912000, -0.034678370);0,008196366;2,003879;;;-4,167108;2,232767;2,983111
0,1777778;-0,015801204;0,01607534;(-4.158934000, 2.219119000, 2.985424000);(-0.200131400, 1.667077000, -0.034773980);0,01060443;1,989398;;;-4,158934;2,219119;2,985424
0,1888889;-0,009767480;0,006033724;(-4.153298000, 2.220323000, 2.987213000);(-0.200217300, 1.667051000, -0.035006020);0,01157665;1,989981;;;-4,153298;2,220323;2,987213
0,2;-0,027405370;0,01763789;(-4.156835000, 2.237585000, 2.986421000);(-0.200178600, 1.667084000, -0.035193890);0,008524423;2,007525;;;-4,156835;2,237585;2,986421
0,2111111;-0,008408540;0,01899683;(-4.165495000, 2.254320000, 2.984012000);(-0.200222400, 1.667097000, -0.035425870);0,02531037;2,025115;;;-4,165495;2,25432;2,984012
0,2222222;0,000652942;0,009061482;(-4.172150000, 2.260143000, 2.982033000);(-0.200248900, 1.667125000, -0.035648320);0,03301611;2,031658;;;-4,17215;2,260143;2,982033
0,2333333;0,002241648;0,001588706;(-4.171168000, 2.261347000, 2.982363000);(-0.200368900, 1.667212000, -0.035712510);0,03375792;2,032741;;;-4,171168;2,261347;2,982363
0,2444444;-0,006331008;0,008572656;(-4.163012000, 2.260647000, 2.984907000);(-0.200420100, 1.667212000, -0.035898060);0,03112782;2,031127;;;-4,163012;2,260647;2,984907
0,2555556;-0,007698715;0,001367707;(-4.162182000, 2.259587000, 2.985148000);(-0.200553300, 1.667118000, -0.035977630);0,02999491;2,029982;;;-4,162182;2,259587;2,985148
0,2666667;-0,025462995;0,01776428;(-4.156000000, 2.243013000, 2.986782000);(-0.200626900, 1.666990000, -0.036101490);0,01394854;2,012832;;;-4,156;2,243013;2,986782
0,2777778;-0,006119015;0,01934398;(-4.140569000, 2.232312000, 2.991424000);(-0.200800700, 1.666783000, -0.036116030);0,02038612;2,000588;;;-4,140569;2,232312;2,991424
0,2888889;0,025807615;0,03192663;(-4.112445000, 2.219879000, 3.000014000);(-0.200888800, 1.666488000, -0.036203950);0,05058113;1,985608;;;-4,112445;2,219879;3,000014
0,3;0,041434105;0,01562649;(-4.098214000, 2.215134000, 3.004389000);(-0.201041700, 1.666228000, -0.036249370);0,06613076;1,979722;;;-4,098214;2,215134;3,004389
0,3111111;0,050506564;0,009072459;(-4.089631000, 2.216267000, 3.007101000);(-0.201269000, 1.665814000, -0.036244300);0,07472587;1,980208;;;-4,089631;2,216267;3,007101
0,3222222;0,036203294;0,01430327;(-4.103210000, 2.217777000, 3.002871000);(-0.201428600, 1.665260000, -0.036301110);0,06047205;1,98275;;;-4,10321;2,217777;3,002871
0,3333333;0,004845604;0,03135769;(-4.130591000, 2.205291000, 2.994056000);(-0.201655600, 1.664358000, -0.036264270);0,03907548;1,972718;;;-4,130591;2,205291;2,994056
0,3444445;0,071918404;0,0670728;(-4.183514000, 2.167882000, 2.976776000);(-0.201863400, 1.663530000, -0.036298360);0,06672947;1,941439;;;-4,183514;2,167882;2,976776
0,3555556;0,136081704;0,0641633;(-4.221592000, 2.117866000, 2.963919000);(-0.202062000, 1.662743000, -0.036334840);0,1295163;1,897224;;;-4,221592;2,117866;2,963919
0,3666667;0,211234314;0,07515261;(-4.258833000, 2.053867000, 2.951068000);(-0.202425700, 1.661938000, -0.036188690);0,2046565;1,84026;;;-4,258833;2,053867;2,951068
0,3777778;0,274027774;0,06279346;(-4.285647000, 1.997876000, 2.941633000);(-0.202683400, 1.661184000, -0.036154900);0,2673402;1,790354;;;-4,285647;1,997876;2,941633
0,3888889;0,336143664;0,06211589;(-4.298905000, 1.937420000, 2.936366000);(-0.203123700, 1.660477000, -0.036116450);0,3273429;1,733936;;;-4,298905;1,93742;2,936366
0,4;0,384819544;0,04867588;(-4.266154000, 1.902723000, 2.945998000);(-0.203123700, 1.660477000, -0.036116450);0,3460527;1,693135;;;-4,266154;1,902723;2,945998
0,4111111;0,384819544;0;(-4.266154000, 1.902723000, 2.945998000);(-0.203806300, 1.659071000, -0.036027880);0,3460527;1,693135;;;-4,266154;1,902723;2,945998
0,4222222;0,568315844;0,1834963;(-4.112048000, 1.814740000, 2.992702000);(-0.204152400, 1.658356000, -0.035954740);0,4177524;1,58227;;;-4,112048;1,81474;2,992702
0,4333333;0,644942634;0,07662679;(-4.074318000, 1.748898000, 3.003325000);(-0.204451100, 1.657510000, -0.035779330);0,4886656;1,513075;;;-4,074318;1,748898;3,003325
0,4444444;0,722677064;0,07773443;(-4.067338000, 1.671481000, 3.004092000);(-0.204721500, 1.656862000, -0.035669240);0,5661272;1,435342;;;-4,067338;1,671481;3,004092
0,4555556;0,822896064;0,100219;(-4.103244000, 1.578816000, 2.991133000);(-0.205098600, 1.655966000, -0.035685810);0,6533498;1,346847;;;-4,103244;1,578816;2,991133
0,4666667;0,913060034;0,09016397;(-4.140844000, 1.497949000, 2.977860000);(-0.205312600, 1.655378000, -0.035619770);0,7320199;1,272031;;;-4,140844;1,497949;2,97786
0,4777778;1,009170174;0,09611014;(-4.187993000, 1.415798000, 2.961569000);(-0.205874600, 1.654879000, -0.035273700);0,8147191;1,200071;;;-4,187993;1,415798;2,961569
0,4888889;1,087958244;0,07878807;(-4.203862000, 1.338889000, 2.955182000);(-0.206103600, 1.654342000, -0.035077240);0,892391;1,128708;;;-4,203862;1,338889;2,955182
0,5;1,175978594;0,08802035;(-4.183273000, 1.253450000, 2.960069000);(-0.206336100, 1.653771000, -0.034923580);0,9768414;1,040691;;;-4,183273;1,25345;2,960069
0,5111111;1,259026434;0,08304784;(-4.132804000, 1.189144000, 2.974713000);(-0.206556500, 1.653338000, -0.034733800);1,040946;0,9666481;;;-4,132804;1,189144;2,974713
0,5222223;1,330551824;0,07152539;(-4.098587000, 1.127070000, 2.984303000);(-0.206814500, 1.652936000, -0.034473630);1,104314;0,8991276;;;-4,098587;1,12707;2,984303
0,5333334;1,405436494;0,07488467;(-4.057890000, 1.065294000, 2.995929000);(-0.207100700, 1.652690000, -0.034295710);1,168893;0,8316427;;;-4,05789;1,065294;2,995929
0,5444446;1,470792864;0,06535637;(-4.036994000, 1.003606000, 3.001349000);(-0.207386500, 1.652525000, -0.034123930);1,232322;0,7677441;;;-4,036994;1,003606;3,001349
0,5555557;1,536748914;0,06595605;(-4.009597000, 0.944079400, 3.008847000);(-0.207571200, 1.652173000, -0.033720050);1,294568;0,7056489;;;-4,009597;0,9440794;3,008847
0,5666668;1,603763864;0,06701495;(-3.986758000, 0.881363500, 3.014857000);(-0.207804100, 1.651881000, -0.033549580);1,359705;0,6413922;;;-3,986758;0,8813635;3,014857
0,577778;1,663905394;0,06014153;(-3.970039000, 0.823744300, 3.019041000);(-0.207797100, 1.651548000, -0.033702280);1,419094;0,583038;;;-3,970039;0,8237443;3,019041
0,5888891;1,714468224;0,05056283;(-3.974516000, 0.773433800, 3.016714000);(-0.207975000, 1.651047000, -0.033597920);1,468331;0,5329562;;;-3,974516;0,7734338;3,016714
0,6000003;1,805322694;0,09085447;(-4.034698000, 0.708394000, 2.996651000);(-0.208194000, 1.650764000, -0.033147660);1,526471;0,4755454;;;-4,034698;0,708394;2,996651
0,6111114;1,898218474;0,09289578;(-4.084175000, 0.631613700, 2.979728000);(-0.208335400, 1.650426000, -0.033033760);1,59987;0,4149596;;;-4,084175;0,6316137;2,979728
0,6222225;1,977797414;0,07957894;(-4.123710000, 0.563910100, 2.966090000);(-0.208508600, 1.650121000, -0.032893270);1,666277;0,3706167;;;-4,12371;0,5639101;2,96609
0,6333337;2,026672614;0,0488752;(-4.128577000, 0.515337900, 2.963672000);(-0.208776100, 1.649880000, -0.032801780);1,714768;0,3321643;;;-4,128577;0,5153379;2,963672
0,6444448;2,089928434;0,06325582;(-4.074644000, 0.486631000, 2.980056000);(-0.208995600, 1.649645000, -0.032742950);1,745142;0,2783184;;;-4,074644;0,486631;2,980056
0,655556;2,173578824;0,08365039;(-3.997484000, 0.464775100, 3.003848000);(-0.209144700, 1.649256000, -0.032688410);1,772458;0,2292684;;;-3,997484;0,4647751;3,003848
0,6666671;2,237592084;0,06401326;(-3.942494000, 0.436595200, 3.020572000);(-0.209315400, 1.648957000, -0.032587320);1,806558;0,1956338;;;-3,942494;0,4365952;3,020572
0,6777782;2,292150984;0,0545589;(-3.891265000, 0.426588700, 3.036451000);(-0.209543000, 1.648827000, -0.032488610);1,823705;0,1952106;;;-3,891265;0,4265887;3,036451
0,6888894;2,308944454;0,01679347;(-3.889835000, 0.409856800, 3.036592000);(-0.209676300, 1.648556000, -0.032393370);1,840463;0,179867;;;-3,889835;0,4098568;3,036592
0,7000005;2,365343794;0,05639934;(-3.923598000, 0.366138900, 3.025204000);(-0.209631800, 1.648438000, -0.032290850);1,878883;0,1278339;;;-3,923598;0,3661389;3,025204
0,7111117;2,432772244;0,06742845;(-3.971796000, 0.321754900, 3.009277000);(-0.209670200, 1.648224000, -0.032187970);1,917323;0,08418194;;;-3,971796;0,3217549;3,009277
0,7222228;2,470348494;0,03757625;(-3.996876000, 0.295050400, 3.000923000);(-0.209530600, 1.647962000, -0.032098320);1,941548;0,07394199;;;-3,996876;0,2950504;3,000923
0,7333339;2,506993024;0,03664453;(-4.029106000, 0.281026300, 2.990560000);(-0.209528100, 1.647714000, -0.031852810);1,953045;0,09339127;;;-4,029106;0,2810263;2,99056
0,7444451;2,529719224;0,0227262;(-4.040931000, 0.262047400, 2.986505000);(-0.209536200, 1.647487000, -0.031814840);1,971227;0,09916473;;;-4,040931;0,2620474;2,986505
0,7555562;2,546225584;0,01650636;(-4.025507000, 0.258613900, 2.991277000);(-0.209415000, 1.647373000, -0.032005820);1,975652;0,08265847;;;-4,025507;0,2586139;2,991277
0,7666674;2,458016074;0,08820951;(-3.942054000, 0.269623200, 3.017645000);(-0.209393300, 1.647114000, -0.032002300);1,972388;0,02928852;;;-3,942054;0,2696232;3,017645
0,7777785;2,503743224;0,04572715;(-3.898508000, 0.272262500, 3.031348000);(-0.209227800, 1.647010000, -0.031997950);1,975326;0,06094291;;;-3,898508;0,2722625;3,031348
0,7888896;2,545461094;0,04171787;(-3.859028000, 0.277375300, 3.043821000);(-0.209037500, 1.646800000, -0.032117220);1,976214;0,1005519;;;-3,859028;0,2773753;3,043821
0,8000008;2,554776181;0,009315087;(-3.862211000, 0.268697700, 3.042663000);(-0.208896000, 1.646629000, -0.032152800);1,984273;0,09451709;;;-3,862211;0,2686977;3,042663
0,8111119;2,600435571;0,04565939;(-3.903910000, 0.255708400, 3.029350000);(-0.208658900, 1.646496000, -0.032303480);1,990984;0,04886023;;;-3,90391;0,2557084;3,02935
0,8222231;2,655834381;0,05539881;(-3.955893000, 0.245946300, 3.012872000);(-0.208434500, 1.646291000, -0.032391940);1,994385;0,009255856;;;-3,955893;0,2459463;3,012872
0,8333342;2,691273501;0,03543912;(-3.989210000, 0.240069600, 3.002318000);(-0.208161300, 1.646140000, -0.032505660);1,99699;0,04286097;;;-3,98921;0,2400696;3,002318
0,8444453;2,674080491;0,01719301;(-4.005610000, 0.239734900, 2.997169000);(-0.207979100, 1.646037000, -0.032630060);1,995952;0,06005382;;;-4,00561;0,2397349;2,997169
0,8555565;2,689566421;0,01548593;(-3.992661000, 0.232203000, 3.001092000);(-0.207611900, 1.646118000, -0.032698720);2,004527;0,04735556;;;-3,992661;0,232203;3,001092
0,8666676;2,717047231;0,02748081;(-3.966486000, 0.230383300, 3.009265000);(-0.207425100, 1.646106000, -0.032777760);2,008772;0,02190215;;;-3,966486;0,2303833;3,009265
0,8777788;2,671986061;0,04506117;(-3.924960000, 0.241830800, 3.022496000);(-0.207237300, 1.646132000, -0.032843080);2,002027;0,02450554;;;-3,92496;0,2418308;3,022496
0,8888899;2,637017421;0,03496864;(-3.895952000, 0.258941800, 3.031905000);(-0.207066400, 1.646203000, -0.032974030);1,988877;0,05780568;;;-3,895952;0,2589418;3,031905
0,900001;2,630421141;0,00659628;(-3.892266000, 0.264266400, 3.033158000);(-0.206841300, 1.646198000, -0.033059330);1,984125;0,06326851;;;-3,892266;0,2642664;3,033158
0,9111122;2,607978611;0,02244253;(-3.913497000, 0.261456000, 3.026450000);(-0.206658600, 1.646217000, -0.033230810);1,984011;0,04188454;;;-3,913497;0,261456;3,02645
0,9222233;2,646366451;0,03838784;(-3.946735000, 0.245516700, 3.015736000);(-0.206431400, 1.646175000, -0.033395620);1,99581;0,004709618;;;-3,946735;0,2455167;3,015736
0,9333345;2,673928931;0,02756248;(-3.970490000, 0.233824700, 3.008073000);(-0.206049700, 1.646069000, -0.033763860);2,004951;0,02438184;;;-3,97049;0,2338247;3,008073
0,9444456;2,659344761;0,01458417;(-3.984387000, 0.234665100, 3.003731000);(-0.205872700, 1.646093000, -0.033962880);2,002804;0,03837093;;;-3,984387;0,2346651;3,003731
0,9555568;2,652668781;0,00667598;(-3.986397000, 0.241010400, 3.003217000);(-0.205621500, 1.646196000, -0.034303220);1,996303;0,03989546;;;-3,986397;0,2410104;3,003217
0,9666679;2,633309501;0,01935928;(-3.972602000, 0.253804400, 3.007777000);(-0.205508600, 1.646268000, -0.034484420);1,984858;0,02836169;;;-3,972602;0,2538044;3,007777
0,977779;2,668288311;0,03497881;(-3.939233000, 0.252852400, 3.018222000);(-0.205383800, 1.646338000, -0.034631220);1,989375;0,01515677;;;-3,939233;0,2528524;3,018222
0,9888902;2,711674051;0,04338574;(-3.898053000, 0.248163300, 3.031049000);(-0.205152700, 1.646567000, -0.034624490);1,999262;0,05319744;;;-3,898053;0,2481633;3,031049
1,000001;2,732251421;0,02057737;(-3.878582000, 0.245392100, 3.037102000);(-0.205033300, 1.646554000, -0.034742090);2,004795;0,07324383;;;-3,878582;0,2453921;3,037102
1,011112;2,724714985;0,007536436;(-3.885479000, 0.247565600, 3.034980000);(-0.204719400, 1.646492000, -0.034993140);2,001633;0,06621738;;;-3,885479;0,2475656;3,03498
1,022224;2,687432325;0,03728266;(-3.920860000, 0.251665300, 3.023962000);(-0.204598400, 1.646452000, -0.035131480);1,992778;0,03071308;;;-3,92086;0,2516653;3,023962
1,033335;2,660065495;0,02736683;(-3.946868000, 0.254266300, 3.015854000);(-0.204483300, 1.646418000, -0.035247000);1,9871;0,01324225;;;-3,946868;0,2542663;3,015854
1,044446;2,684188485;0,02412299;(-3.969372000, 0.249321600, 3.008708000);(-0.204395600, 1.646382000, -0.035369430);1,989638;0,02348469;;;-3,969372;0,2493216;3,008708
1,055557;2,693596712;0,009408227;(-3.966035000, 0.240569700, 3.009593000);(-0.204195600, 1.646365000, -0.035634370);1,998681;0,01856636;;;-3,966035;0,2405697;3,009593
1,066668;2,685406540;0,008190172;(-3.959183000, 0.244467300, 3.011814000);(-0.204065400, 1.646474000, -0.035786660);1,995508;0,01183733;;;-3,959183;0,2444673;3,011814
1,077779;2,678732003;0,006674537;(-3.958303000, 0.251071800, 3.012210000);(-0.204031300, 1.646442000, -0.035878810);1,989032;0,01439124;;;-3,958303;0,2510718;3,01221
1,08889;2,670240706;0,008491297;(-3.954000000, 0.258240600, 3.013691000);(-0.204010100, 1.646411000, -0.035959450);1,982363;0,01809119;;;-3,954;0,2582406;3,013691
1,100002;2,690910066;0,02066936;(-3.934342000, 0.256452800, 3.019822000);(-0.203986900, 1.646411000, -0.036023230);1,986374;0,02127018;;;-3,934342;0,2564528;3,019822
1,111113;2,715880946;0,02497088;(-3.910589000, 0.254350800, 3.027231000);(-0.203973700, 1.646453000, -0.036135230);1,991438;0,04177548;;;-3,910589;0,2543508;3,027231
1,122224;2,725111927;0,009230981;(-3.901789000, 0.254715400, 3.029997000);(-0.203932900, 1.646449000, -0.036166460);1,992257;0,05070544;;;-3,901789;0,2547154;3,029997
1,133335;2,714453607;0,01065832;(-3.911569000, 0.257697800, 3.026986000);(-0.203875200, 1.646482000, -0.036205680);1,98799;0,04202436;;;-3,911569;0,2576978;3,026986
1,144446;2,685350457;0,02910315;(-3.939267000, 0.259959000, 3.018342000);(-0.203823600, 1.646441000, -0.036213310);1,982312;0,02114412;;;-3,939267;0,259959;3,018342
1,155557;2,706865187;0,02151473;(-3.959579000, 0.256957300, 3.011918000);(-0.203895500, 1.646356000, -0.036223200);1,983044;0,01969098;;;-3,959579;0,2569573;3,011918
1,166668;2,713093184;0,006227997;(-3.962206000, 0.251386600, 3.010993000);(-0.203893100, 1.646302000, -0.036209670);1,988311;0,01775378;;;-3,962206;0,2513866;3,010993
1,17778;2,708565212;0,004527972;(-3.958529000, 0.253742300, 3.012188000);(-0.203922200, 1.646270000, -0.036170810);1,986352;0,01649372;;;-3,958529;0,2537423;3,012188
1,188891;2,695166752;0,01339846;(-3.951045000, 0.264560800, 3.014734000);(-0.203904300, 1.646255000, -0.036201630);1,976403;0,02359779;;;-3,951045;0,2645608;3,014734
1,200002;2,670007302;0,02515945;(-3.932457000, 0.280373500, 3.020852000);(-0.203975800, 1.646205000, -0.036110250);1,962849;0,0427196;;;-3,932457;0,2803735;3,020852
1,211113;2,655484982;0,01452232;(-3.919788000, 0.286183200, 3.024931000);(-0.204093500, 1.646216000, -0.036064830);1,958671;0,05422725;;;-3,919788;0,2861832;3,024931
1,222224;2,665882562;0,01039758;(-3.916107000, 0.276508200, 3.025908000);(-0.204099400, 1.646079000, -0.035921600);1,968743;0,04905121;;;-3,916107;0,2765082;3,025908
