time;total distance traveled;distance to prev position;ray position;hmd position;distance to prev target;distance to current target
(-1.200915000, 2.978463000, 4.689469000);(0.560298900, 2.074555000, 4.974211000);0,2555556;0,1333333

0;-0,01303625;0,01303625;(-1.180348000, 2.947847000, 4.692890000);(-0.036543180, 1.628585000, -0.013730220);0,0370411;1,967646;;;-1,180348;2,947847;4,69289
0,01111111;0,00235772;0,01539397;(-1.168721000, 2.937938000, 4.694788000);(-0.036314810, 1.628548000, -0.013776480);0,05202881;1,952695;;;-1,168721;2,937938;4,694788
0,02222222;0,010883744;0,008526024;(-1.166336000, 2.929763000, 4.695207000);(-0.035920730, 1.628549000, -0.014130710);0,06000243;1,946918;;;-1,166336;2,929763;4,695207
0,03333334;0,015430790;0,004547046;(-1.162306000, 2.927761000, 4.695859000);(-0.035938450, 1.628559000, -0.013909220);0,06404825;1,942371;;;-1,162306;2,927761;4,695859
0,04444445;0,019960512;0,004529722;(-1.157933000, 2.926811000, 4.696560000);(-0.035576400, 1.628255000, -0.014015490);0,06756968;1,937976;;;-1,157933;2,926811;4,69656
0,05555556;0,014050487;0,005910025;(-1.161177000, 2.931722000, 4.696020000);(-0.035542670, 1.628136000, -0.013951660);0,06169916;1,943091;;;-1,161177;2,931722;4,69602
0,06666667;-0,001801353;0,01585184;(-1.173696000, 2.941230000, 4.693981000);(-0.035380950, 1.627961000, -0.014051200);0,04634193;1,95867;;;-1,173696;2,94123;4,693981
0,07777778;-0,012205083;0,01040373;(-1.181333000, 2.948183000, 4.692731000);(-0.035199960, 1.627801000, -0.014134340);0,03620763;1,968689;;;-1,181333;2,948183;4,692731
0,08888889;-0,020651124;0,008446041;(-1.188993000, 2.951519000, 4.691496000);(-0.035080870, 1.627899000, -0.014336170);0,02953294;1,977123;;;-1,188993;2,951519;4,691496
0,1;-0,016741002;0,003910122;(-1.191506000, 2.948549000, 4.691110000);(-0.034944260, 1.627853000, -0.014407450);0,03140168;1,978088;;;-1,191506;2,948549;4,69111
0,1111111;-0,011043502;0,0056975;(-1.190054000, 2.943046000, 4.691367000);(-0.034808880, 1.627833000, -0.014497040);0,03709379;1,974339;;;-1,190054;2,943046;4,691367
0,1222222;0,002224898;0,0132684;(-1.181294000, 2.933185000, 4.692809000);(-0.034664390, 1.627836000, -0.014569700);0,04945926;1,962034;;;-1,181294;2,933185;4,692809
0,1333333;0,011520539;0,009295641;(-1.176739000, 2.925118000, 4.693573000);(-0.034733150, 1.627813000, -0.014402090);0,05871112;1,954358;;;-1,176739;2,925118;4,693573
0,1444445;0,016334258;0,004813719;(-1.174372000, 2.920945000, 4.693970000);(-0.034311970, 1.627643000, -0.014685450);0,06350639;1,950383;;;-1,174372;2,920945;4,69397
0,1555556;0,014101043;0,002233215;(-1.174833000, 2.923129000, 4.693886000);(-0.034266880, 1.627553000, -0.014827720);0,0613324;1,951753;;;-1,174833;2,923129;4,693886
0,1666667;0,012071083;0,00202996;(-1.175353000, 2.925089000, 4.693794000);(-0.034188440, 1.627557000, -0.014938050);0,05933739;1,953082;;;-1,175353;2,925089;4,693794
0,1777778;0,011021189;0,001049894;(-1.176044000, 2.925870000, 4.693680000);(-0.034193870, 1.627658000, -0.015092790);0,05832881;1,954053;;;-1,176044;2,92587;4,69368
0,1888889;0,003080374;0,007940815;(-1.180881000, 2.932117000, 4.692881000);(-0.034547320, 1.627622000, -0.014924520);0,05060541;1,96119;;;-1,180881;2,932117;4,692881
0,2;-0,011309796;0,01439017;(-1.190666000, 2.942546000, 4.691272000);(-0.034585160, 1.627705000, -0.015029010);0,03739444;1,974674;;;-1,190666;2,942546;4,691272
0,2111111;-0,021053271;0,009743475;(-1.195142000, 2.951167000, 4.690518000);(-0.034528490, 1.627747000, -0.015026860);0,02791943;1,98255;;;-1,195142;2,951167;4,690518
0,2222222;-0,005820991;0,01523228;(-1.180364000, 2.954022000, 4.692858000);(-0.034492930, 1.627676000, -0.015158230);0,0321116;1,970414;;;-1,180364;2,954022;4,692858
0,2333333;0,016412819;0,02223381;(-1.158955000, 2.949100000, 4.696290000);(-0.034380590, 1.627449000, -0.015026630);0,05166498;1,948821;;;-1,158955;2,9491;4,69629
0,2444444;0,037845239;0,02143242;(-1.140400000, 2.938803000, 4.699294000);(-0.034322250, 1.627290000, -0.015155790);0,0730166;1,927403;;;-1,1404;2,938803;4,699294
0,2555556;0,071572189;0,03372695;(-1.116082000, 2.915775000, 4.703276000);(-0.034455680, 1.627261000, -0.015181480);0,106381;1,895075;;;-1,116082;2,915775;4,703276
0,2666667;0,094353679;0,02278149;(-1.099534000, 2.900354000, 4.705984000);(-0.034428930, 1.627124000, -0.015320180);0,1290419;1,873215;;;-1,099534;2,900354;4,705984
0,2777778;0,122928939;0,02857526;(-1.078740000, 2.881052000, 4.709387000);(-0.034417010, 1.627033000, -0.015455420);0,1575193;1,845811;;;-1,07874;2,881052;4,709387
0,2888889;0,144101479;0,02117254;(-1.063262000, 2.866829000, 4.711919000);(-0.034512810, 1.627120000, -0.015351590);0,1786463;1,825498;;;-1,063262;2,866829;4,711919
0,3;0,158214779;0,0141133;(-1.054400000, 2.855943000, 4.713383000);(-0.034568670, 1.626950000, -0.015510500);0,1924831;1,812691;;;-1,0544;2,855943;4,713383
0,3111111;0,170571609;0,01235683;(-1.049523000, 2.844620000, 4.714213000);(-0.034375240, 1.626519000, -0.015746410);0,2035827;1,803364;;;-1,049523;2,84462;4,714213
0,3222222;0,196654469;0,02608286;(-1.036869000, 2.821910000, 4.716336000);(-0.034303390, 1.626491000, -0.016141530);0,228345;1,78213;;;-1,036869;2,82191;4,716336
0,3333333;0,235387739;0,03873327;(-1.014728000, 2.790343000, 4.720013000);(-0.034415800, 1.626337000, -0.016363920);0,266435;1,748622;;;-1,014728;2,790343;4,720013
0,3444445;0,275374139;0,0399864;(-0.987300500, 2.761596000, 4.724517000);(-0.034619370, 1.626121000, -0.016382750);0,3064156;1,71156;;;-0,9873005;2,761596;4,724517
0,3555556;0,310313349;0,03493921;(-0.962483200, 2.737341000, 4.728584000);(-0.034739080, 1.625926000, -0.016615450);0,3413491;1,678834;;;-0,9624832;2,737341;4,728584
0,3666667;0,351664539;0,04135119;(-0.929500700, 2.712985000, 4.733953000);(-0.034631680, 1.625649000, -0.017116840);0,3822606;1,638542;;;-0,9295007;2,712985;4,733953
0,3777778;0,402685719;0,05102118;(-0.888825200, 2.682904000, 4.740572000);(-0.034760010, 1.625391000, -0.017393700);0,4328586;1,58891;;;-0,8888252;2,682904;4,740572
0,3888889;0,455450929;0,05276521;(-0.844759800, 2.654774000, 4.747723000);(-0.035068560, 1.625208000, -0.017440140);0,4847827;1,536926;;;-0,8447598;2,654774;4,747723
0,4;0,515169419;0,05971849;(-0.791142600, 2.629943000, 4.756379000);(-0.035189580, 1.625020000, -0.017746030);0,5420849;1,477261;;;-0,7911426;2,629943;4,756379
0,4111111;0,564103499;0,04893408;(-0.747012700, 2.610034000, 4.763500000);(-0.035462190, 1.625076000, -0.018021040);0,589277;1,428356;;;-0,7470127;2,610034;4,7635
0,4222222;0,600534169;0,03643067;(-0.715731000, 2.592062000, 4.768567000);(-0.035581370, 1.625092000, -0.018204270);0,6252719;1,392248;;;-0,715731;2,592062;4,768567
0,4333333;0,645093319;0,04455915;(-0.681311400, 2.564326000, 4.774180000);(-0.035626510, 1.625191000, -0.018410320);0,6698304;1,349624;;;-0,6813114;2,564326;4,77418
0,4444444;0,705225159;0,06013184;(-0.632980100, 2.529425000, 4.782042000);(-0.035623160, 1.625306000, -0.018624720);0,7299005;1,291414;;;-0,6329801;2,529425;4,782042
0,4555556;0,762170999;0,05694584;(-0.586612900, 2.497236000, 4.789578000);(-0.035597660, 1.625457000, -0.018625140);0,7867452;1,236186;;;-0,5866129;2,497236;4,789578
0,4666667;0,813418279;0,05124728;(-0.546901500, 2.465497000, 4.796053000);(-0.035519820, 1.625401000, -0.018608750);0,8379902;1,187631;;;-0,5469015;2,465497;4,796053
0,4777778;0,863533399;0,05011512;(-0.511101600, 2.430921000, 4.801918000);(-0.035475190, 1.625471000, -0.018734750);0,8878564;1,142182;;;-0,5111016;2,430921;4,801918
0,4888889;0,917001949;0,05346855;(-0.468235700, 2.399732000, 4.808893000);(-0.035179100, 1.625517000, -0.018951110);0,9412811;1,091308;;;-0,4682357;2,399732;4,808893
0,5;0,971757649;0,0547557;(-0.419501400, 2.376043000, 4.816765000);(-0.035268250, 1.625545000, -0.018824280);0,9948473;1,037156;;;-0,4195014;2,376043;4,816765
0,5111111;1,016055409;0,04429776;(-0.380100800, 2.356824000, 4.823131000);(-0.035115100, 1.625570000, -0.018754660);1,038285;0,9934046;;;-0,3801008;2,356824;4,823131
0,5222223;1,057345659;0,04129025;(-0.344267800, 2.337145000, 4.828930000);(-0.034964410, 1.625559000, -0.018778620);1,079158;0,9530483;;;-0,3442678;2,337145;4,82893
0,5333334;1,102794099;0,04544844;(-0.302035800, 2.321789000, 4.835728000);(-0.034751530, 1.625655000, -0.018876370);1,122762;0,9077023;;;-0,3020358;2,321789;4,835728
0,5444446;1,151556059;0,04876196;(-0.254686300, 2.312941000, 4.843308000);(-0.034526010, 1.625608000, -0.018885910);1,167019;0,8591649;;;-0,2546863;2,312941;4,843308
0,5555557;1,193832209;0,04227615;(-0.214897100, 2.300167000, 4.849705000);(-0.034266630, 1.625593000, -0.018871600);1,207473;0,8169035;;;-0,2148971;2,300167;4,849705
0,5666668;1,234212269;0,04038006;(-0.177054100, 2.287462000, 4.855791000);(-0.033986430, 1.625382000, -0.018766160);1,246369;0,7765578;;;-0,1770541;2,287462;4,855791
0,577778;1,276641709;0,04242944;(-0.138902600, 2.269947000, 4.861950000);(-0.033755820, 1.625207000, -0.018747500);1,28826;0,7346177;;;-0,1389026;2,269947;4,86195
0,5888891;1,324625319;0,04798361;(-0.095559690, 2.250584000, 4.868943000);(-0.033201820, 1.625080000, -0.018855390);1,3356;0,6871812;;;-0,09555969;2,250584;4,868943
0,6000003;1,374940559;0,05031524;(-0.050242340, 2.229981000, 4.876257000);(-0.032790180, 1.624970000, -0.018806870);1,385338;0,6375837;;;-0,05024234;2,229981;4,876257
0,6111114;1,425247799;0,05030724;(-0.005758390, 2.207614000, 4.883447000);(-0.032478350, 1.624853000, -0.018714480);1,435352;0,5885267;;;-0,00575839;2,207614;4,883447
0,6222225;1,468714609;0,04346681;(0.033991850, 2.191236000, 4.889854000);(-0.032043900, 1.624746000, -0.018645820);1,478132;0,5456461;;;0,03399185;2,191236;4,889854
0,6333337;1,498774069;0,03005946;(0.063589000, 2.193577000, 4.894555000);(-0.031713140, 1.624648000, -0.018542460);1,502357;0,5169449;;;0,063589;2,193577;4,894555
0,6444448;1,532926439;0,03415237;(0.097255860, 2.191555000, 4.899925000);(-0.031225690, 1.624516000, -0.018465100);1,532567;0,4833386;;;0,09725586;2,191555;4,899925
0,655556;1,561343209;0,02841677;(0.124012000, 2.200147000, 4.904145000);(-0.030636570, 1.624416000, -0.018324670);1,551545;0,4593786;;;0,124012;2,200147;4,904145
0,6666671;1,588808439;0,02746523;(0.150759500, 2.204725000, 4.908381000);(-0.030100430, 1.624301000, -0.018231030);1,572774;0,4347414;;;0,1507595;2,204725;4,908381
0,6777782;1,620897519;0,03208908;(0.182433200, 2.205774000, 4.913420000);(-0.029543000, 1.624220000, -0.018176730);1,600267;0,4045942;;;0,1824332;2,205774;4,91342
0,6888894;1,652462329;0,03156481;(0.213549600, 2.203911000, 4.918383000);(-0.028959520, 1.624144000, -0.018035710);1,628816;0,3742788;;;0,2135496;2,203911;4,918383
0,7000005;1,678734899;0,02627257;(0.238568100, 2.196969000, 4.922400000);(-0.028355890, 1.624008000, -0.017990170);1,654419;0,3481094;;;0,2385681;2,196969;4,9224
0,7111117;1,706223399;0,0274885;(0.261970700, 2.183056000, 4.926192000);(-0.027783830, 1.623873000, -0.017958700);1,681887;0,3210576;;;0,2619707;2,183056;4,926192
0,7222228;1,735256819;0,02903342;(0.287683900, 2.170230000, 4.930347000);(-0.027119340, 1.623738000, -0.017899210);1,710903;0,2922271;;;0,2876839;2,17023;4,930347
0,7333339;1,760605269;0,02534845;(0.312111300, 2.164706000, 4.934263000);(-0.026457300, 1.623685000, -0.017724990);1,73533;0,2670583;;;0,3121113;2,164706;4,934263
0,7444451;1,781346979;0,02074171;(0.331125500, 2.157006000, 4.937327000);(-0.026006440, 1.623457000, -0.017579610);1,755953;0,2463311;;;0,3311255;2,157006;4,937327
0,7555562;1,797706989;0,01636001;(0.346584100, 2.152262000, 4.939812000);(-0.025451200, 1.623283000, -0.017538070);1,772014;0,2299906;;;0,3465841;2,152262;4,939812
0,7666674;1,812995359;0,01528837;(0.360529100, 2.158133000, 4.942004000);(-0.024945280, 1.623101000, -0.017532290);1,781803;0,2189301;;;0,3605291;2,158133;4,942004
0,7777785;1,827789919;0,01479456;(0.372243400, 2.166983000, 4.943827000);(-0.024313520, 1.622937000, -0.017788050);1,788302;0,2117333;;;0,3722434;2,166983;4,943827
0,7888896;1,844758999;0,01696908;(0.387889000, 2.173074000, 4.946289000);(-0.023682090, 1.622581000, -0.017792640);1,799696;0,2005263;;;0,387889;2,173074;4,946289
0,8000008;1,860102289;0,01534329;(0.401167500, 2.180475000, 4.948368000);(-0.023205060, 1.622472000, -0.017800980);1,808447;0,1928983;;;0,4011675;2,180475;4,948368
0,8111119;1,877499279;0,01739699;(0.418347800, 2.180395000, 4.951104000);(-0.022944170, 1.622494000, -0.017779110);1,82411;0,1785667;;;0,4183478;2,180395;4,951104
0,8222231;1,896190629;0,01869135;(0.436759900, 2.179080000, 4.954041000);(-0.022518250, 1.622375000, -0.017800870);1,841464;0,1630767;;;0,4367599;2,17908;4,954041
0,8333342;1,917470379;0,02127975;(0.457391400, 2.175048000, 4.957345000);(-0.022089920, 1.622347000, -0.018065990);1,862045;0,1448211;;;0,4573914;2,175048;4,957345
0,8444453;1,940045869;0,02257549;(0.475826900, 2.162367000, 4.960341000);(-0.021504440, 1.622048000, -0.018096740);1,884369;0,1226326;;;0,4758269;2,162367;4,960341
0,8555565;1,957610909;0,01756504;(0.489905600, 2.152116000, 4.962632000);(-0.021148760, 1.621773000, -0.018164160);1,901668;0,1053802;;;0,4899056;2,152116;4,962632
0,8666676;1,970817939;0,01320703;(0.496541900, 2.140752000, 4.963743000);(-0.020793470, 1.621621000, -0.018257910);1,91268;0,09250139;;;0,4965419;2,140752;4,963743
0,8777788;1,983376409;0,01255847;(0.505009700, 2.131583000, 4.965136000);(-0.020463290, 1.621475000, -0.018375100);1,924416;0,07994612;;;0,5050097;2,131583;4,965136
0,8888899;1,988850649;0,00547424;(0.509041000, 2.127938000, 4.965795000);(-0.020193430, 1.621357000, -0.018246350);1,929688;0,07448456;;;0,509041;2,127938;4,965795
0,900001;1,993837703;0,004987054;(0.513891000, 2.128809000, 4.966562000);(-0.019882880, 1.621236000, -0.018299340);1,933714;0,07180306;;;0,513891;2,128809;4,966562
0,9111122;1,991019326;0,002818377;(0.514670000, 2.131516000, 4.966674000);(-0.019568150, 1.621146000, -0.018381180);1,933234;0,07337075;;;0,51467;2,131516;4,966674
0,9222233;1,993186292;0,002166966;(0.514178100, 2.129406000, 4.966605000);(-0.019305490, 1.621116000, -0.018311740);1,933713;0,0720666;;;0,5141781;2,129406;4,966605
0,9333345;1,999831083;0,006644791;(0.520721100, 2.128905000, 4.967650000);(-0.018947980, 1.620873000, -0.018280920);1,939887;0,06755251;;;0,5207211;2,128905;4,96765
0,9444456;2,011503113;0,01167203;(0.530928100, 2.123490000, 4.969301000);(-0.018666700, 1.620646000, -0.018343980);1,951554;0,05728275;;;0,5309281;2,12349;4,969301
0,9555568;2,020826311;0,009323198;(0.538859000, 2.118760000, 4.970586000);(-0.018389120, 1.620460000, -0.018365560);1,960849;0,04926287;;;0,538859;2,11876;4,970586
0,9666679;2,022664633;0,001838322;(0.540246800, 2.117576000, 4.970813000);(-0.018126540, 1.620292000, -0.018390590);1,962632;0,04758549;;;0,5402468;2,117576;4,970813
0,977779;2,027784333;0,0051197;(0.543572900, 2.113722000, 4.971361000);(-0.017843000, 1.620171000, -0.018519040);1,967353;0,04268411;;;0,5435729;2,113722;4,971361
0,9888902;2,037429892;0,009645559;(0.545657200, 2.104312000, 4.971737000);(-0.017591730, 1.620062000, -0.018511770);1,973405;0,03325609;;;0,5456572;2,104312;4,971737
1,000001;2,044255651;0,006825759;(0.543695400, 2.097780000, 4.971456000);(-0.017295110, 1.619993000, -0.018366990);1,974534;0,02868226;;;0,5436954;2,09778;4,971456
1,011112;2,051117751;0,0068621;(0.542187800, 2.091089000, 4.971248000);(-0.017054250, 1.620027000, -0.018259820);1,976167;0,02470142;;;0,5421878;2,091089;4,971248
1,022224;2,060669626;0,009551875;(0.543103200, 2.081583000, 4.971439000);(-0.016762200, 1.619980000, -0.018208920);1,981287;0,01878207;;;0,5431032;2,081583;4,971439
1,033335;2,073031256;0,01236163;(0.541103700, 2.069387000, 4.971179000);(-0.016508450, 1.619913000, -0.018116290);1,985046;0,02010877;;;0,5411037;2,069387;4,971179
1,044446;2,080437349;0,007406093;(0.541360900, 2.061986000, 4.971256000);(-0.016372680, 1.619797000, -0.017935570);1,988683;0,02292107;;;0,5413609;2,061986;4,971256
1,055557;2,074119995;0,006317354;(0.539809100, 2.068104000, 4.970980000);(-0.016151800, 1.619670000, -0.017854150);1,98447;0,02172329;;;0,5398091;2,068104;4,97098
1,066668;2,064276471;0,009843524;(0.535158900, 2.076744000, 4.970198000);(-0.015954360, 1.619587000, -0.017742570);1,976324;0,02555232;;;0,5351589;2,076744;4,970198
1,077779;2,061287380;0,002989091;(0.532320300, 2.077562000, 4.969742000);(-0.015776410, 1.619466000, -0.017654120);1,973393;0,02849247;;;0,5323203;2,077562;4,969742
1,08889;2,068946334;0,007658954;(0.533164900, 2.069952000, 4.969913000);(-0.015647800, 1.619317000, -0.017437460);1,977643;0,02785545;;;0,5331649;2,069952;4,969913
1,100002;2,081212034;0,0122657;(0.536400400, 2.058134000, 4.970484000);(-0.015745180, 1.619310000, -0.017118630);1,986011;0,02923495;;;0,5364004;2,058134;4,970484
1,111113;2,089726279;0,008514245;(0.541977500, 2.051767000, 4.971403000);(-0.015620130, 1.619282000, -0.016958000);1,993972;0,02937479;;;0,5419775;2,051767;4,971403
1,122224;2,096668626;0,006942347;(0.545461100, 2.045790000, 4.971986000);(-0.015508460, 1.619245000, -0.016845350);1,999881;0,03244302;;;0,5454611;2,04579;4,971986
1,133335;2,095224652;0,001443974;(0.544371800, 2.044858000, 4.971817000);(-0.015236620, 1.619204000, -0.016930460);1,999341;0,03378418;;;0,5443718;2,044858;4,971817
1,144446;2,091309503;0,003915149;(0.540980200, 2.042975000, 4.971286000);(-0.015120370, 1.619150000, -0.016789970);1,997187;0,03713599;;;0,5409802;2,042975;4,971286
1,155557;2,087264049;0,004045454;(0.536985000, 2.042984000, 4.970650000);(-0.014969580, 1.619153000, -0.016676010);1,993609;0,03940741;;;0,536985;2,042984;4,97065
