time;total distance traveled;distance to prev position;ray position;hmd position;distance to prev target;distance to current target
(1.039416000, 1.934369000, 4.888684000);(2.865578000, 2.036503000, 4.079549000);0,2555556;0,2555556

0;-0,0109477;0,0109477;(1.061408000, 1.961545000, 4.878797000);(-0.007913560, 1.606480000, -0.005341589);0,03633099;1,974702;;;1,061408;1,961545;4,878797
0,01111111;-0,001171049;0,009776651;(1.068362000, 1.967672000, 4.875684000);(-0.007719547, 1.606582000, -0.005184948);0,04599928;1,966864;;;1,068362;1,967672;4,875684
0,02222222;0,009125541;0,01029659;(1.075338000, 1.974570000, 4.872557000);(-0.007602022, 1.606579000, -0.005242884);0,05627193;1,958994;;;1,075338;1,97457;4,872557
0,03333334;0,021527641;0,0124021;(1.082135000, 1.984480000, 4.869493000);(-0.007519007, 1.606588000, -0.005440235);0,06858816;1,951253;;;1,082135;1,98448;4,869493
0,04444445;0,027820992;0,006293351;(1.084377000, 1.990270000, 4.868468000);(-0.007448659, 1.606443000, -0.005596757);0,07453305;1,948642;;;1,084377;1,99027;4,868468
0,05555556;0,024851887;0,002969105;(1.081860000, 1.991390000, 4.869576000);(-0.007552729, 1.606363000, -0.005677521);0,07360739;1,951365;;;1,08186;1,99139;4,869576
0,06666667;0,021338787;0,0035131;(1.083323000, 1.988259000, 4.868945000);(-0.007587642, 1.606256000, -0.005886614);0,07226083;1,949847;;;1,083323;1,988259;4,868945
0,07777778;0,027295559;0,005956772;(1.088217000, 1.990862000, 4.866764000);(-0.007580743, 1.606135000, -0.006103575);0,07780442;1,944428;;;1,088217;1,990862;4,866764
0,08888889;0,034312231;0,007016672;(1.084843000, 1.996838000, 4.868225000);(-0.007618801, 1.606087000, -0.006373107);0,07990341;1,947973;;;1,084843;1,996838;4,868225
0,1;0,044086935;0,009774704;(1.079535000, 2.004715000, 4.870532000);(-0.007643686, 1.606036000, -0.006567180);0,08299126;1,953616;;;1,079535;2,004715;4,870532
0,1111111;0,053333020;0,009246085;(1.078859000, 2.013933000, 4.870781000);(-0.007729308, 1.605907000, -0.006667733);0,09059057;1,954207;;;1,078859;2,013933;4,870781
0,1222222;0,061417019;0,008083999;(1.077890000, 2.021950000, 4.871165000);(-0.007758410, 1.605929000, -0.006787241);0,09724975;1,955171;;;1,07789;2,02195;4,871165
0,1333333;0,054315639;0,00710138;(1.071631000, 2.023854000, 4.873926000);(-0.007723928, 1.605843000, -0.007098138);0,0962455;1,961999;;;1,071631;2,023854;4,873926
0,1444445;0,047888225;0,006427414;(1.065807000, 2.024733000, 4.876500000);(-0.007769124, 1.605913000, -0.007213414);0,09492397;1,968361;;;1,065807;2,024733;4,8765
0,1555556;0,052664356;0,004776131;(1.069421000, 2.027406000, 4.874886000);(-0.007840336, 1.605989000, -0.007362247);0,09872504;1,964389;;;1,069421;2,027406;4,874886
0,1666667;0,055134455;0,002470099;(1.070867000, 2.029300000, 4.874235000);(-0.007929043, 1.606035000, -0.007488370);0,1010437;1,962795;;;1,070867;2,0293;4,874235
0,1777778;0,050861821;0,004272634;(1.072677000, 2.025509000, 4.873454000);(-0.008153648, 1.606027000, -0.007542312);0,09820771;1,960842;;;1,072677;2,025509;4,873454
0,1888889;0,042687693;0,008174128;(1.075305000, 2.017851000, 4.872333000);(-0.008232118, 1.605972000, -0.007737815);0,09232856;1,958043;;;1,075305;2,017851;4,872333
0,2;0,033167546;0,009520147;(1.080780000, 2.010436000, 4.869949000);(-0.008332030, 1.605944000, -0.007886231);0,0885899;1,952157;;;1,08078;2,010436;4,869949
0,2111111;0,042202636;0,00903509;(1.088219000, 2.006489000, 4.866677000);(-0.008645357, 1.605961000, -0.008033812);0,08981842;1,944087;;;1,088219;2,006489;4,866677
0,2222222;0,047399149;0,005196513;(1.092644000, 2.004583000, 4.864729000);(-0.008781672, 1.605977000, -0.008266747);0,09130768;1,939284;;;1,092644;2,004583;4,864729
0,2333333;0,048859544;0,001460395;(1.093846000, 2.005217000, 4.864193000);(-0.008802162, 1.605991000, -0.008455992);0,09263799;1,937958;;;1,093846;2,005217;4,864193
0,2444444;0,059468444;0,0106089;(1.103500000, 2.004150000, 4.859925000);(-0.008895458, 1.605953000, -0.008554339);0,09901093;1,927422;;;1,1035;2,00415;4,859925
0,2555556;0,077956394;0,01848795;(1.120079000, 2.000497000, 4.852604000);(-0.008996994, 1.605937000, -0.008711278);0,1103681;1,909366;;;1,120079;2,000497;4,852604
0,2666667;0,094285024;0,01632863;(1.134533000, 1.996371000, 4.846227000);(-0.009017141, 1.605958000, -0.008831024);0,121219;1,893653;;;1,134533;1,996371;4,846227
0,2777778;0,123869294;0,02958427;(1.161412000, 1.999639000, 4.834307000);(-0.009108589, 1.605922000, -0.008983791);0,1486606;1,864189;;;1,161412;1,999639;4,834307
0,2888889;0,150144794;0,0262755;(1.185379000, 2.001415000, 4.823686000);(-0.009285898, 1.606050000, -0.009064496);0,1732778;1,837944;;;1,185379;2,001415;4,823686
0,3;0,173715734;0,02357094;(1.206753000, 2.004389000, 4.814205000);(-0.009287343, 1.606146000, -0.009136975);0,1960911;1,814511;;;1,206753;2,004389;4,814205
0,3111111;0,188266694;0,01455096;(1.219466000, 2.008651000, 4.808553000);(-0.009163887, 1.606206000, -0.009509623);0,2106109;1,800529;;;1,219466;2,008651;4,808553
0,3222222;0,207905724;0,01963903;(1.234795000, 2.018843000, 4.801709000);(-0.009125904, 1.606294000, -0.009656847);0,2299425;1,783614;;;1,234795;2,018843;4,801709
0,3333333;0,226125854;0,01822013;(1.251403000, 2.020255000, 4.794349000);(-0.009166227, 1.606325000, -0.009689569);0,2474145;1,765436;;;1,251403;2,020255;4,794349
0,3444445;0,246691384;0,02056553;(1.267917000, 2.010379000, 4.787091000);(-0.009063573, 1.606331000, -0.009811223);0,2613644;1,747518;;;1,267917;2,010379;4,787091
0,3555556;0,285518994;0,03882761;(1.302558000, 2.001789000, 4.771800000);(-0.008949534, 1.606358000, -0.009940505);0,2957213;1,709809;;;1,302558;2,001789;4,7718
0,3666667;0,325483834;0,03996484;(1.338717000, 1.995922000, 4.755823000);(-0.008926333, 1.606495000, -0.010105310);0,3331997;1,670418;;;1,338717;1,995922;4,755823
0,3777778;0,374527084;0,04904325;(1.382573000, 1.985575000, 4.736461000);(-0.008862690, 1.606599000, -0.010201810);0,3788806;1,622785;;;1,382573;1,985575;4,736461
0,3888889;0,411071384;0,0365443;(1.415360000, 1.978443000, 4.721984000);(-0.008772523, 1.606751000, -0.010266960);0,413601;1,587206;;;1,41536;1,978443;4,721984
0,4;0,451316824;0,04024544;(1.452033000, 1.975015000, 4.705765000);(-0.008685113, 1.606838000, -0.010295930);0,4531715;1,547267;;;1,452033;1,975015;4,705765
0,4111111;0,489396914;0,03808009;(1.486653000, 1.979006000, 4.690414000);(-0.008809910, 1.606978000, -0.010214630);0,4912475;1,50927;;;1,486653;1,979006;4,690414
0,4222222;0,536226754;0,04682984;(1.529336000, 1.975156000, 4.671537000);(-0.008792059, 1.607117000, -0.010241930);0,5374366;1,46279;;;1,529336;1,975156;4,671537
0,4333333;0,582376214;0,04614946;(1.571503000, 1.973276000, 4.652877000);(-0.008862169, 1.607265000, -0.010223450);0,5832969;1,416804;;;1,571503;1,973276;4,652877
0,4444444;0,631084104;0,04870789;(1.616014000, 1.974829000, 4.633160000);(-0.008871780, 1.607459000, -0.010300930);0,6319774;1,3681;;;1,616014;1,974829;4,63316
0,4555556;0,680835784;0,04975168;(1.661234000, 1.969280000, 4.613168000);(-0.008850844, 1.607645000, -0.010429560);0,6810176;1,318982;;;1,661234;1,96928;4,613168
0,4666667;0,745708444;0,06487266;(1.719923000, 1.959714000, 4.587235000);(-0.008949281, 1.607915000, -0.010389030);0,7447171;1,255455;;;1,719923;1,959714;4,587235
0,4777778;0,808963134;0,06325469;(1.777668000, 1.955962000, 4.561688000);(-0.008955405, 1.608063000, -0.010432360);0,8077176;1,192684;;;1,777668;1,955962;4,561688
0,4888889;0,862436394;0,05347326;(1.826560000, 1.955345000, 4.540043000);(-0.008909808, 1.608219000, -0.010485590);0,8611541;1,139386;;;1,82656;1,955345;4,540043
0,5;0,915471374;0,05303498;(1.875046000, 1.956225000, 4.518571000);(-0.008903579, 1.608346000, -0.010450070);0,9141877;1,086434;;;1,875046;1,956225;4,518571
0,5111111;0,970868604;0,05539723;(1.925680000, 1.957670000, 4.496144000);(-0.008895190, 1.608573000, -0.010411920);0,9695848;1,031103;;;1,92568;1,95767;4,496144
0,5222223;1,027452254;0,05658365;(1.977157000, 1.963224000, 4.473320000);(-0.008733065, 1.608724000, -0.010422950);1,026021;0,974534;;;1,977157;1,963224;4,47332
0,5333334;1,079887474;0,05243522;(2.025102000, 1.963416000, 4.452090000);(-0.008759082, 1.609037000, -0.010351120);1,078441;0,9222408;;;2,025102;1,963416;4,45209
0,5444446;1,131889624;0,05200215;(2.071379000, 1.951351000, 4.431667000);(-0.008572043, 1.609248000, -0.010446250);1,128761;0,8729202;;;2,071379;1,951351;4,431667
0,5555557;1,187413834;0,05552421;(2.120106000, 1.935637000, 4.410179000);(-0.008387060, 1.609383000, -0.010441720);1,181888;0,8217173;;;2,120106;1,935637;4,410179
0,5666668;1,243611994;0,05619816;(2.170599000, 1.925081000, 4.387880000);(-0.008106501, 1.609433000, -0.010544060);1,23712;0,7684263;;;2,170599;1,925081;4,38788
0,577778;1,292481624;0,04886963;(2.215073000, 1.920224000, 4.368216000);(-0.007809685, 1.609470000, -0.010597650);1,285791;0,7211143;;;2,215073;1,920224;4,368216
0,5888891;1,343294384;0,05081276;(2.261425000, 1.916621000, 4.347712000);(-0.007435412, 1.609454000, -0.010669350);1,336515;0,6717761;;;2,261425;1,916621;4,347712
0,6000003;1,392229544;0,04893516;(2.306096000, 1.919339000, 4.327918000);(-0.007050619, 1.609481000, -0.010749940);1,385339;0,6232451;;;2,306096;1,919339;4,327918
0,6111114;1,440178804;0,04794926;(2.349602000, 1.925172000, 4.308622000);(-0.006789104, 1.609614000, -0.010720130);1,43288;0,5754129;;;2,349602;1,925172;4,308622
0,6222225;1,485384244;0,04520544;(2.390441000, 1.932058000, 4.290503000);(-0.006343083, 1.609647000, -0.010825280);1,47753;0,5302503;;;2,390441;1,932058;4,290503
0,6333337;1,531435644;0,0460514;(2.430883000, 1.944785000, 4.272526000);(-0.005759433, 1.609587000, -0.010988120);1,521822;0,4843673;;;2,430883;1,944785;4,272526
0,6444448;1,571605894;0,04017025;(2.466820000, 1.953008000, 4.256569000);(-0.005232156, 1.609647000, -0.011102320);1,561217;0,4442024;;;2,46682;1,953008;4,256569
0,655556;1,609401914;0,03779602;(2.501170000, 1.957081000, 4.241337000);(-0.004675299, 1.609655000, -0.011194290);1,598843;0,4065422;;;2,50117;1,957081;4,241337
0,6666671;1,649603624;0,04020171;(2.537910000, 1.955696000, 4.225077000);(-0.004143134, 1.609763000, -0.011420730);1,638998;0,3675244;;;2,53791;1,955696;4,225077
0,6777782;1,692649914;0,04304629;(2.576110000, 1.945226000, 4.208220000);(-0.003593475, 1.609749000, -0.011526530);1,680648;0,3296656;;;2,57611;1,945226;4,20822
0,6888894;1,731257164;0,03860725;(2.611128000, 1.940256000, 4.192743000);(-0.002962351, 1.609740000, -0.011686090);1,718909;0,294654;;;2,611128;1,940256;4,192743
0,7000005;1,765569104;0,03431194;(2.642498000, 1.940782000, 4.178851000);(-0.002226577, 1.609734000, -0.012044610);1,753219;0,2622752;;;2,642498;1,940782;4,178851
0,7111117;1,797929754;0,03236065;(2.671845000, 1.944848000, 4.165834000);(-0.001678647, 1.609701000, -0.012164590);1,785342;0,2310378;;;2,671845;1,944848;4,165834
0,7222228;1,825272954;0,0273432;(2.696347000, 1.950228000, 4.154956000);(-0.001110734, 1.609600000, -0.012487120);1,812189;0,204374;;;2,696347;1,950228;4,154956
0,7333339;1,840819354;0,0155464;(2.707181000, 1.960267000, 4.150104000);(-0.000428395, 1.609479000, -0.012801230);1,824174;0,1894193;;;2,707181;1,960267;4,150104
0,7444451;1,854920354;0,014101;(2.718750000, 1.966461000, 4.144946000);(0.000183894, 1.609384000, -0.013154330);1,836938;0,1753309;;;2,71875;1,966461;4,144946
0,7555562;1,873329934;0,01840958;(2.735361000, 1.969408000, 4.137576000);(0.000695585, 1.609388000, -0.013330760);1,855161;0,1575604;;;2,735361;1,969408;4,137576
0,7666674;1,888077284;0,01474735;(2.748099000, 1.964539000, 4.131963000);(0.001284047, 1.609337000, -0.013572930);1,868993;0,1474017;;;2,748099;1,964539;4,131963
0,7777785;1,897205489;0,009128205;(2.756375000, 1.963335000, 4.128304000);(0.001893862, 1.609338000, -0.013845270);1,878022;0,1401993;;;2,756375;1,963335;4,128304
0,7888896;1,902233216;0,005027727;(2.758094000, 1.967994000, 4.127518000);(0.002373829, 1.609463000, -0.013983910);1,879989;0,1361885;;;2,758094;1,967994;4,127518
0,8000008;1,911533767;0,009300551;(2.764269000, 1.974373000, 4.124748000);(0.002991974, 1.609519000, -0.014229480);1,88688;0,1271476;;;2,764269;1,974373;4,124748
0,8111119;1,926197567;0,0146638;(2.777202000, 1.978215000, 4.119001000);(0.003573536, 1.609546000, -0.014447450);1,901114;0,1129797;;;2,777202;1,978215;4,119001
0,8222231;1,944212857;0,01801529;(2.793469000, 1.981008000, 4.111783000);(0.004118546, 1.609516000, -0.014688490);1,918972;0,09653149;;;2,793469;1,981008;4,111783
0,8333342;1,968655477;0,02444262;(2.814223000, 1.990029000, 4.102544000);(0.004642024, 1.609483000, -0.014904680);1,94192;0,0729791;;;2,814223;1,990029;4,102544
0,8444453;1,979181257;0,01052578;(2.823745000, 1.991541000, 4.098320000);(0.005139812, 1.609448000, -0.015171710);1,952376;0,06421772;;;2,823745;1,991541;4,09832
0,8555565;1,982754905;0,003573648;(2.825811000, 1.988768000, 4.097420000);(0.005438327, 1.609441000, -0.015225170);1,95455;0,06464806;;;2,825811;1,988768;4,09742
0,8666676;1,9833849053;0,0006300003;(2.826209000, 1.988311000, 4.097247000);(0.006001070, 1.609519000, -0.015476770);1,954971;0,06469636;;;2,826209;1,988311;4,097247
0,8777788;1,9918273663;0,008442461;(2.832578000, 1.993065000, 4.094400000);(0.006466120, 1.609441000, -0.015643780);1,962082;0,05653682;;;2,832578;1,993065;4,0944
0,8888899;2,0013773863;0,00955002;(2.840163000, 1.997780000, 4.091016000);(0.006873220, 1.609398000, -0.015853770);1,970529;0,04771696;;;2,840163;1,99778;4,091016
0,900001;2,0037519563;0,00237457;(2.841318000, 1.999787000, 4.090493000);(0.007229418, 1.609321000, -0.016124970);1,971862;0,04534696;;;2,841318;1,999787;4,090493
0,9111122;2,0082020093;0,004450053;(2.843624000, 2.003448000, 4.089452000);(0.007430002, 1.609240000, -0.016244710);1,974515;0,04089817;;;2,843624;2,003448;4,089452
0,9222233;2,0185697793;0,01036777;(2.849648000, 2.011438000, 4.086740000);(0.007710323, 1.609156000, -0.016412440);1,981412;0,03055644;;;2,849648;2,011438;4,08674
0,9333345;2,0304894293;0,01191965;(2.859087000, 2.017376000, 4.082529000);(0.007988527, 1.609164000, -0.016598710);1,991979;0,02041711;;;2,859087;2,017376;4,082529
0,9444456;2,0411864293;0,010697;(2.866705000, 2.024067000, 4.079119000);(0.008276954, 1.609132000, -0.016770900);2,000606;0,0124945;;;2,866705;2,024067;4,079119
0,9555568;2,0491132813;0,007926852;(2.870107000, 2.031058000, 4.077574000);(0.008660376, 1.609122000, -0.017061710);2,004664;0,007352308;;;2,870107;2,031058;4,077574
0,9666679;2,0424220143;0,006691267;(2.869437000, 2.037710000, 4.077834000);(0.008893892, 1.609097000, -0.017254300);2,004279;0,004392095;;;2,869437;2,03771;4,077834
0,977779;2,0354676773;0,006954337;(2.865504000, 2.043185000, 4.079545000);(0.008953333, 1.609114000, -0.017413680);2,000286;0,006682096;;;2,865504;2,043185;4,079545
0,9888902;2,0379494963;0,002481819;(2.865419000, 2.045665000, 4.079569000);(0.009112120, 1.609050000, -0.017601610);2,000336;0,009163346;;;2,865419;2,045665;4,079569
1,000001;2,0435570983;0,005607602;(2.867010000, 2.040330000, 4.078894000);(0.009300247, 1.608993000, -0.017798730);2,001772;0,00413878;;;2,86701;2,04033;4,078894
1,011112;2,0513436793;0,007786581;(2.868922000, 2.032825000, 4.078089000);(0.009466603, 1.608937000, -0.017957150);2,00346;0,005180974;;;2,868922;2,032825;4,078089
1,022224;2,0686356893;0,01729201;(2.870927000, 2.015668000, 4.077296000);(0.009686515, 1.608909000, -0.018185740);2,004843;0,0216283;;;2,870927;2,015668;4,077296
1,033335;2,0560736493;0,01256204;(2.870035000, 2.003146000, 4.077760000);(0.009741977, 1.608907000, -0.018237650);2,003371;0,03370066;;;2,870035;2,003146;4,07776
1,044446;2,0518189833;0,004254666;(2.868438000, 1.999271000, 4.078488000);(0.009782970, 1.608883000, -0.018381180);2,001487;0,03735702;;;2,868438;1,999271;4,078488
1,055557;2,0457059093;0,006113074;(2.866579000, 2.005040000, 4.079280000);(0.009851009, 1.608831000, -0.018548850);1,999663;0,03147996;;;2,866579;2,00504;4,07928
1,066668;2,0307925593;0,01491335;(2.859065000, 2.017503000, 4.082539000);(0.009893164, 1.608841000, -0.018718370);1,99196;0,02030654;;;2,859065;2,017503;4,082539
1,077779;2,0141668093;0,01662575;(2.852777000, 2.032655000, 4.085238000);(0.009892091, 1.608803000, -0.018912500);1,985815;0,01452744;;;2,852777;2,032655;4,085238
1,08889;2,0042117933;0,009955016;(2.850262000, 2.042229000, 4.086299000);(0.009813577, 1.608720000, -0.019066160);1,983588;0,0176895;;;2,850262;2,042229;4,086299
