time;total distance traveled;distance to prev position;ray position;hmd position;distance to prev target;distance to current target
(-4.119519000, 0.726988200, 2.866926000);(-4.532013000, 2.538279000, 2.125931000);0,3777778;1,733337

0;-0,01045393;0,01045393;(-4.124624000, 0.746757600, 2.857152000);(-0.121857300, 1.585265000, 0.020099710);0,02263648;1,977423;;;-4,124624;0,7467576;2,857152
0,01111111;-0,02420770;0,01375377;(-4.120537000, 0.737508700, 2.866476000);(-0.121668100, 1.585285000, 0.019924360);0,01057919;1,990099;;;-4,120537;0,7375087;2,866476
0,02222222;-0,03970502;0,01549732;(-4.116167000, 0.726191000, 2.876118000);(-0.121568400, 1.585300000, 0.019876670);0,009816798;2,004837;;;-4,116167;0,726191;2,876118
0,03333334;-0,030564031;0,009140989;(-4.113643000, 0.719340600, 2.881619000);(-0.121378100, 1.585271000, 0.019670440);0,01757549;2,013613;;;-4,113643;0,7193406;2,881619
0,04444445;-0,028731264;0,001832767;(-4.113028000, 0.719381200, 2.883345000);(-0.121233900, 1.585249000, 0.019632410);0,01922454;2,014352;;;-4,113028;0,7193812;2,883345
0,05555556;-0,034721919;0,005990655;(-4.114208000, 0.724886500, 2.881299000);(-0.121089200, 1.585292000, 0.019526500);0,01546615;2,008366;;;-4,114208;0,7248865;2,881299
0,06666667;-0,045111939;0,01039002;(-4.117681000, 0.729429000, 2.872623000);(-0.120922300, 1.585224000, 0.019537640);0,006465268;2,00029;;;-4,117681;0,729429;2,872623
0,07777778;-0,028747269;0,01636467;(-4.123200000, 0.735978400, 2.858679000);(-0.120815900, 1.585246000, 0.019545330);0,01274291;1,988048;;;-4,1232;0,7359784;2,858679
0,08888889;-0,017346019;0,01140125;(-4.126378000, 0.744431000, 2.851719000);(-0.120649800, 1.585227000, 0.019669370);0,02413592;1,97717;;;-4,126378;0,744431;2,851719
0,1;-0,013328731;0,004017288;(-4.127495000, 0.747418500, 2.849277000);(-0.120587000, 1.585289000, 0.019737320);0,02815155;1,973334;;;-4,127495;0,7474185;2,849277
0,1111111;-0,014998104;0,001669373;(-4.127409000, 0.745757200, 2.849138000);(-0.120623300, 1.585374000, 0.019728440);0,02703608;1,974808;;;-4,127409;0,7457572;2,849138
0,1222222;-0,028977014;0,01397891;(-4.122927000, 0.738075000, 2.859922000);(-0.120568100, 1.585420000, 0.019789650);0,0135493;1,986663;;;-4,122927;0,738075;2,859922
0,1333333;-0,043966534;0,01498952;(-4.117905000, 0.731665300, 2.872507000);(-0.120577500, 1.585445000, 0.019894200);0,007458429;1,998178;;;-4,117905;0,7316653;2,872507
0,1444445;-0,024264084;0,01970245;(-4.111199000, 0.724678200, 2.889665000);(-0.120489700, 1.585412000, 0.019909220);0,02432337;2,012343;;;-4,111199;0,7246782;2,889665
0,1555556;-0,011992514;0,01227157;(-4.106986000, 0.721249100, 2.900669000);(-0.120298800, 1.585264000, 0.019741670);0,03644993;2,020511;;;-4,106986;0,7212491;2,900669
0,1666667;-0,003931525;0,008060989;(-4.107122000, 0.729182000, 2.902093000);(-0.120264600, 1.585313000, 0.019783810);0,03735312;2,0139;;;-4,107122;0,729182;2,902093
0,1777778;-0,008329568;0,004398043;(-4.107719000, 0.733484000, 2.901402000);(-0.120173400, 1.585285000, 0.019751560);0,03701368;2,009643;;;-4,107719;0,733484;2,901402
0,1888889;-0,017116904;0,008787336;(-4.110562000, 0.738141400, 2.894514000);(-0.120168700, 1.585277000, 0.019703110);0,03107584;2,002208;;;-4,110562;0,7381414;2,894514
0,2;-0,025557252;0,008440348;(-4.113451000, 0.739009900, 2.886631000);(-0.120133600, 1.585260000, 0.019741250);0,02386686;1,997806;;;-4,113451;0,7390099;2,886631
0,2111111;-0,043778132;0,01822088;(-4.119701000, 0.741214800, 2.869658000);(-0.119956000, 1.585151000, 0.019581630);0,01448765;1,988108;;;-4,119701;0,7412148;2,869658
0,2222222;-0,041821764;0,001956368;(-4.120071000, 0.743032200, 2.869036000);(-0.119849700, 1.585098000, 0.019684930);0,01619159;1,986155;;;-4,120071;0,7430322;2,869036
0,2333333;-0,043649300;0,001827536;(-4.119886000, 0.741217000, 2.869139000);(-0.119704800, 1.584901000, 0.019408720);0,01440464;1,987873;;;-4,119886;0,741217;2,869139
0,2444444;-0,048891042;0,005241742;(-4.118719000, 0.736612300, 2.871355000);(-0.119616900, 1.584846000, 0.019469450);0,01062464;1,993106;;;-4,118719;0,7366123;2,871355
0,2555556;-0,045333864;0,003557178;(-4.117507000, 0.736368800, 2.874691000);(-0.119592100, 1.584808000, 0.019564350);0,01234241;1,994828;;;-4,117507;0,7363688;2,874691
0,2666667;-0,034906534;0,01042733;(-4.113970000, 0.735984300, 2.884492000);(-0.119344200, 1.584682000, 0.019386720);0,02050125;1,999611;;;-4,11397;0,7359843;2,884492
0,2777778;-0,028364742;0,006541792;(-4.111929000, 0.737449600, 2.890532000);(-0.119366100, 1.584648000, 0.019306850);0,02691312;2,001018;;;-4,111929;0,7374496;2,890532
0,2888889;-0,0275232428;0,0008414992;(-4.111796000, 0.738097100, 2.891053000);(-0.119688000, 1.584810000, 0.019449550);0,0276619;2,000663;;;-4,111796;0,7380971;2,891053
0,3;-0,0366112778;0,009088035;(-4.114783000, 0.742548300, 2.883714000);(-0.119652900, 1.584995000, 0.019640040);0,02337527;1,99323;;;-4,114783;0,7425483;2,883714
0,3111111;-0,0261173578;0,01049392;(-4.117602000, 0.750654100, 2.877676000);(-0.119672600, 1.585101000, 0.019653510);0,02606344;1,983043;;;-4,117602;0,7506541;2,877676
0,3222222;-0,0180156208;0,008101737;(-4.119386000, 0.757807500, 2.874316000);(-0.119744600, 1.585187000, 0.019716930);0,03169326;1,974949;;;-4,119386;0,7578075;2,874316
0,3333333;-0,0085238408;0,00949178;(-4.122246000, 0.764017900, 2.867733000);(-0.119873100, 1.585323000, 0.019790070);0,03713872;1,966261;;;-4,122246;0,7640179;2,867733
0,3444445;0,0005629892;0,00908683;(-4.124658000, 0.771124000, 2.862608000);(-0.120031400, 1.585573000, 0.019872680);0,0446432;1,957414;;;-4,124658;0,771124;2,862608
0,3555556;0,0132215292;0,01265854;(-4.126802000, 0.783167800, 2.859354000);(-0.120332900, 1.585916000, 0.019958030);0,05715346;1,944871;;;-4,126802;0,7831678;2,859354
0,3666667;0,0239105992;0,01068907;(-4.127711000, 0.793817500, 2.859238000);(-0.120215100, 1.586153000, 0.019777250);0,06776706;1,935031;;;-4,127711;0,7938175;2,859238
0,3777778;0,0459697592;0,02205916;(-4.130789000, 0.815344300, 2.855533000);(-0.120580700, 1.586800000, 0.019789890);0,08979771;1,913584;;;-4,130789;0,8153443;2,855533
0,3888889;0,0681895692;0,02221981;(-4.134259000, 0.836754000, 2.850705000);(-0.121050800, 1.587555000, 0.019830180);0,1119326;1,891744;;;-4,134259;0,836754;2,850705
0,4;0,1139222892;0,04573272;(-4.142417000, 0.879834000, 2.837703000);(-0.121602800, 1.588307000, 0.019898550);0,1572899;1,846306;;;-4,142417;0,879834;2,837703
0,4111111;0,1722450092;0,05832272;(-4.154077000, 0.933194200, 2.817251000);(-0.122100900, 1.588948000, 0.020008160);0,2149016;1,788032;;;-4,154077;0,9331942;2,817251
0,4222222;0,2215422392;0,04929723;(-4.164151000, 0.977978300, 2.799276000);(-0.122650700, 1.589655000, 0.020081770);0,2637509;1,738751;;;-4,164151;0,9779783;2,799276
0,4333333;0,2864922292;0,06494999;(-4.176733000, 1.037952000, 2.777750000);(-0.123189000, 1.590298000, 0.020135890);0,3285181;1,67394;;;-4,176733;1,037952;2,77775
0,4444444;0,3537851892;0,06729296;(-4.186300000, 1.103503000, 2.765925000);(-0.123740500, 1.590869000, 0.020153950);0,3955052;1,608631;;;-4,1863;1,103503;2,765925
0,4555556;0,4204783992;0,06669321;(-4.192160000, 1.169927000, 2.764667000);(-0.124318600, 1.591380000, 0.020044160);0,4603562;1,547861;;;-4,19216;1,169927;2,764667
0,4666667;0,4815787092;0,06110031;(-4.194235000, 1.230467000, 2.772651000);(-0.124724300, 1.591935000, 0.019815160);0,51765;1,497569;;;-4,194235;1,230467;2,772651
0,4777778;0,5393385492;0,05775984;(-4.196769000, 1.287861000, 2.778634000);(-0.125231200, 1.592669000, 0.019863920);0,5730104;1,449813;;;-4,196769;1,287861;2,778634
0,4888889;0,6020499492;0,0627114;(-4.202175000, 1.350332000, 2.777744000);(-0.125715400, 1.593349000, 0.019993440);0,635093;1,394587;;;-4,202175;1,350332;2,777744
0,5;0,6656651592;0,06361521;(-4.209793000, 1.413100000, 2.770736000);(-0.126267100, 1.594040000, 0.019995290);0,6986779;1,336274;;;-4,209793;1,4131;2,770736
0,5111111;0,7396656992;0,07400054;(-4.221607000, 1.484181000, 2.753886000);(-0.126871100, 1.594770000, 0.019921260);0,7723607;1,265623;;;-4,221607;1,484181;2,753886
0,5222223;0,8252830192;0,08561732;(-4.237538000, 1.564067000, 2.727529000);(-0.127443400, 1.595402000, 0.019842400);0,856774;1,182254;;;-4,237538;1,564067;2,727529
0,5333334;0,9095185192;0,0842355;(-4.252674000, 1.643295000, 2.703247000);(-0.127982700, 1.595986000, 0.019746020);0,9402863;1,101055;;;-4,252674;1,643295;2,703247
0,5444446;1,0070707192;0,0975522;(-4.269279000, 1.736030000, 2.677932000);(-0.128473800, 1.596594000, 0.019595340);1,037454;1,008632;;;-4,269279;1,73603;2,677932
0,5555557;1,1040103292;0,09693961;(-4.285078000, 1.828857000, 2.654892000);(-0.128884800, 1.597122000, 0.019384940);1,134232;0,9187257;;;-4,285078;1,828857;2,654892
1,600003;2,0281549292;0,9241446;(-4.522327000, 2.573003000, 2.160925000);(-0.129086600, 1.610510000, 0.003755346);2,017042;0,05024065;;;-4,522327;2,573003;2,160925
1,611114;2,0347873972;0,006632468;(-4.524214000, 2.570501000, 2.155079000);(-0.129264700, 1.610769000, 0.003824189);2,017187;0,0441443;;;-4,524214;2,570501;2,155079
1,622225;2,0287480062;0,006039391;(-4.525132000, 2.565774000, 2.151434000);(-0.129279100, 1.610711000, 0.003953949);2,014345;0,03812801;;;-4,525132;2,565774;2,151434
1,633336;2,0231070752;0,005640931;(-4.523349000, 2.562514000, 2.155678000);(-0.129425200, 1.610729000, 0.003987327);2,009504;0,03933495;;;-4,523349;2,562514;2,155678
1,644447;2,0191806982;0,003926377;(-4.522493000, 2.559032000, 2.157279000);(-0.129561800, 1.610744000, 0.004061416);2,005585;0,03878209;;;-4,522493;2,559032;2,157279
1,655559;2,0131412422;0,006039456;(-4.522090000, 2.553011000, 2.157035000);(-0.129699500, 1.610730000, 0.004110888);2,000093;0,03581809;;;-4,52209;2,553011;2,157035
1,66667;2,0033756792;0,009765563;(-4.522134000, 2.543517000, 2.154750000);(-0.130005200, 1.610634000, 0.003989950);1,992252;0,03091265;;;-4,522134;2,543517;2,15475
1,677781;1,9994470802;0,003928599;(-4.521746000, 2.539612000, 2.154945000);(-0.130161300, 1.610595000, 0.004007295);1,988545;0,03080582;;;-4,521746;2,539612;2,154945
1,688892;1,9938949742;0,005552106;(-4.520184000, 2.535548000, 2.158390000);(-0.130333900, 1.610506000, 0.003980771);1,983291;0,03465511;;;-4,520184;2,535548;2,15839
1,700003;1,9918517762;0,002043198;(-4.520319000, 2.533676000, 2.157584000);(-0.130412000, 1.610451000, 0.003999308);1,9819;0,03405635;;;-4,520319;2,533676;2,157584
1,711114;2,0004381602;0,008586384;(-4.523211000, 2.537168000, 2.150292000);(-0.130541200, 1.610398000, 0.004059032);1,988286;0,02592647;;;-4,523211;2,537168;2,150292
1,722225;2,0121805702;0,01174241;(-4.527206000, 2.541350000, 2.140073000);(-0.130709300, 1.610235000, 0.004202738);1,996605;0,01524881;;;-4,527206;2,54135;2,140073
1,733337;2,0212565692;0,009075999;(-4.529884000, 2.538406000, 2.131916000);(-0.130842100, 1.610136000, 0.004230276);1,997467;0,006353419;;;-4,529884;2,538406;2,131916
1,744448;2,0114617742;0,009794795;(-4.530620000, 2.529532000, 2.127836000);(-0.131208600, 1.610021000, 0.004194513);1,991086;0,009059861;;;-4,53062;2,529532;2,127836
1,755559;2,0042634772;0,007198297;(-4.531040000, 2.522869000, 2.125144000);(-0.131332700, 1.609984000, 0.004239932);1,986147;0,01546069;;;-4,53104;2,522869;2,125144
1,76667;1,9954309832;0,008832494;(-4.529428000, 2.514590000, 2.127765000);(-0.131445100, 1.610100000, 0.004344657);1,977348;0,02390018;;;-4,529428;2,51459;2,127765
1,777781;1,9892063322;0,006224651;(-4.529566000, 2.508616000, 2.126021000);(-0.131553900, 1.610082000, 0.004385665);1,972632;0,02976379;;;-4,529566;2,508616;2,126021
1,788892;1,9847957102;0,004410622;(-4.530225000, 2.505141000, 2.123387000);(-0.131582200, 1.610023000, 0.004497781);1,970623;0,03328389;;;-4,530225;2,505141;2,123387
1,800003;1,9814269012;0,003368809;(-4.529601000, 2.501994000, 2.124413000);(-0.131660400, 1.610018000, 0.004561260);1,967266;0,03639739;;;-4,529601;2,501994;2,124413
