time;total distance traveled;distance to prev position;ray position;hmd position;distance to prev target;distance to current target
(-0.448947400, 1.173467000, 4.519110000);(0.228749200, 3.047263000, 4.347020000);0,2888889;0,2666667

0;-0,01143048;0,01143048;(-0.453520900, 1.154000000, 4.522097000);(0.011885740, 1.627563000, -0.429801800);0,0202187;2,020046;;;-0,4535209;1,154;4,522097
0,01111111;-0,019072043;0,007641563;(-0.449426500, 1.160447000, 4.522363000);(0.011908090, 1.627499000, -0.429589500);0,01342892;2,012646;;;-0,4494265;1,160447;4,522363
0,02222222;-0,011229823;0,00784222;(-0.442447100, 1.159914000, 4.525899000);(0.011884300, 1.627345000, -0.429319700);0,01649302;2,011116;;;-0,4424471;1,159914;4,525899
0,03333334;-0,005901730;0,005328093;(-0.437668900, 1.159797000, 4.528254000);(0.011917240, 1.627257000, -0.429115400);0,01994157;2,009847;;;-0,4376689;1,159797;4,528254
0,04444445;-0,009172433;0,003270703;(-0.437105400, 1.162967000, 4.527679000);(0.011997700, 1.627194000, -0.429074500);0,01799724;2,006631;;;-0,4371054;1,162967;4,527679
0,05555556;-0,015913506;0,006741073;(-0.440680700, 1.167810000, 4.524644000);(0.012021430, 1.627103000, -0.428917600);0,01144412;2,003005;;;-0,4406807;1,16781;4,524644
0,06666667;-0,018052589;0,002139083;(-0.442434200, 1.168473000, 4.523614000);(0.012086130, 1.627114000, -0.428823200);0,009361994;2,002879;;;-0,4424342;1,168473;4,523614
0,07777778;-0,008546522;0,009506067;(-0.446032600, 1.159695000, 4.524214000);(0.012152620, 1.627012000, -0.428696600);0,01497374;2,012372;;;-0,4460326;1,159695;4,524214
0,08888889;-0,003496711;0,005049811;(-0.448701500, 1.155411000, 4.524064000);(0.012192580, 1.626933000, -0.428587900);0,01872501;2,017272;;;-0,4487015;1,155411;4,524064
0,1;0,006910009;0,01040672;(-0.453805100, 1.146341000, 4.524009000);(0.012222050, 1.626850000, -0.428265800);0,02798905;2,027488;;;-0,4538051;1,146341;4,524009
0,1111111;0,013939819;0,00702981;(-0.460166800, 1.145444000, 4.521156000);(0.012266760, 1.626807000, -0.428142500);0,03025409;2,030232;;;-0,4601668;1,145444;4,521156
0,1222222;0,010454943;0,003484876;(-0.462622700, 1.147259000, 4.519476000);(0.012328240, 1.626842000, -0.427820100);0,02956373;2,029224;;;-0,4626227;1,147259;4,519476
0,1333333;0,001476376;0,008978567;(-0.459715300, 1.155711000, 4.518627000);(0.012379320, 1.626770000, -0.427669100);0,02077138;2,020248;;;-0,4597153;1,155711;4,518627
0,1444445;-0,006312609;0,007788985;(-0.452833700, 1.158181000, 4.521312000);(0.012409090, 1.626801000, -0.427559100);0,01592484;2,015828;;;-0,4528337;1,158181;4,521312
0,1555556;-0,000708123;0,005604486;(-0.448315500, 1.156269000, 4.524021000);(0.012335060, 1.626633000, -0.427560700);0,01789669;2,016334;;;-0,4483155;1,156269;4,524021
0,1666667;0,004588695;0,005296818;(-0.450188200, 1.151331000, 4.524432000);(0.012358970, 1.626670000, -0.427451800);0,02280029;2,02163;;;-0,4501882;1,151331;4,524432
0,1777778;0,009399646;0,004810951;(-0.452920600, 1.147381000, 4.524161000);(0.012281870, 1.626767000, -0.427472500);0,02686593;2,026229;;;-0,4529206;1,147381;4,524161
0,1888889;0,011596523;0,002196877;(-0.451932800, 1.145659000, 4.525103000);(0.012337840, 1.626770000, -0.427393600);0,02860215;2,027594;;;-0,4519328;1,145659;4,525103
0,2;0,013737666;0,002141143;(-0.450375800, 1.144616000, 4.526138000);(0.012395980, 1.626973000, -0.427367700);0,02972847;2,028141;;;-0,4503758;1,144616;4,526138
0,2111111;0,011462007;0,002275659;(-0.451789700, 1.146043000, 4.525069000);(0.012405010, 1.627105000, -0.427266800);0,02820691;2,027183;;;-0,4517897;1,146043;4,525069
0,2222222;0,008146884;0,003315123;(-0.452799900, 1.148936000, 4.523804000);(0.012459010, 1.627238000, -0.427247300);0,02527098;2,024699;;;-0,4527999;1,148936;4,523804
0,2333333;-0,003209236;0,01135612;(-0.451599000, 1.159977000, 4.521431000);(0.012459100, 1.627491000, -0.427127700);0,01394287;2,013738;;;-0,451599;1,159977;4,521431
0,2444444;-0,010225599;0,007016363;(-0.448732800, 1.166373000, 4.521113000);(0.012647450, 1.627936000, -0.427047500);0,007374325;2,006748;;;-0,4487328;1,166373;4,521113
0,2555556;0,001697651;0,01192325;(-0.439633100, 1.173670000, 4.523584000);(0.012674420, 1.628269000, -0.426949300);0,01033538;1,997062;;;-0,4396331;1,17367;4,523584
0,2666667;0,014047241;0,01234959;(-0.429255700, 1.179364000, 4.527106000);(0.012691230, 1.628621000, -0.426670600);0,02205645;1,988579;;;-0,4292557;1,179364;4,527106
0,2777778;0,034267151;0,02021991;(-0.411822700, 1.187427000, 4.533425000);(0.012750570, 1.628904000, -0.426574900);0,04216702;1,975872;;;-0,4118227;1,187427;4,533425
0,2888889;0,062806451;0,0285393;(-0.390504500, 1.205585000, 4.538930000);(0.012826450, 1.629113000, -0.426480900);0,06957012;1,952455;;;-0,3905045;1,205585;4,53893
0,3;0,102604951;0,0397985;(-0.368348500, 1.238589000, 4.540869000);(0.012904290, 1.629349000, -0.426471200);0,1058799;1,914524;;;-0,3683485;1,238589;4,540869
0,3111111;0,142869391;0,04026444;(-0.348814000, 1.273797000, 4.540942000);(0.013041980, 1.629578000, -0.426393500);0,143421;1,875197;;;-0,348814;1,273797;4,540942
0,3222222;0,188832391;0,045963;(-0.331730800, 1.316356000, 4.537856000);(0.013168730, 1.629727000, -0.426307900);0,1857645;1,82937;;;-0,3317308;1,316356;4,537856
0,3333333;0,232491831;0,04365944;(-0.320549800, 1.358165000, 4.532100000);(0.013269310, 1.629907000, -0.426215600);0,2253179;1,785787;;;-0,3205498;1,358165;4,5321
0,3444445;0,269122511;0,03663068;(-0.309629600, 1.392902000, 4.528111000);(0.013513450, 1.630148000, -0.426264200);0,2600811;1,749159;;;-0,3096296;1,392902;4,528111
0,3555556;0,313619691;0,04449718;(-0.297758500, 1.435418000, 4.522501000);(0.013645380, 1.630305000, -0.426156500);0,3024697;1,704714;;;-0,2977585;1,435418;4,522501
0,3666667;0,355166071;0,04154638;(-0.283719100, 1.474354000, 4.518905000);(0.013703050, 1.630477000, -0.425938500);0,3432693;1,663192;;;-0,2837191;1,474354;4,518905
0,3777778;0,405933501;0,05076743;(-0.271551500, 1.523122000, 4.511766000);(0.013834360, 1.630568000, -0.425889100);0,3921508;1,61259;;;-0,2715515;1,523122;4,511766
0,3888889;0,462225191;0,05629169;(-0.256687500, 1.576939000, 4.504587000);(0.013909550, 1.630728000, -0.425802900);0,4471744;1,556383;;;-0,2566875;1,576939;4,504587
0,4;0,523907661;0,06168247;(-0.239290800, 1.635670000, 4.497324000);(0.014016090, 1.630873000, -0.425762900);0,5079988;1,494739;;;-0,2392908;1,63567;4,497324
0,4111111;0,597988251;0,07408059;(-0.213605900, 1.704893000, 4.491282000);(0.014074450, 1.631050000, -0.425699800);0,5818707;1,420721;;;-0,2136059;1,704893;4,491282
0,4222222;0,657512821;0,05952457;(-0.192509900, 1.760364000, 4.486690000);(0.014115900, 1.631237000, -0.425632600);0,6412951;1,361277;;;-0,1925099;1,760364;4,48669
0,4333333;0,723259451;0,06574663;(-0.162657300, 1.818931000, 4.485527000);(0.014233560, 1.631496000, -0.425702800);0,7069042;1,296604;;;-0,1626573;1,818931;4,485527
0,4444444;0,782915281;0,05965583;(-0.142880100, 1.874955000, 4.480146000);(0.014300290, 1.631695000, -0.425639800);0,7663428;1,236987;;;-0,1428801;1,874955;4,480146
0,4555556;0,841976521;0,05906124;(-0.129966900, 1.931886000, 4.471184000);(0.014346900, 1.631959000, -0.425643300);0,8241636;1,178201;;;-0,1299669;1,931886;4,471184
0,4666667;0,897951761;0,05597524;(-0.118436600, 1.985939000, 4.462321000);(0.014415000, 1.632305000, -0.425609700);0,8789618;1,122604;;;-0,1184366;1,985939;4,462321
0,4777778;0,949186551;0,05123479;(-0.107120400, 2.035310000, 4.454607000);(0.014529230, 1.632612000, -0.425602400);0,9293973;1,071649;;;-0,1071204;2,03531;4,454607
0,4888889;1,000554331;0,05136778;(-0.087548930, 2.082697000, 4.451437000);(0.014548690, 1.632889000, -0.425654900);0,9807589;1,020458;;;-0,08754893;2,082697;4,451437
0,5;1,057156281;0,05660195;(-0.056084590, 2.129669000, 4.454163000);(0.014541600, 1.633156000, -0.425750700);1,0358;0,9667411;;;-0,05608459;2,129669;4,454163
0,5111111;1,121557051;0,06440077;(-0.018264350, 2.181601000, 4.458651000);(0.014548720, 1.633369000, -0.425881700);1,097942;0,9071095;;;-0,01826435;2,181601;4,458651
0,5222223;1,180221411;0,05866436;(0.008585483, 2.233752000, 4.457746000);(0.014589100, 1.633617000, -0.426099100);1,15642;0,8500184;;;0,008585483;2,233752;4,457746
0,5333334;1,240085011;0,0598636;(0.035725620, 2.287099000, 4.456662000);(0.014557130, 1.633865000, -0.426373500);1,216135;0,7919141;;;0,03572562;2,287099;4,456662
0,5444446;1,291083731;0,05099872;(0.054432720, 2.334409000, 4.453093000);(0.014447690, 1.634040000, -0.426644200);1,267097;0,7414841;;;0,05443272;2,334409;4,453093
0,5555557;1,339415441;0,04833171;(0.073320230, 2.378815000, 4.450390000);(0.014500140, 1.634169000, -0.427109400);1,315428;0,6940217;;;0,07332023;2,378815;4,45039
0,5666668;1,384850461;0,04543502;(0.092464650, 2.419984000, 4.448678000);(0.014492310, 1.634391000, -0.427505100);1,360843;0,6499126;;;0,09246465;2,419984;4,448678
0,577778;1,429399121;0,04454866;(0.112275400, 2.459872000, 4.447633000);(0.014454370, 1.634534000, -0.428012000);1,405318;0,6072211;;;0,1122754;2,459872;4,447633
0,5888891;1,468656421;0,0392573;(0.132208400, 2.493686000, 4.448273000);(0.014405070, 1.634685000, -0.428560000);1,444209;0,5709814;;;0,1322084;2,493686;4,448273
0,6000003;1,502736281;0,03407986;(0.150484200, 2.522426000, 4.449466000);(0.014329620, 1.634994000, -0.429168800);1,477789;0,5404387;;;0,1504842;2,522426;4,449466
0,6111114;1,539062711;0,03632643;(0.168718300, 2.553841000, 4.449923000);(0.014292540, 1.635203000, -0.429827600);1,513847;0,5075995;;;0,1687183;2,553841;4,449923
0,6222225;1,573714381;0,03465167;(0.185312100, 2.584261000, 4.449848000);(0.014352620, 1.635525000, -0.430493200);1,548362;0,4762672;;;0,1853121;2,584261;4,449848
0,6333337;1,604249241;0,03053486;(0.198796900, 2.611646000, 4.449074000);(0.014318710, 1.635872000, -0.431089200);1,578873;0,4484124;;;0,1987969;2,611646;4,449074
0,6444448;1,644366761;0,04011752;(0.217715000, 2.647022000, 4.448803000);(0.014349110, 1.636289000, -0.431626900);1,618872;0,413127;;;0,217715;2,647022;4,448803
0,655556;1,687480451;0,04311369;(0.239858400, 2.684005000, 4.449670000);(0.014307350, 1.636753000, -0.432141400);1,661626;0,3776462;;;0,2398584;2,684005;4,44967
0,6666671;1,735584371;0,04810392;(0.267109700, 2.723556000, 4.452333000);(0.014334980, 1.637325000, -0.432603000);1,708793;0,3425618;;;0,2671097;2,723556;4,452333
0,6777782;1,777014821;0,04143045;(0.288749600, 2.758869000, 4.453403000);(0.014451210, 1.637796000, -0.433012000);1,749861;0,3131902;;;0,2887496;2,758869;4,453403
0,6888894;1,803507741;0,02649292;(0.296903300, 2.783926000, 4.450660000);(0.014516420, 1.638250000, -0.433455800);1,776108;0,2910878;;;0,2969033;2,783926;4,45066
0,7000005;1,822319521;0,01881178;(0.288498700, 2.798709000, 4.442615000);(0.014610800, 1.638664000, -0.433897300);1,786362;0,2729236;;;0,2884987;2,798709;4,442615
0,7111117;1,835926761;0,01360724;(0.281823600, 2.808945000, 4.436629000);(0.014718650, 1.639003000, -0.434335800);1,793214;0,2600809;;;0,2818236;2,808945;4,436629
0,7222228;1,845008331;0,00908157;(0.274678000, 2.812413000, 4.432226000);(0.014814980, 1.639241000, -0.434809300);1,793691;0,2540156;;;0,274678;2,812413;4,432226
0,7333339;1,850047254;0,005038923;(0.274452600, 2.817247000, 4.430822000);(0.014970900, 1.639473000, -0.435211500);1,798087;0,2490357;;;0,2744526;2,817247;4,430822
0,7444451;1,868239714;0,01819246;(0.284233900, 2.832572000, 4.431475000);(0.015072230, 1.639717000, -0.435638900);1,816003;0,2372829;;;0,2842339;2,832572;4,431475
0,7555562;1,885247854;0,01700814;(0.292386800, 2.847499000, 4.431444000);(0.015301860, 1.639936000, -0.435986000);1,832934;0,2260147;;;0,2923868;2,847499;4,431444
0,7666674;1,900774934;0,01552708;(0.296614900, 2.862317000, 4.429533000);(0.015427560, 1.640070000, -0.436372000);1,84827;0,2135866;;;0,2966149;2,862317;4,429533
0,7777785;1,914509744;0,01373481;(0.300298300, 2.875436000, 4.427812000);(0.015557110, 1.640161000, -0.436862500);1,861828;0,2029066;;;0,3002983;2,875436;4,427812
0,7888896;1,924176172;0,009666428;(0.306198400, 2.883048000, 4.428643000);(0.015665230, 1.640286000, -0.437223400);1,871122;0,1990661;;;0,3061984;2,883048;4,428643
0,8000008;1,938557562;0,01438139;(0.312223000, 2.896094000, 4.428081000);(0.015725760, 1.640312000, -0.437530500);1,8855;0,1907632;;;0,312223;2,896094;4,428081
0,8111119;1,958776252;0,02021869;(0.320094500, 2.914682000, 4.426932000);(0.015859720, 1.640392000, -0.437810900);1,905716;0,1797427;;;0,3200945;2,914682;4,426932
0,8222231;1,985502652;0,0267264;(0.324994900, 2.940559000, 4.422387000);(0.015992640, 1.640410000, -0.438153300);1,931569;0,1622622;;;0,3249949;2,940559;4,422387
0,8333342;2,007418832;0,02191618;(0.317893000, 2.959464000, 4.413873000);(0.016137270, 1.640402000, -0.438415500);1,946511;0,1418608;;;0,317893;2,959464;4,413873
0,8444453;2,026316732;0,0188979;(0.306151100, 2.971312000, 4.404991000);(0.016297370, 1.640335000, -0.438642900);1,953316;0,1229642;;;0,3061511;2,971312;4,404991
0,8555565;1,999379402;0,02693733;(0.282101600, 2.972669000, 4.392933000);(0.016686170, 1.640493000, -0.438927600);1,946145;0,1025608;;;0,2821016;2,972669;4,392933
0,8666676;1,982059962;0,01731944;(0.267294600, 2.965376000, 4.387685000);(0.016855720, 1.640440000, -0.439134200);1,934222;0,09922103;;;0,2672946;2,965376;4,387685
0,8777788;1,974253561;0,007806401;(0.260520200, 2.962410000, 4.385186000);(0.017022670, 1.640422000, -0.439392000);1,929144;0,09831599;;;0,2605202;2,96241;4,385186
0,8888899;1,986819251;0,01256569;(0.262592600, 2.974597000, 4.382931000);(0.017204380, 1.640466000, -0.439509900);1,941366;0,0878369;;;0,2625926;2,974597;4,382931
0,900001;2,002168951;0,0153497;(0.263077500, 2.989474000, 4.379183000);(0.017303980, 1.640397000, -0.439564300);1,955618;0,07451478;;;0,2630775;2,989474;4,379183
0,9111122;2,019365891;0,01719694;(0.268268300, 3.005765000, 4.377347000);(0.017508690, 1.640366000, -0.439727500);1,972768;0,06483416;;;0,2682683;3,005765;4,377347
0,9222233;2,025117712;0,005751821;(0.266559300, 3.010806000, 4.375166000);(0.017743710, 1.640238000, -0.439957400);1,976989;0,05958924;;;0,2665593;3,010806;4,375166
0,9333345;2,019825071;0,005292641;(0.262136400, 3.012232000, 4.372633000);(0.017957330, 1.640205000, -0.440164000);1,976905;0,05475266;;;0,2621364;3,012232;4,372633
0,9444456;2,016195456;0,003629615;(0.258949100, 3.010995000, 4.371415000);(0.018184190, 1.640138000, -0.440358500);1,974701;0,05312683;;;0,2589491;3,010995;4,371415
0,9555568;2,026519076;0,01032362;(0.262132500, 3.020758000, 4.370349000);(0.018417540, 1.640099000, -0.440527000);1,985006;0,04859214;;;0,2621325;3,020758;4,370349
0,9666679;2,042543686;0,01602461;(0.269407800, 3.035033000, 4.370066000);(0.018659090, 1.640167000, -0.440618300);2,000919;0,04830938;;;0,2694078;3,035033;4,370066
0,977779;2,051354249;0,008810563;(0.270078400, 3.043595000, 4.368099000);(0.018905050, 1.640127000, -0.440823800);2,009274;0,04653908;;;0,2700784;3,043595;4,368099
0,9888902;2,037374619;0,01397963;(0.257874900, 3.038544000, 4.363517000);(0.019168710, 1.640118000, -0.441003500);2,00058;0,03459021;;;0,2578749;3,038544;4,363517
1,000001;2,020095679;0,01727894;(0.242753500, 3.032447000, 4.357797000);(0.019426140, 1.640060000, -0.441193200);1,990045;0,02306012;;;0,2427535;3,032447;4,357797
1,011112;1,999962719;0,02013296;(0.226304300, 3.022079000, 4.352573000);(0.019693170, 1.640076000, -0.441377000);1,975112;0,02590385;;;0,2263043;3,022079;4,352573
1,022224;2,007227658;0,007264939;(0.220372800, 3.024388000, 4.349071000);(0.020053600, 1.640013000, -0.441657600);1,975553;0,02444659;;;0,2203728;3,024388;4,349071
1,033335;2,019227828;0,01200017;(0.222247400, 3.036033000, 4.346865000);(0.020310790, 1.640053000, -0.441901800);1,987291;0,01297667;;;0,2222474;3,036033;4,346865
1,044446;2,034982778;0,01575495;(0.226864700, 3.050993000, 4.345105000);(0.020510760, 1.640024000, -0.442060900);2,003024;0,004597512;;;0,2268647;3,050993;4,345105
1,055557;2,044640054;0,009657276;(0.227213000, 3.060357000, 4.342768000);(0.020809380, 1.640035000, -0.442286500);2,012125;0,01385305;;;0,227213;3,060357;4,342768
1,066668;2,038015147;0,006624907;(0.221222100, 3.059902000, 4.339976000);(0.021060410, 1.640053000, -0.442458500);2,009939;0,01631003;;;0,2212221;3,059902;4,339976
1,077779;2,043253010;0,005237863;(0.217003400, 3.061698000, 4.337444000);(0.021305500, 1.640104000, -0.442652500);2,01045;0,02092933;;;0,2170034;3,061698;4,337444
1,08889;2,047853701;0,004600691;(0.215045000, 3.065382000, 4.335505000);(0.021539300, 1.640184000, -0.442841600);2,01344;0,0254696;;;0,215045;3,065382;4,335505
1,100002;2,051991251;0,00413755;(0.216832400, 3.069111000, 4.335376000);(0.021823080, 1.640274000, -0.443025800);2,017545;0,02747642;;;0,2168324;3,069111;4,335376
1,111113;2,050805923;0,001185328;(0.217345500, 3.068168000, 4.335878000);(0.022054790, 1.640352000, -0.443230600);2,016783;0,0262911;;;0,2173455;3,068168;4,335878
1,122224;2,047200862;0,003605061;(0.215408100, 3.065131000, 4.335749000);(0.022245020, 1.640297000, -0.443218300);2,013301;0,02498573;;;0,2154081;3,065131;4,335749
1,133335;2,029658472;0,01754239;(0.206322400, 3.050130000, 4.335347000);(0.022477780, 1.640281000, -0.443345800);1,99625;0,0254448;;;0,2063224;3,05013;4,335347
1,144446;2,011666742;0,01799173;(0.199137100, 3.033661000, 4.336262000);(0.022699120, 1.640271000, -0.443529600);1,978325;0,03431652;;;0,1991371;3,033661;4,336262
1,155557;1,996252652;0,01541409;(0.190923100, 3.020627000, 4.335757000);(0.022871910, 1.640245000, -0.443709100);1,963429;0,0476142;;;0,1909231;3,020627;4,335757
