time;total distance traveled;distance to prev position;ray position;hmd position;distance to prev target;distance to current target
(0.832320900, 2.962662000, 4.332714000);(2.150749000, 1.476271000, 4.103827000);0,3222222;0,2777778

0;-0,01996051;0,01996051;(0.869853700, 2.956421000, 4.317284000);(0.028531170, 1.635671000, -0.417034000);0,04105775;1,969036;;;0,8698537;2,956421;4,317284
0,01111111;-0,02985995;0,00989944;(0.860799100, 2.956930000, 4.321253000);(0.028531170, 1.635671000, -0.417034000);0,03122841;1,975752;;;0,8607991;2,95693;4,321253
0,02222222;-0,02985995;0;(0.860799100, 2.956930000, 4.321253000);(0.028548100, 1.635724000, -0.416981700);0,03122841;1,975752;;;0,8607991;2,95693;4,321253
0,03333334;-0,04040167;0,01054172;(0.851711800, 2.954435000, 4.325978000);(0.028539390, 1.635774000, -0.416928400);0,02211462;1,980358;;;0,8517118;2,954435;4,325978
0,04444445;-0,05669210;0,01629043;(0.839966800, 2.945923000, 4.333392000);(0.028755250, 1.635911000, -0.417085800);0,01841539;1,982606;;;0,8399668;2,945923;4,333392
0,05555556;-0,04038089;0,01631121;(0.828734900, 2.936668000, 4.340758000);(0.028624150, 1.635940000, -0.416979100);0,02744537;1,984091;;;0,8287349;2,936668;4,340758
0,06666667;-0,02999428;0,01038661;(0.821032300, 2.931565000, 4.345502000);(0.028606360, 1.635959000, -0.416913200);0,0354686;1,98606;;;0,8210323;2,931565;4,345502
0,07777778;-0,025856932;0,004137348;(0.817947100, 2.929559000, 4.347393000);(0.028394080, 1.636025000, -0.416875500);0,03896047;1,98689;;;0,8179471;2,929559;4,347393
0,08888889;-0,042686072;0,01682914;(0.823980300, 2.943957000, 4.341106000);(0.028394080, 1.636025000, -0.416875500);0,02213361;1,992666;;;0,8239803;2,943957;4,341106
0,1;-0,042686072;0;(0.823980300, 2.943957000, 4.341106000);(0.028315700, 1.636030000, -0.416806100);0,02213361;1,992666;;;0,8239803;2,943957;4,341106
0,1111111;-0,055915092;0,01322902;(0.829304900, 2.954932000, 4.335987000);(0.028198340, 1.636041000, -0.416672600);0,008920352;1,996635;;;0,8293049;2,954932;4,335987
0,1222222;-0,045796172;0,01011892;(0.820902900, 2.959957000, 4.338545000);(0.028122700, 1.636054000, -0.416585400);0,01310311;2,006217;;;0,8209029;2,959957;4,338545
0,1333333;-0,032256582;0,01353959;(0.810586700, 2.953753000, 4.344742000);(0.028007840, 1.636093000, -0.416476500);0,02639;2,009236;;;0,8105867;2,953753;4,344742
0,1444445;-0,026366952;0,00588963;(0.805872100, 2.951474000, 4.347437000);(0.027940780, 1.636083000, -0.416282300);0,03227244;2,011035;;;0,8058721;2,951474;4,347437
0,1555556;-0,024022595;0,002344357;(0.803728300, 2.951813000, 4.348323000);(0.027826370, 1.636119000, -0.416218800);0,03433533;2,012826;;;0,8037283;2,951813;4,348323
0,1666667;-0,029175743;0,005153148;(0.808426600, 2.950855000, 4.346436000);(0.027741970, 1.636083000, -0.416081000);0,02997723;2,008753;;;0,8084266;2,950855;4,346436
0,1777778;-0,0285287855;0,0006469575;(0.808646000, 2.950249000, 4.346486000);(0.027662850, 1.636097000, -0.416066200);0,03007125;2,008167;;;0,808646;2,950249;4,346486
0,1888889;-0,0218047445;0,006724041;(0.802716000, 2.949118000, 4.349447000);(0.027537050, 1.636001000, -0.415963400);0,03660498;2,011666;;;0,802716;2,949118;4,349447
0,2;-0,0126735105;0,009131234;(0.794495300, 2.948364000, 4.353350000);(0.027457720, 1.635952000, -0.415839400);0,04539903;2,017113;;;0,7944953;2,948364;4,35335
0,2111111;-0,0059950575;0,006678453;(0.789979000, 2.944469000, 4.356355000);(0.027428270, 1.635892000, -0.415726200);0,05179531;2,017689;;;0,789979;2,944469;4,356355
0,2222222;-0,0126851605;0,006690103;(0.794225300, 2.939341000, 4.355702000);(0.027426810, 1.635802000, -0.415602800);0,05023602;2,011012;;;0,7942253;2,939341;4,355702
0,2333333;-0,0189598055;0,006274645;(0.799103900, 2.935609000, 4.354418000);(0.027459710, 1.635707000, -0.415511500);0,04802421;2,004847;;;0,7991039;2,935609;4,354418
0,2444444;-0,0322224555;0,01326265;(0.811247300, 2.934216000, 4.349271000);(0.027614980, 1.635612000, -0.415435600);0,03908264;1,995022;;;0,8112473;2,934216;4,349271
0,2555556;-0,0392862775;0,007063822;(0.817688900, 2.932916000, 4.346680000);(0.027722960, 1.635466000, -0.415336600);0,03597246;1,989432;;;0,8176889;2,932916;4,34668
0,2666667;-0,0285742875;0,01071199;(0.826929100, 2.928454000, 4.343604000);(0.027847380, 1.635323000, -0.415275500);0,0363022;1,979603;;;0,8269291;2,928454;4,343604
0,2777778;-0,0162856875;0,0122886;(0.836261700, 2.920807000, 4.341274000);(0.027927490, 1.635120000, -0.415203000);0,04290286;1,967471;;;0,8362617;2,920807;4,341274
0,2888889;-0,0007181275;0,01556756;(0.846627400, 2.909341000, 4.339419000);(0.027988470, 1.634948000, -0.415136900);0,05561257;1,951904;;;0,8466274;2,909341;4,339419
0,3;0,0189976725;0,0197158;(0.860606600, 2.895758000, 4.336455000);(0.028010940, 1.634746000, -0.415052500);0,0727342;1,932234;;;0,8606066;2,895758;4,336455
0,3111111;0,0460798725;0,0270822;(0.879473600, 2.876709000, 4.332631000);(0.028097570, 1.634572000, -0.414984600);0,09803722;1,905182;;;0,8794736;2,876709;4,332631
0,3222222;0,0711685525;0,02508868;(0.895948500, 2.858000000, 4.329803000);(0.028164990, 1.634427000, -0.414935900);0,1225196;1,880097;;;0,8959485;2,858;4,329803
0,3333333;0,1072493025;0,03608075;(0.911528600, 2.825472000, 4.330796000);(0.028027270, 1.634224000, -0.414750000);0,1584257;1,845948;;;0,9115286;2,825472;4,330796
0,3444445;0,1413510825;0,03410178;(0.928059300, 2.795645000, 4.330692000);(0.028064970, 1.634058000, -0.414719600);0,1925221;1,81306;;;0,9280593;2,795645;4,330692
0,3555556;0,1856770725;0,04432599;(0.951983900, 2.758364000, 4.329085000);(0.028282560, 1.634028000, -0.414835000);0,236791;1,769617;;;0,9519839;2,758364;4,329085
0,3666667;0,2346157725;0,0489387;(0.982818400, 2.720644000, 4.324463000);(0.028345350, 1.633992000, -0.414815300);0,2851151;1,720815;;;0,9828184;2,720644;4,324463
0,3777778;0,2850504025;0,05043463;(1.018152000, 2.685396000, 4.317195000);(0.028379980, 1.633903000, -0.414829400);0,3341413;1,670415;;;1,018152;2,685396;4,317195
0,3888889;0,3352605225;0,05021012;(1.054607000, 2.651856000, 4.308999000);(0.028310000, 1.633889000, -0.414834700);0,3828494;1,620378;;;1,054607;2,651856;4,308999
0,4;0,3880847425;0,05282422;(1.094856000, 2.619178000, 4.298873000);(0.028324730, 1.633823000, -0.414795200);0,4336487;1,56818;;;1,094856;2,619178;4,298873
0,4111111;0,4376758725;0,04959113;(1.133849000, 2.590400000, 4.288352000);(0.028290570, 1.633840000, -0.414829500);0,481109;1,519678;;;1,133849;2,5904;4,288352
0,4222222;0,5004957825;0,06281991;(1.185573000, 2.558272000, 4.272902000);(0.028306910, 1.633864000, -0.414833400);0,540274;1,459752;;;1,185573;2,558272;4,272902
0,4333333;0,5610288525;0,06053307;(1.233021000, 2.522898000, 4.260188000);(0.028272130, 1.633878000, -0.414870300);0,5993437;1,400751;;;1,233021;2,522898;4,260188
0,4444444;0,6184424025;0,05741355;(1.274872000, 2.484760000, 4.250688000);(0.028260860, 1.633923000, -0.414854000);0,6564835;1,343793;;;1,274872;2,48476;4,250688
0,4555556;0,6798818325;0,06143943;(1.315681000, 2.439406000, 4.243442000);(0.028229870, 1.633974000, -0.414824000);0,7179158;1,282365;;;1,315681;2,439406;4,243442
0,4666667;0,7436703325;0,0637885;(1.352265000, 2.387280000, 4.239779000);(0.028254010, 1.634185000, -0.414778600);0,7810529;1,219015;;;1,352265;2,38728;4,239779
0,4777778;0,8053434325;0,0616731;(1.388222000, 2.337327000, 4.235863000);(0.028232010, 1.634222000, -0.414741100);0,842289;1,157712;;;1,388222;2,337327;4,235863
0,4888889;0,8695307925;0,06418736;(1.419855000, 2.281478000, 4.235359000);(0.028194760, 1.634213000, -0.414800600);0,9048132;1,095383;;;1,419855;2,281478;4,235359
0,5;0,9237066625;0,05417587;(1.450807000, 2.237118000, 4.232325000);(0.028259940, 1.634339000, -0.414814600);0,9586542;1,041786;;;1,450807;2,237118;4,232325
0,5111111;0,9741068425;0,05040018;(1.484926000, 2.200579000, 4.225925000);(0.028285920, 1.634354000, -0.414772700);1,008994;0,9913878;;;1,484926;2,200579;4,225925
0,5222223;1,0278724825;0,05376564;(1.521477000, 2.161762000, 4.218989000);(0.028303660, 1.634371000, -0.414738500);1,06269;0,9376271;;;1,521477;2,161762;4,218989
0,5333334;1,0826405225;0,05476804;(1.558179000, 2.121666000, 4.212300000);(0.028399020, 1.634201000, -0.414518300);1,117427;0,8828592;;;1,558179;2,121666;4,2123
0,5444446;1,1372766125;0,05463609;(1.593421000, 2.080309000, 4.206584000);(0.028397920, 1.634143000, -0.414429100);1,172062;0,8282723;;;1,593421;2,080309;4,206584
0,5555557;1,1876831725;0,05040656;(1.624398000, 2.040770000, 4.202347000);(0.028448290, 1.634117000, -0.414363100);1,222402;0,7780815;;;1,624398;2,04077;4,202347
0,5666668;1,2365627925;0,04887962;(1.656777000, 2.004600000, 4.196643000);(0.028458840, 1.634034000, -0.414232900);1,27127;0,7292151;;;1,656777;2,0046;4,196643
0,577778;1,2827199725;0,04615718;(1.688685000, 1.971856000, 4.190306000);(0.028430530, 1.633949000, -0.414150700);1,317322;0,6830708;;;1,688685;1,971856;4,190306
0,5888891;1,3218821125;0,03916214;(1.719091000, 1.948500000, 4.182328000);(0.028686880, 1.633932000, -0.414251900);1,355545;0,6445857;;;1,719091;1,9485;4,182328
0,6000003;1,3614409225;0,03955881;(1.750329000, 1.925768000, 4.173820000);(0.028719760, 1.633847000, -0.414172800);1,393964;0,6060387;;;1,750329;1,925768;4,17382
0,6111114;1,3985359925;0,03709507;(1.779264000, 1.903861000, 4.166149000);(0.028732750, 1.633773000, -0.414038300);1,430212;0,5698401;;;1,779264;1,903861;4,166149
0,6222225;1,4379215425;0,03938555;(1.806927000, 1.876416000, 4.160421000);(0.028768190, 1.633793000, -0.413847700);1,469514;0,5305966;;;1,806927;1,876416;4,160421
0,6333337;1,4678565525;0,02993501;(1.823636000, 1.851619000, 4.158993000);(0.028789700, 1.633753000, -0.413759900);1,4991;0,500932;;;1,823636;1,851619;4,158993
0,6444448;1,4999049225;0,03204837;(1.834338000, 1.821523000, 4.161591000);(0.028807580, 1.633723000, -0.413578500);1,528241;0,4718594;;;1,834338;1,821523;4,161591
0,655556;1,5382445625;0,03833964;(1.852378000, 1.787693000, 4.161793000);(0.028815090, 1.633706000, -0.413488900);1,565338;0,4351656;;;1,852378;1,787693;4,161793
0,6666671;1,5755426025;0,03729804;(1.876665000, 1.759679000, 4.157733000);(0.028816110, 1.633646000, -0.413353600);1,602636;0,3979295;;;1,876665;1,759679;4,157733
0,6777782;1,6091826525;0,03364005;(1.902760000, 1.739579000, 4.150900000);(0.028892310, 1.633555000, -0.413261400);1,635491;0,3647539;;;1,90276;1,739579;4,1509
0,6888894;1,6411323525;0,0319497;(1.930395000, 1.726491000, 4.141637000);(0.028914250, 1.633530000, -0.413283800);1,664451;0,3355528;;;1,930395;1,726491;4,141637
0,7000005;1,6696781025;0,02854575;(1.953300000, 1.710728000, 4.135176000);(0.029038670, 1.633602000, -0.413130200);1,692027;0,3081217;;;1,9533;1,710728;4,135176
0,7111117;1,6967490525;0,02707095;(1.967797000, 1.687884000, 4.134265000);(0.029262430, 1.633594000, -0.413063600);1,718647;0,281386;;;1,967797;1,687884;4,134265
0,7222228;1,7326601025;0,03591105;(1.979011000, 1.653931000, 4.137584000);(0.029378920, 1.633548000, -0.413062500);1,750929;0,2493922;;;1,979011;1,653931;4,137584
0,7333339;1,7674266025;0,0347665;(1.988754000, 1.620773000, 4.141372000);(0.029542150, 1.633279000, -0.413229000);1,781745;0,2203021;;;1,988754;1,620773;4,141372
0,7444451;1,8093264225;0,04189982;(1.992934000, 1.579898000, 4.149581000);(0.029749730, 1.633287000, -0.413254100);1,814551;0,1942616;;;1,992934;1,579898;4,149581
0,7555562;1,8404016525;0,03107523;(1.998451000, 1.549722000, 4.154543000);(0.029930060, 1.633190000, -0.413302200);1,840653;0,1765272;;;1,998451;1,549722;4,154543
0,7666674;1,8650435225;0,02464187;(2.007844000, 1.526982000, 4.155915000);(0.030248290, 1.633137000, -0.413377600);1,863945;0,1603331;;;2,007844;1,526982;4,155915
0,7777785;1,8885267225;0,0234832;(2.020898000, 1.507492000, 4.154828000);(0.030435770, 1.633080000, -0.413408900);1,887294;0,1429587;;;2,020898;1,507492;4,154828
0,7888896;1,9118105325;0,02328381;(2.041862000, 1.501175000, 4.146909000);(0.030628630, 1.633039000, -0.413442200);1,906164;0,1197186;;;2,041862;1,501175;4,146909
0,8000008;1,9374469025;0,02563637;(2.064134000, 1.506694000, 4.135475000);(0.030829140, 1.633004000, -0.413468800);1,917319;0,09710447;;;2,064134;1,506694;4,135475
0,8111119;1,9542024025;0,0167555;(2.078976000, 1.501011000, 4.130167000);(0.031066120, 1.632942000, -0.413430900);1,931735;0,08035698;;;2,078976;1,501011;4,130167
0,8222231;1,9637970715;0,009594669;(2.083719000, 1.492671000, 4.130084000);(0.031394840, 1.632910000, -0.413460100);1,941116;0,07383342;;;2,083719;1,492671;4,130084
0,8333342;1,9751336915;0,01133662;(2.086144000, 1.481714000, 4.131694000);(0.031680050, 1.632869000, -0.413349200);1,950817;0,07056905;;;2,086144;1,481714;4,131694
0,8444453;1,9870548815;0,01192119;(2.084609000, 1.470418000, 4.135180000);(0.031896710, 1.632805000, -0.413363900);1,958069;0,07342921;;;2,084609;1,470418;4,13518
0,8555565;1,9907730445;0,003718163;(2.086938000, 1.467541000, 4.134838000);(0.032118440, 1.632710000, -0.413394000);1,961787;0,07148236;;;2,086938;1,467541;4,134838
0,8666676;1,9970290555;0,006256011;(2.092227000, 1.464652000, 4.133160000);(0.032425850, 1.632670000, -0.413262500);1,967542;0,0664846;;;2,092227;1,464652;4,13316
0,8777788;2,0050965305;0,008067475;(2.097456000, 1.458569000, 4.132298000);(0.032608480, 1.632660000, -0.413321200);1,975609;0,06296109;;;2,097456;1,458569;4,132298
0,8888899;2,0084259475;0,003329417;(2.097855000, 1.455323000, 4.132920000);(0.033036920, 1.632680000, -0.413479700);1,978274;0,06389847;;;2,097855;1,455323;4,13292
0,900001;2,0044534665;0,003972481;(2.096935000, 1.459150000, 4.132390000);(0.033267320, 1.632670000, -0.413549500);1,974823;0,06328509;;;2,096935;1,45915;4,13239
0,9111122;2,0137009315;0,009247465;(2.103504000, 1.464123000, 4.128191000);(0.033404830, 1.632547000, -0.413460900);1,975691;0,05452824;;;2,103504;1,464123;4,128191
0,9222233;2,0037876015;0,00991333;(2.108427000, 1.471691000, 4.124095000);(0.033702680, 1.632485000, -0.413489800);1,973566;0,04714864;;;2,108427;1,471691;4,124095
0,9333345;2,0001301105;0,003657491;(2.110735000, 1.474020000, 4.122476000);(0.033909890, 1.632466000, -0.413581400);1,973474;0,04420382;;;2,110735;1,47402;4,122476
0,9444456;1,9996016343;0,0005284762;(2.110312000, 1.473815000, 4.122718000);(0.034088560, 1.632392000, -0.413633200);1,973328;0,04469968;;;2,110312;1,473815;4,122718
0,9555568;1,9958916833;0,003709951;(2.107630000, 1.471887000, 4.124407000);(0.034276820, 1.632398000, -0.413730700);1,972871;0,0479789;;;2,10763;1,471887;4,124407
0,9666679;1,9934897303;0,002401953;(2.107757000, 1.474201000, 4.123778000);(0.034450680, 1.632366000, -0.413786600);1,971271;0,04744092;;;2,107757;1,474201;4,123778
0,977779;1,9862981863;0,007191544;(2.111012000, 1.479928000, 4.120892000);(0.034610900, 1.632360000, -0.413850500);1,96937;0,04340111;;;2,111012;1,479928;4,120892
0,9888902;1,9812554223;0,005042764;(2.113116000, 1.484064000, 4.118918000);(0.034720420, 1.632356000, -0.413894500);1,967841;0,04128801;;;2,113116;1,484064;4,118918
1,000001;1,9792742163;0,001981206;(2.112182000, 1.485811000, 4.118908000);(0.034852690, 1.632352000, -0.413958400);1,965921;0,04249577;;;2,112182;1,485811;4,118908
1,011112;1,9744039713;0,004870245;(2.107879000, 1.485023000, 4.121049000);(0.034852690, 1.632352000, -0.413958400);1,963483;0,04702212;;;2,107879;1,485023;4,121049
1,022224;1,9744039713;0;(2.107879000, 1.485023000, 4.121049000);(0.035276740, 1.632385000, -0.414173600);1,963483;0,04702212;;;2,107879;1,485023;4,121049
1,033335;1,9787184333;0,004314462;(2.108880000, 1.480866000, 4.121624000);(0.035466110, 1.632395000, -0.414167300);1,967201;0,04572611;;;2,10888;1,480866;4,121624
1,044446;1,9927591833;0,01404075;(2.120320000, 1.485881000, 4.115211000);(0.035591370, 1.632450000, -0.414256600);1,971581;0,03388018;;;2,12032;1,485881;4,115211
1,055557;2,0083227533;0,01556357;(2.131258000, 1.494414000, 4.108157000);(0.035709680, 1.632454000, -0.414313600);1,973174;0,02697785;;;2,131258;1,494414;4,108157
1,066668;2,0174324473;0,009109694;(2.137231000, 1.499958000, 4.104085000);(0.035780460, 1.632445000, -0.414388500);1,973465;0,02727437;;;2,137231;1,499958;4,104085
1,077779;2,0132832553;0,004149192;(2.138970000, 1.503356000, 4.102459000);(0.035924530, 1.632414000, -0.414449900);1,972289;0,02956707;;;2,13897;1,503356;4,102459
1,08889;2,0042407213;0,009042534;(2.133182000, 1.497689000, 4.106478000);(0.035982730, 1.632366000, -0.414595500);1,972199;0,02782733;;;2,133182;1,497689;4,106478
1,100002;1,9918113813;0,01242934;(2.124453000, 1.490865000, 4.112111000);(0.036060280, 1.632381000, -0.414663900);1,970903;0,03119447;;;2,124453;1,490865;4,112111
1,111113;1,9816859513;0,01012543;(2.115729000, 1.488457000, 4.116651000);(0.036126560, 1.632419000, -0.414727300);1,966495;0,0392346;;;2,115729;1,488457;4,116651
1,122224;1,9737394273;0,007946524;(2.108687000, 1.487255000, 4.120132000);(0.036213640, 1.632502000, -0.414722600);1,96243;0,04642935;;;2,108687;1,487255;4,120132
