time;total distance traveled;distance to prev position;controller position;controller rotation;camera position;tracker distance to hmd;distance to prev target;distance to current target
(4.091947000, 1.102416000, 2.461045000);(3.058490000, 2.470016000, 3.491402000)

0;-0,0001605534;0,0001605534;(0.724680200, 1.370071000, -0.149229500);(3.71, 52.36, 125.81);(0.068885070, 1.630858000, -0.418736600);0,755454400;4,268918;4,462146;;;0,7246802;1,370071;-0,1492295
0,01111111;-0,0000016650;0,0001588884;(0.724742900, 1.370048000, -0.149373800);(3.72, 52.34, 125.70);(0.068944910, 1.630814000, -0.418709900);0,755388600;4,268955;4,462236;;;0,7247429;1,370048;-0,1493738
0,02222222;0,0002177587;0,0002194237;(0.724783400, 1.370090000, -0.149585400);(3.71, 52.36, 125.65);(0.068912280, 1.630722000, -0.418684400);0,755321400;4,269055;4,462377;;;0,7247834;1,37009;-0,1495854
0,03333334;-0,0000208343;0,000238593;(0.724925800, 1.370026000, -0.149766100);(3.67, 52.37, 125.54);(0.068896960, 1.630745000, -0.418767900);0,755453600;4,269049;4,462466;;;0,7249258;1,370026;-0,1497661
0,04444445;0,0002686839;0,0002895182;(0.725059600, 1.369990000, -0.150020200);(3.68, 52.42, 125.49);(0.068910870, 1.630727000, -0.418763400);0,755471800;4,269097;4,462612;;;0,7250596;1,36999;-0,1500202
0,05555556;0,0001301595;0,0001385244;(0.725164700, 1.370032000, -0.150100200);(3.71, 52.46, 125.60);(0.068912100, 1.630706000, -0.418781400);0,755518100;4,269065;4,462612;;;0,7251647;1,370032;-0,1501002
0,06666667;0,0003547668;0,0002246073;(0.725219100, 1.370242000, -0.150160800);(3.70, 52.47, 125.79);(0.068931710, 1.630746000, -0.418748900);0,755456800;4,269073;4,462582;;;0,7252191;1,370242;-0,1501608
0,07777778;0,0001736572;0,0001811096;(0.725307600, 1.370367000, -0.150257500);(3.65, 52.44, 125.83);(0.068875920, 1.630764000, -0.418726700);0,755503200;4,26907;4,462584;;;0,7253076;1,370367;-0,1502575
0,08888889;0,0003186413;0,0001449841;(0.725329800, 1.370442000, -0.150379200);(3.59, 52.40, 125.75);(0.068874250, 1.630754000, -0.418705300);0,755443800;4,269132;4,462652;;;0,7253298;1,370442;-0,1503792
0,1;0,0005137506;0,0001951093;(0.725365500, 1.370620000, -0.150449900);(3.59, 52.38, 125.60);(0.069037210, 1.630854000, -0.418729100);0,755289400;4,269158;4,462647;;;0,7253655;1,37062;-0,1504499
0,1111111;0,0003714779;0,0001422727;(0.725424800, 1.370733000, -0.150386100);(3.62, 52.39, 125.43);(0.069066230, 1.630835000, -0.418687400);0,755278300;4,269079;4,462537;;;0,7254248;1,370733;-0,1503861
0,1222222;0,0002071290;0,0001643489;(0.725484000, 1.370884000, -0.150412300);(3.62, 52.39, 125.44);(0.068989520, 1.630826000, -0.418742400);0,755351600;4,269058;4,46249;;;0,725484;1,370884;-0,1504123
0,1333333;0,0003944491;0,0001873201;(0.725471700, 1.371038000, -0.150517900);(3.58, 52.37, 125.57);(0.068994080, 1.630799000, -0.418772300);0,755247500;4,269142;4,462544;;;0,7254717;1,371038;-0,1505179
0,1444445;0,0005162459;0,0001217968;(0.725386300, 1.371014000, -0.150601300);(3.49, 52.33, 125.70);(0.068972270, 1.630776000, -0.418814400);0,755178200;4,269258;4,462663;;;0,7253863;1,371014;-0,1506013
0,1555556;0,0006622552;0,0001460093;(0.725345000, 1.371137000, -0.150668800);(3.47, 52.29, 125.77);(0.068965530, 1.630776000, -0.418835500);0,755089200;4,269341;4,46271;;;0,725345;1,371137;-0,1506688
0,1666667;0,0007435253;0,0000812701;(0.725270000, 1.371144000, -0.150699400);(3.48, 52.31, 125.74);(0.069004040, 1.630807000, -0.418893300);0,755008400;4,269419;4,462772;;;0,72527;1,371144;-0,1506994
0,1777778;0,0003360228;0,0004075025;(0.725051200, 1.371211000, -0.150362200);(3.55, 52.33, 125.63);(0.068918410, 1.630862000, -0.418992200);0,755043600;4,269389;4,462595;;;0,7250512;1,371211;-0,1503622
0,1888889;0,0008851320;0,0005491092;(0.724731100, 1.371601000, -0.150144600);(3.59, 52.29, 125.59);(0.068870760, 1.630870000, -0.419076000);0,754783000;4,269533;4,462489;;;0,7247311;1,371601;-0,1501446
0,2;0,0016077470;0,000722615;(0.724395200, 1.372144000, -0.149806600);(3.59, 52.24, 125.73);(0.068912480, 1.630947000, -0.419192300);0,754456800;4,269626;4,462255;;;0,7243952;1,372144;-0,1498066
0,2111111;0,0029458690;0,001338122;(0.723859300, 1.373172000, -0.149138900);(3.55, 52.16, 125.91);(0.068934180, 1.630980000, -0.419254400);0,753892800;4,269705;4,461738;;;0,7238593;1,373172;-0,1491389
0,2222222;0,0047257100;0,001779841;(0.723184200, 1.374593000, -0.148305900);(3.44, 52.09, 126.14);(0.069003380, 1.631100000, -0.419365000);0,753141000;4,269819;4,461062;;;0,7231842;1,374593;-0,1483059
0,2333333;0,0071541790;0,002428469;(0.722085100, 1.376369000, -0.147066500);(3.27, 52.01, 126.21);(0.069113320, 1.631270000, -0.419462300);0,752028300;4,270042;4,460191;;;0,7220851;1,376369;-0,1470665
0,2444444;0,0100193490;0,00286517;(0.720686700, 1.378407000, -0.145618100);(3.02, 51.89, 126.29);(0.069197990, 1.631432000, -0.419495700);0,750645100;4,270393;4,459243;;;0,7206867;1,378407;-0,1456181
0,2555556;0,0127488370;0,002729488;(0.719411600, 1.380349000, -0.144184400);(2.79, 51.62, 126.38);(0.069291060, 1.631492000, -0.419551700);0,749371100;4,270651;4,458267;;;0,7194116;1,380349;-0,1441844
0,2666667;0,0162776050;0,003528768;(0.717704700, 1.382911000, -0.142460800);(2.58, 51.35, 126.56);(0.069392600, 1.631584000, -0.419677900);0,747660300;4,271116;4,457132;;;0,7177047;1,382911;-0,1424608
0,2777778;0,0203005080;0,004022903;(0.716019000, 1.385870000, -0.140318400);(2.33, 50.98, 126.87);(0.069523970, 1.631620000, -0.419822800);0,745970400;4,271338;4,455551;;;0,716019;1,38587;-0,1403184
0,2888889;0,0248745770;0,004574069;(0.713992400, 1.389178000, -0.137894700);(2.06, 50.66, 126.91);(0.069676530, 1.631764000, -0.420039400);0,744040700;4,271686;4,453838;;;0,7139924;1,389178;-0,1378947
0,3;0,0290660940;0,004191517;(0.712038000, 1.392069000, -0.135573100);(1.77, 50.37, 126.68);(0.069862130, 1.631836000, -0.420197700);0,742219200;4,272015;4,452275;;;0,712038;1,392069;-0,1355731
0,3111111;0,0344203270;0,005354233;(0.709483500, 1.395785000, -0.132687000);(1.50, 50.11, 126.46);(0.070069530, 1.631861000, -0.420417100);0,739845000;4,272536;4,450373;;;0,7094835;1,395785;-0,132687
0,3222222;0,0401086050;0,005688278;(0.706599100, 1.399539000, -0.129533100);(1.19, 49.81, 126.09);(0.070311110, 1.631893000, -0.420554300);0,737254500;4,273167;4,448424;;;0,7065991;1,399539;-0,1295331
0,3333333;0,0455043980;0,005395793;(0.703922200, 1.403131000, -0.126525800);(0.87, 49.44, 125.96);(0.070614550, 1.631914000, -0.420802100);0,734859500;4,273717;4,44653;;;0,7039222;1,403131;-0,1265258
0,3444445;0,0520839320;0,006579534;(0.700609200, 1.407499000, -0.122887700);(0.55, 49.07, 125.96);(0.070868290, 1.631928000, -0.421097600);0,732032300;4,274454;4,444281;;;0,7006092;1,407499;-0,1228877
0,3555556;0,0590374380;0,006953506;(0.697081700, 1.412199000, -0.119170000);(0.17, 48.64, 125.98);(0.071092200, 1.631835000, -0.421322300);0,728971100;4,275346;4,44201;;;0,6970817;1,412199;-0,11917
0,3666667;0,0663429580;0,00730552;(0.693214100, 1.416964000, -0.115206700);(359.73, 48.21, 126.01);(0.071319440, 1.631759000, -0.421634300);0,725801500;4,276377;4,439715;;;0,6932141;1,416964;-0,1152067
0,3777778;0,0741516370;0,007808679;(0.688990800, 1.422038000, -0.111036300);(359.27, 47.72, 126.13);(0.071565160, 1.631727000, -0.422034700);0,722429200;4,277601;4,43738;;;0,6889908;1,422038;-0,1110363
0,3888889;0,0818576080;0,007705971;(0.684829200, 1.427048000, -0.106918300);(358.77, 47.12, 126.33);(0.071772230, 1.631658000, -0.422352100);0,719167800;4,278817;4,435082;;;0,6848292;1,427048;-0,1069183
0,4;0,0902673470;0,008409739;(0.680028200, 1.432254000, -0.102382400);(358.29, 46.49, 126.49);(0.071966570, 1.631616000, -0.422732900);0,715617700;4,28032;4,432755;;;0,6800282;1,432254;-0,1023824
0,4111111;0,0987603630;0,008493016;(0.675170900, 1.437691000, -0.098026340);(357.78, 45.76, 126.59);(0.072137150, 1.631612000, -0.423097400);0,711987300;4,282011;4,430564;;;0,6751709;1,437691;-0,09802634
0,4222222;0,1073160740;0,008555711;(0.670436300, 1.443394000, -0.093752740);(357.28, 45.02, 126.67);(0.072271270, 1.631578000, -0.423422500);0,708446700;4,283689;4,428328;;;0,6704363;1,443394;-0,09375274
0,4333333;0,1156226790;0,008306605;(0.665829200, 1.448944000, -0.089632750);(356.79, 44.33, 126.71);(0.072424480, 1.631688000, -0.423834400);0,705135000;4,285361;4,426197;;;0,6658292;1,448944;-0,08963275
0,4444444;0,1240863130;0,008463634;(0.661121300, 1.454730000, -0.085633930);(356.27, 43.70, 126.67);(0.072516630, 1.631757000, -0.424206900);0,701730500;4,287221;4,42418;;;0,6611213;1,45473;-0,08563393
0,4555556;0,1324811320;0,008394819;(0.656396300, 1.460597000, -0.081930040);(355.70, 43.12, 126.47);(0.072581480, 1.631857000, -0.424565800);0,698261300;4,289291;4,422407;;;0,6563963;1,460597;-0,08193004
0,4666667;0,1408867330;0,008405601;(0.651912700, 1.466503000, -0.077970390);(355.07, 42.63, 126.26);(0.072641830, 1.631927000, -0.424880900);0,695174000;4,291036;4,420302;;;0,6519127;1,466503;-0,07797039
0,4777778;0,1489246710;0,008037938;(0.647291100, 1.471987000, -0.074340760);(354.51, 42.12, 126.14);(0.072630650, 1.632084000, -0.425236300);0,692093700;4,293066;4,418649;;;0,6472911;1,471987;-0,07434076
0,4888889;0,1569289000;0,008004229;(0.642566600, 1.477376000, -0.070777420);(353.96, 41.66, 125.95);(0.072649640, 1.632143000, -0.425555100);0,688930500;4,295223;4,417141;;;0,6425666;1,477376;-0,07077742
0,5;0,1643781840;0,007449284;(0.638154900, 1.482395000, -0.067484260);(353.50, 41.14, 125.93);(0.072679650, 1.632246000, -0.425958900);0,686091700;4,297269;4,415777;;;0,6381549;1,482395;-0,06748426
0,5111111;0,1721593430;0,007781159;(0.633610600, 1.487691000, -0.064042630);(353.10, 40.60, 126.06);(0.072602960, 1.632363000, -0.426313900);0,683300700;4,299371;4,414316;;;0,6336106;1,487691;-0,06404263
0,5222223;0,1791071700;0,006947827;(0.629448100, 1.492369000, -0.061032650);(352.70, 40.07, 126.17);(0.072584930, 1.632475000, -0.426690700);0,680758300;4,301376;4,413143;;;0,6294481;1,492369;-0,06103265
0,5333334;0,1861874090;0,007080239;(0.625285300, 1.497170000, -0.057909070);(352.31, 39.61, 126.33);(0.072560590, 1.632620000, -0.427027400);0,678306400;4,303336;4,411861;;;0,6252853;1,49717;-0,05790907
0,5444446;0,1929907010;0,006803292;(0.621496600, 1.502117000, -0.055178400);(351.95, 39.16, 126.50);(0.072473150, 1.632777000, -0.427356300);0,676029000;4,305249;4,410668;;;0,6214966;1,502117;-0,0551784
0,5555557;0,1994118930;0,006421192;(0.617840700, 1.506723000, -0.052599850);(351.52, 38.68, 126.67);(0.072355460, 1.632910000, -0.427627400);0,673886400;4,30712;4,409609;;;0,6178407;1,506723;-0,05259985
0,5666668;0,2058262760;0,006414383;(0.613908500, 1.511129000, -0.050095500);(351.08, 38.31, 126.55);(0.072227220, 1.633026000, -0.427917400);0,671585300;4,309248;4,408814;;;0,6139085;1,511129;-0,0500955
0,577778;0,2118133250;0,005987049;(0.610471900, 1.515431000, -0.047744990);(350.67, 37.98, 126.34);(0.072073080, 1.633131000, -0.428195700);0,669678400;4,311064;4,4079;;;0,6104719;1,515431;-0,04774499
0,5888891;0,2167422840;0,004928959;(0.607591700, 1.519084000, -0.046114740);(350.32, 37.67, 126.26);(0.071902520, 1.633209000, -0.428465400);0,667966600;4,312794;4,407403;;;0,6075917;1,519084;-0,04611474
0,6000003;0,2220997780;0,005357494;(0.604436000, 1.522932000, -0.044130800);(350.03, 37.52, 126.06);(0.071702040, 1.633237000, -0.428709500);0,666238200;4,314565;4,406738;;;0,604436;1,522932;-0,0441308
0,6111114;0,2266802580;0,00458048;(0.601806400, 1.526322000, -0.042527440);(349.68, 37.34, 125.99);(0.071532140, 1.633213000, -0.429043200);0,664839000;4,316092;4,406189;;;0,6018064;1,526322;-0,04252744
0,6222225;0,2308146360;0,004134378;(0.599322000, 1.529251000, -0.040997390);(349.38, 37.18, 126.15);(0.071309310, 1.633266000, -0.429325600);0,663637900;4,317503;4,405723;;;0,599322;1,529251;-0,04099739
0,6333337;0,2350490780;0,004234442;(0.596689300, 1.532156000, -0.039396820);(349.17, 37.02, 126.40);(0.071186520, 1.633313000, -0.429609800);0,662308100;4,318994;4,40529;;;0,5966893;1,532156;-0,03939682
0,6444448;0,2386468750;0,003597797;(0.594225900, 1.534381000, -0.038008510);(348.97, 36.81, 126.69);(0.070947770, 1.633349000, -0.429784800);0,661138000;4,320406;4,405082;;;0,5942259;1,534381;-0,03800851
0,655556;0,2419585640;0,003311689;(0.591859600, 1.536279000, -0.036679800);(348.83, 36.52, 127.13);(0.070695560, 1.633475000, -0.429986800);0,660113300;4,321744;4,404939;;;0,5918596;1,536279;-0,0366798
0,6666671;0,2455691530;0,003610589;(0.589379000, 1.538410000, -0.035149690);(348.76, 36.12, 127.43);(0.070454840, 1.633475000, -0.430157800);0,659053100;4,323085;4,404653;;;0,589379;1,53841;-0,03514969
0,6777782;0,2482052700;0,002636117;(0.587528800, 1.540020000, -0.034182910);(348.63, 35.80, 127.54);(0.070178870, 1.633530000, -0.430352900);0,658290100;4,324188;4,404576;;;0,5875288;1,54002;-0,03418291
0,6888894;0,2506224210;0,002417151;(0.585948100, 1.541497000, -0.033104840);(348.62, 35.56, 127.60);(0.069840470, 1.633594000, -0.430568000);0,657895000;4,324997;4,404289;;;0,5859481;1,541497;-0,03310484
0,7000005;0,2527087370;0,002086316;(0.584599800, 1.542840000, -0.032250460);(348.57, 35.45, 127.58);(0.069478790, 1.633598000, -0.430738700);0,657555800;4,325735;4,404079;;;0,5845998;1,54284;-0,03225046
0,7111117;0,2550029090;0,002294172;(0.583102200, 1.544312000, -0.031325820);(348.52, 35.42, 127.46);(0.069093950, 1.633530000, -0.430849500);0,657102400;4,326566;4,403871;;;0,5831022;1,544312;-0,03132582
0,7222228;0,2567685310;0,001765622;(0.581808500, 1.545338000, -0.030701400);(348.40, 35.35, 127.49);(0.068785050, 1.633552000, -0.430958400);0,656643300;4,327361;4,403883;;;0,5818085;1,545338;-0,0307014
0,7333339;0,2583138840;0,001545353;(0.580601600, 1.546177000, -0.030223430);(348.30, 35.30, 127.69);(0.068481840, 1.633583000, -0.431088700);0,656200700;4,32815;4,404004;;;0,5806016;1,546177;-0,03022343
0,7444451;0,2598024060;0,001488522;(0.579465600, 1.546936000, -0.029633460);(348.28, 35.16, 128.09);(0.068151960, 1.633624000, -0.431218700);0,655916900;4,328811;4,404013;;;0,5794656;1,546936;-0,02963346
0,7555562;0,2611692890;0,001366883;(0.578468400, 1.547720000, -0.029123430);(348.29, 35.11, 128.17);(0.067854710, 1.633575000, -0.431340100);0,655649100;4,329407;4,404002;;;0,5784684;1,54772;-0,02912343
0,7666674;0,2625822690;0,00141298;(0.577439100, 1.548513000, -0.028568090);(348.31, 35.08, 127.94);(0.067513320, 1.633590000, -0.431537900);0,655474700;4,330005;4,403972;;;0,5774391;1,548513;-0,02856809
0,7777785;0,2637847550;0,001202486;(0.576536200, 1.549079000, -0.028011440);(348.30, 35.05, 127.80);(0.067196700, 1.633527000, -0.431735400);0,655401500;4,330476;4,403917;;;0,5765362;1,549079;-0,02801144
0,7888896;0,2647632092;0,0009784542;(0.575872900, 1.549670000, -0.027601360);(348.28, 35.03, 127.81);(0.066868340, 1.633611000, -0.431904100);0,655433000;4,33084;4,40384;;;0,5758729;1,54967;-0,02760136
0,8000008;0,2655471664;0,0007839572;(0.575332000, 1.550178000, -0.027347450);(348.22, 34.95, 127.90);(0.066556520, 1.633602000, -0.432062000);0,655443300;4,331185;4,403836;;;0,575332;1,550178;-0,02734745
0,8111119;0,2661986460;0,0006514796;(0.574850000, 1.550555000, -0.027124520);(348.16, 34.92, 128.00);(0.066235550, 1.633720000, -0.432210600);0,655514800;4,331488;4,403851;;;0,57485;1,550555;-0,02712452
0,8222231;0,2668436055;0,0006449595;(0.574431300, 1.550959000, -0.026845570);(348.10, 34.90, 128.06);(0.065959910, 1.633779000, -0.432373600);0,655633600;4,331709;4,40378;;;0,5744313;1,550959;-0,02684557
0,8333342;0,2675001547;0,0006565492;(0.573965700, 1.551363000, -0.026620630);(348.07, 34.89, 127.99);(0.065761870, 1.633883000, -0.432567200);0,655647300;4,332;4,403779;;;0,5739657;1,551363;-0,02662063
0,8444453;0,2679146104;0,0004144557;(0.573611900, 1.551475000, -0.026435970);(348.01, 34.88, 127.84);(0.065520170, 1.633910000, -0.432595400);0,655681400;4,332193;4,403807;;;0,5736119;1,551475;-0,02643597
0,8555565;0,2682068267;0,0002922163;(0.573386700, 1.551423000, -0.026257040);(347.97, 34.84, 127.72);(0.065237620, 1.634006000, -0.432705100);0,655923200;4,332268;4,403802;;;0,5733867;1,551423;-0,02625704
0,8666676;0,2686179966;0,0004111699;(0.573345200, 1.551015000, -0.026275750);(348.02, 34.76, 127.88);(0.065002180, 1.634005000, -0.432812600);0,656180000;4,33227;4,403926;;;0,5733452;1,551015;-0,02627575
0,8777788;0,2689038240;0,0002858274;(0.573490400, 1.550936000, -0.026509170);(348.18, 34.69, 128.10);(0.064595050, 1.633989000, -0.432903200);0,656527500;4,332278;4,404047;;;0,5734904;1,550936;-0,02650917
0,8888899;0,2685114139;0,0003924101;(0.573838400, 1.550910000, -0.026688810);(348.29, 34.74, 128.17);(0.064263050, 1.634032000, -0.432992900);0,657007800;4,332096;4,403999;;;0,5738384;1,55091;-0,02668881
0,900001;0,2680807457;0,0004306682;(0.574208000, 1.550996000, -0.026892420);(348.30, 34.84, 128.05);(0.063991760, 1.634101000, -0.433034200);0,657402500;4,331922;4,403935;;;0,574208;1,550996;-0,02689242
0,9111122;0,2676234235;0,0004573222;(0.574592800, 1.551013000, -0.027139010);(348.27, 34.96, 128.05);(0.063769140, 1.634123000, -0.433080600);0,657751200;4,331752;4,403912;;;0,5745928;1,551013;-0,02713901
0,9222233;0,2678505483;0,0002271248;(0.574612400, 1.551129000, -0.027333080);(348.17, 35.11, 128.14);(0.063496980, 1.634129000, -0.433165400);0,657896500;4,33186;4,404032;;;0,5746124;1,551129;-0,02733308
0,9333345;0,2681622130;0,0003116647;(0.574715100, 1.551292000, -0.027577940);(348.13, 35.18, 128.21);(0.063217260, 1.634113000, -0.433211600);0,658048600;4,331934;4,404135;;;0,5747151;1,551292;-0,02757794
