time;total distance traveled;distance to prev position;ray position;hmd position;distance to prev target;distance to current target
(-3.835131000, 1.623123000, 3.452776000);(-4.204622000, 3.353071000, 2.519634000);0,2777778;0,2222222

0;-0,01942591;0,01942591;(-3.836725000, 1.614249000, 3.427070000);(-0.250188100, 1.654074000, 0.010836690);0,02724088;1,995567;;;-3,836725;1,614249;3,42707
0,01111111;-0,010009421;0,009416489;(-3.835835000, 1.605621000, 3.423407000);(-0.250460200, 1.654042000, 0.010919720);0,03419609;2,001597;;;-3,835835;1,605621;3,423407
0,02222222;-0,004628988;0,005380433;(-3.835042000, 1.600301000, 3.423276000);(-0.250798900, 1.653943000, 0.010953930);0,03729749;2,006331;;;-3,835042;1,600301;3,423276
0,03333334;-0,012871778;0,00824279;(-3.834493000, 1.602635000, 3.431162000);(-0.251092400, 1.653908000, 0.011061640);0,0297874;2,00796;;;-3,834493;1,602635;3,431162
0,04444445;-0,026129648;0,01325787;(-3.835012000, 1.612616000, 3.439874000);(-0.251334900, 1.653864000, 0.011243970);0,01663943;2,003157;;;-3,835012;1,612616;3,439874
0,05555556;-0,039793748;0,0136641;(-3.836975000, 1.626117000, 3.440636000);(-0.251630500, 1.653742000, 0.011382310);0,0126388;1,991427;;;-3,836975;1,626117;3,440636
0,06666667;-0,028980808;0,01081294;(-3.838979000, 1.633711000, 3.433204000);(-0.251875500, 1.653610000, 0.011566610);0,02258236;1,981036;;;-3,838979;1,633711;3,433204
0,07777778;-0,012323718;0,01665709;(-3.841661000, 1.639898000, 3.417973000);(-0.252013500, 1.653555000, 0.011658340);0,03918255;1,968176;;;-3,841661;1,639898;3,417973
0,08888889;-0,001298628;0,01102509;(-3.841462000, 1.632457000, 3.409840000);(-0.252250700, 1.653501000, 0.011819270);0,04439316;1,971005;;;-3,841462;1,632457;3,40984
0,1;-0,019041808;0,01774318;(-3.838655000, 1.614990000, 3.411194000);(-0.252470600, 1.653543000, 0.011955170);0,04251616;1,987394;;;-3,838655;1,61499;3,411194
0,1111111;-0,010914796;0,008127012;(-3.837536000, 1.606985000, 3.410348000);(-0.252700800, 1.653658000, 0.012171830);0,0454568;1,994226;;;-3,837536;1,606985;3,410348
0,1222222;-0,004545209;0,006369587;(-3.838710000, 1.612542000, 3.407464000);(-0.252993700, 1.653543000, 0.012247710);0,04666863;1,987857;;;-3,83871;1,612542;3,407464
0,1333333;0,002748676;0,007293885;(-3.840040000, 1.617164000, 3.401981000);(-0.253321700, 1.653530000, 0.012412400);0,05137837;1,981118;;;-3,84004;1,617164;3,401981
0,1444445;0,009193694;0,006445018;(-3.841242000, 1.622395000, 3.398413000);(-0.253614600, 1.653613000, 0.012578700);0,05471005;1,974724;;;-3,841242;1,622395;3,398413
0,1555556;-0,004598246;0,01379194;(-3.841302000, 1.630945000, 3.409235000);(-0.253910000, 1.653545000, 0.012699810);0,04466617;1,972082;;;-3,841302;1,630945;3,409235
0,1666667;-0,021834386;0,01723614;(-3.840779000, 1.638987000, 3.424471000);(-0.254138100, 1.653592000, 0.012915340);0,03293526;1,972105;;;-3,840779;1,638987;3,424471
0,1777778;-0,042004036;0,02016965;(-3.839662000, 1.645886000, 3.443392000);(-0.254362000, 1.653559000, 0.012954560);0,0250351;1,975096;;;-3,839662;1,645886;3,443392
0,1888889;-0,0424385596;0,0004345236;(-3.839609000, 1.645465000, 3.443297000);(-0.254635100, 1.653603000, 0.013113290);0,02467978;1,975425;;;-3,839609;1,645465;3,443297
0,2;-0,0374754336;0,004963126;(-3.840011000, 1.644463000, 3.438452000);(-0.254811300, 1.653616000, 0.013166820);0,02616046;1,973958;;;-3,840011;1,644463;3,438452
0,2111111;-0,0216943936;0,01578104;(-3.839702000, 1.633719000, 3.426897000);(-0.255089700, 1.653657000, 0.013330190);0,0283355;1,977995;;;-3,839702;1,633719;3,426897
0,2222222;0,0000830964;0,02177749;(-3.837619000, 1.613712000, 3.418552000);(-0.255366600, 1.653875000, 0.013423890);0,03558147;1,992012;;;-3,837619;1,613712;3,418552
0,2333333;0,0156743464;0,01559125;(-3.835814000, 1.598767000, 3.414496000);(-0.255616300, 1.654310000, 0.013458460);0,04537665;2,003592;;;-3,835814;1,598767;3,414496
0,2444444;0,0261988764;0,01052453;(-3.837206000, 1.600144000, 3.404155000);(-0.255822800, 1.654967000, 0.013516280);0,05381737;1,99753;;;-3,837206;1,600144;3,404155
0,2555556;0,0462897464;0,02009087;(-3.840913000, 1.613828000, 3.389920000);(-0.256043900, 1.655504000, 0.013500420);0,063802;1,978547;;;-3,840913;1,613828;3,38992
0,2666667;0,0910898564;0,04480011;(-3.848933000, 1.655217000, 3.374765000);(-0.256283300, 1.656137000, 0.013387650);0,0854767;1,93403;;;-3,848933;1,655217;3,374765
0,2777778;0,1423807964;0,05129094;(-3.858095000, 1.702728000, 3.357749000);(-0.256475900, 1.656738000, 0.013277020);0,126073;1,883123;;;-3,858095;1,702728;3,357749
0,2888889;0,1746306264;0,03224983;(-3.864117000, 1.728511000, 3.339337000);(-0.256544100, 1.657488000, 0.013167590);0,1575287;1,85123;;;-3,864117;1,728511;3,339337
0,3;0,1888303964;0,01419977;(-3.866141000, 1.731488000, 3.325601000);(-0.256572200, 1.658005000, 0.012898240);0,1699353;1,842196;;;-3,866141;1,731488;3,325601
0,3111111;0,1803650664;0,00846533;(-3.866273000, 1.737117000, 3.331922000);(-0.256663300, 1.658509000, 0.012663630);0,1690274;1,84;;;-3,866273;1,737117;3,331922
0,3222222;0,2064194564;0,02605439;(-3.867090000, 1.756010000, 3.349844000);(-0.256676600, 1.659062000, 0.012316730);0,1711008;1,831333;;;-3,86709;1,75601;3,349844
0,3333333;0,2344032364;0,02798378;(-3.870421000, 1.782980000, 3.356527000);(-0.256615300, 1.659657000, 0.011981930);0,1899038;1,810323;;;-3,870421;1,78298;3,356527
0,3444445;0,2736688064;0,03926557;(-3.876383000, 1.821785000, 3.355920000);(-0.256449300, 1.660265000, 0.011509390);0,2248324;1,775374;;;-3,876383;1,821785;3,35592
0,3555556;0,3115380264;0,03786922;(-3.883110000, 1.857089000, 3.343984000);(-0.256327800, 1.660804000, 0.011004540);0,2624461;1,738069;;;-3,88311;1,857089;3,343984
0,3666667;0,3487988964;0,03726087;(-3.889735000, 1.891793000, 3.332147000);(-0.256207300, 1.661317000, 0.010584740);0,2995275;1,701371;;;-3,889735;1,891793;3,332147
0,3777778;0,3939398764;0,04514098;(-3.897367000, 1.935401000, 3.323325000);(-0.256050700, 1.661833000, 0.010064100);0,3437274;1,658347;;;-3,897367;1,935401;3,323325
0,3888889;0,4449734564;0,05103358;(-3.905296000, 1.985753000, 3.320845000);(-0.255996600, 1.662397000, 0.009490699);0,3922118;1,61279;;;-3,905296;1,985753;3,320845
0,4;0,5022254464;0,05725199;(-3.915113000, 2.040654000, 3.307911000);(-0.255805000, 1.662800000, 0.008952171);0,449128;1,558086;;;-3,915113;2,040654;3,307911
0,4111111;0,5586424864;0,05641704;(-3.925482000, 2.090284000, 3.283166000);(-0.255589500, 1.663368000, 0.008377999);0,505144;1,501843;;;-3,925482;2,090284;3,283166
0,4222222;0,6146828164;0,05604033;(-3.935859000, 2.138314000, 3.256222000);(-0.255026000, 1.663949000, 0.007788092);0,5605367;1,445832;;;-3,935859;2,138314;3,256222
0,4333333;0,6721393364;0,05745652;(-3.946592000, 2.183633000, 3.222574000);(-0.254717900, 1.664361000, 0.007099599);0,6161077;1,388628;;;-3,946592;2,183633;3,222574
0,4444444;0,7215719164;0,04943258;(-3.955785000, 2.225030000, 3.197170000);(-0.254461700, 1.664674000, 0.006496876);0,6649696;1,339198;;;-3,955785;2,22503;3,19717
0,4555556;0,7644344064;0,04286249;(-3.963447000, 2.264701000, 3.182862000);(-0.254150700, 1.665007000, 0.005793005);0,7077721;1,297145;;;-3,963447;2,264701;3,182862
0,4666667;0,8107621064;0,0463277;(-3.972009000, 2.304707000, 3.161126000);(-0.253814500, 1.665614000, 0.005211025);0,7538917;1,250875;;;-3,972009;2,304707;3,161126
0,4777778;0,8709886964;0,06022659;(-3.983257000, 2.352716000, 3.126545000);(-0.253610800, 1.665995000, 0.004504591);0,8128191;1,19082;;;-3,983257;2,352716;3,126545
0,4888889;0,9364656464;0,06547695;(-3.995413000, 2.399378000, 3.082249000);(-0.253417000, 1.666443000, 0.003809422);0,874959;1,126869;;;-3,995413;2,399378;3,082249
0,5;0,9918316464;0,055366;(-4.005608000, 2.436588000, 3.042539000);(-0.253136200, 1.666930000, 0.002983958);0,9268669;1,073768;;;-4,005608;2,436588;3,042539
0,5111111;1,0391323364;0,04730069;(-4.014208000, 2.466180000, 3.006654000);(-0.252921100, 1.667364000, 0.002266377);0,9704837;1,029574;;;-4,014208;2,46618;3,006654
0,5222223;1,0785670564;0,03943472;(-4.021567000, 2.498128000, 2.984740000);(-0.252742800, 1.667761000, 0.001547068);1,009679;0,9903331;;;-4,021567;2,498128;2,98474
0,5333334;1,1177662964;0,03919924;(-4.028694000, 2.533481000, 2.969378000);(-0.252555100, 1.668155000, 0.000787467);1,048758;0,9512877;;;-4,028694;2,533481;2,969378
0,5444446;1,1568318864;0,03906559;(-4.035803000, 2.568651000, 2.953930000);(-0.252328500, 1.668571000, -0.000057966);1,087723;0,9123747;;;-4,035803;2,568651;2,95393
0,5555557;1,2028021764;0,04597029;(-4.044373000, 2.602897000, 2.924484000);(-0.252065900, 1.668851000, -0.000923842);1,132622;0,8673782;;;-4,044373;2,602897;2,924484
0,5666668;1,2503854364;0,04758326;(-4.053256000, 2.639159000, 2.894983000);(-0.251833300, 1.669130000, -0.001597375);1,179424;0,8206517;;;-4,053256;2,639159;2,894983
0,577778;1,3001700664;0,04978463;(-4.062534000, 2.680160000, 2.868312000);(-0.251702900, 1.669435000, -0.002342075);1,22908;0,7710868;;;-4,062534;2,68016;2,868312
0,5888891;1,3427789464;0,04260888;(-4.070458000, 2.715844000, 2.846418000);(-0.251543300, 1.669693000, -0.003108412);1,271648;0,7285916;;;-4,070458;2,715844;2,846418
0,6000003;1,3753509464;0,032572;(-4.076510000, 2.743299000, 2.829970000);(-0.251450200, 1.669813000, -0.004015058);1,304203;0,6960911;;;-4,07651;2,743299;2,82997
0,6111114;1,3987488964;0,02339795;(-4.079901000, 2.766426000, 2.831026000);(-0.251313500, 1.670074000, -0.004765362);1,324246;0,6757759;;;-4,079901;2,766426;2,831026
0,6222225;1,4273466864;0,02859779;(-4.082834000, 2.793130000, 2.840829000);(-0.251164700, 1.670325000, -0.005467683);1,343411;0,656911;;;-4,082834;2,79313;2,840829
0,6333337;1,4605412864;0,0331946;(-4.088077000, 2.825818000, 2.838394000);(-0.250989500, 1.670555000, -0.006073803);1,374017;0,6270458;;;-4,088077;2,825818;2,838394
0,6444448;1,4938380164;0,03329673;(-4.094204000, 2.854986000, 2.823551000);(-0.251017900, 1.670790000, -0.006774336);1,407314;0,5938397;;;-4,094204;2,854986;2,823551
0,655556;1,5394543364;0,04561632;(-4.102633000, 2.886358000, 2.791525000);(-0.250981600, 1.671375000, -0.007427663);1,450715;0,5496796;;;-4,102633;2,886358;2,791525
0,6666671;1,5880967464;0,04864241;(-4.111371000, 2.915020000, 2.753207000);(-0.251010400, 1.671538000, -0.008089870);1,494892;0,5051152;;;-4,111371;2,91502;2,753207
0,6777782;1,6192640964;0,03116735;(-4.116750000, 2.930434000, 2.726658000);(-0.250974600, 1.671697000, -0.008723885);1,521716;0,4787508;;;-4,11675;2,930434;2,726658
0,6888894;1,6377269964;0,0184629;(-4.119668000, 2.948613000, 2.725284000);(-0.251009700, 1.671780000, -0.009329468);1,538548;0,4616223;;;-4,119668;2,948613;2,725284
0,7000005;1,6659538664;0,02822687;(-4.123488000, 2.976367000, 2.728728000);(-0.251039200, 1.671933000, -0.009960383);1,561623;0,438416;;;-4,123488;2,976367;2,728728
0,7111117;1,7044524664;0,0384986;(-4.125938000, 3.008440000, 2.749882000);(-0.251071800, 1.671968000, -0.010572940);1,580422;0,4218716;;;-4,125938;3,00844;2,749882
0,7222228;1,7304025864;0,02595012;(-4.128611000, 3.032696000, 2.758709000);(-0.251086700, 1.672050000, -0.011148960);1,59836;0,406909;;;-4,128611;3,032696;2,758709
0,7333339;1,7494845264;0,01908194;(-4.131857000, 3.051074000, 2.754731000);(-0.251003500, 1.672302000, -0.011571440);1,616898;0,3895734;;;-4,131857;3,051074;2,754731
0,7444451;1,7713450264;0,0218605;(-4.135913000, 3.069645000, 2.743936000);(-0.251045100, 1.672431000, -0.012096430);1,638705;0,3679161;;;-4,135913;3,069645;2,743936
1,27778;2,1219591264;0,3506141;(-4.200301000, 3.301427000, 2.488863000);(-0.259620300, 1.672532000, -0.025415210);1,969564;0,06027101;;;-4,200301;3,301427;2,488863
1,288891;2,1328571464;0,01089802;(-4.202315000, 3.310839000, 2.483753000);(-0.259691700, 1.672555000, -0.025485310);1,980459;0,0554637;;;-4,202315;3,310839;2,483753
1,300002;2,1412539384;0,008396792;(-4.203693000, 3.314207000, 2.476186000);(-0.259787500, 1.672650000, -0.025460210);1,987293;0,05830054;;;-4,203693;3,314207;2,476186
1,311113;2,1442019534;0,002948015;(-4.204089000, 3.314636000, 2.473296000);(-0.259898600, 1.672730000, -0.025517850);1,989153;0,06020504;;;-4,204089;3,314636;2,473296
1,322224;2,1301855334;0,01401642;(-4.201521000, 3.305508000, 2.483618000);(-0.260136400, 1.672744000, -0.025480900);1,975836;0,05974107;;;-4,201521;3,305508;2,483618
1,333336;2,1121951434;0,01799039;(-4.199922000, 3.308316000, 2.501316000);(-0.260255100, 1.672806000, -0.025514750);1,969321;0,04858644;;;-4,199922;3,308316;2,501316
1,344447;2,0877138234;0,02448132;(-4.198259000, 3.315057000, 2.524792000);(-0.260399700, 1.672812000, -0.025356200);1,963583;0,03888633;;;-4,198259;3,315057;2,524792
1,355558;2,0647149534;0,02299887;(-4.196038000, 3.317576000, 2.547544000);(-0.260543900, 1.672609000, -0.025387020);1,954705;0,04596261;;;-4,196038;3,317576;2,547544
1,37778;2,0592976964;0,005417257;(-4.196157000, 3.314839000, 2.542870000);(-0.260642600, 1.672668000, -0.025246650);1,954527;0,04553282;;;-4,196157;3,314839;2,54287
1,388891;2,1012370964;0,0419394;(-4.201231000, 3.316916000, 2.501291000);(-0.260671900, 1.672712000, -0.025160520);1,97694;0,04068273;;;-4,201231;3,316916;2,501291
1,400002;2,1359223664;0,03468527;(-4.205875000, 3.321863000, 2.467276000);(-0.260704400, 1.672912000, -0.025107290);1,998595;0,06096609;;;-4,205875;3,321863;2,467276
1,455558;2,0789406764;0,05698169;(-4.198036000, 3.312144000, 2.522872000);(-0.261207200, 1.672962000, -0.024774880);1,961941;0,0415795;;;-4,198036;3,312144;2,522872
1,466669;2,1152708964;0,03633022;(-4.197699000, 3.332566000, 2.552917000);(-0.261290700, 1.672962000, -0.024685770);1,965553;0,0397012;;;-4,197699;3,332566;2,552917
1,47778;2,1297598664;0,01448897;(-4.199265000, 3.346257000, 2.557394000);(-0.261431400, 1.672974000, -0.024498550);1,975726;0,03874239;;;-4,199265;3,346257;2,557394
1,488891;2,1371630654;0,007403199;(-4.200603000, 3.350729000, 2.551648000);(-0.261478600, 1.672943000, -0.024372970);1,98248;0,03235031;;;-4,200603;3,350729;2,551648
1,500003;2,1644296754;0,02726661;(-4.203132000, 3.347108000, 2.524741000);(-0.261709600, 1.672861000, -0.024201420);1,992184;0,007991496;;;-4,203132;3,347108;2,524741
1,511114;2,2075538554;0,04312418;(-4.206537000, 3.337886000, 2.482752000);(-0.261786700, 1.672926000, -0.024090080);2,00482;0,03993065;;;-4,206537;3,337886;2,482752
1,555558;2,1932577854;0,01429607;(-4.206359000, 3.328552000, 2.471925000);(-0.262305900, 1.673167000, -0.023768690);2,002091;0,05366788;;;-4,206359;3,328552;2,471925
1,566669;2,1323382354;0,06091955;(-4.201944000, 3.343810000, 2.530738000);(-0.262414200, 1.673177000, -0.023682030);1,986321;0,01470523;;;-4,201944;3,34381;2,530738
