time;total distance traveled;distance to prev position;ray position;hmd position;distance to prev target;distance to current target
(-4.799410000, 1.603624000, 2.087302000);(-3.895281000, 0.120068600, 3.078065000);0,4444444;0,4444444
True

0,4222222;-0,6102225;0,6102225;(-4.487714000, 1.222196000, 2.463303000);(-0.308463900, 1.643415000, -0.033073100);0,619693;1,394128;;;-4,487714;1,222196;2,463303
0,4333333;-0,54746408;0,06275842;(-4.469569000, 1.163367000, 2.475492000);(-0.308277100, 1.643375000, -0.032824430);0,6732854;1,334681;;;-4,469569;1,163367;2,475492
0,4444444;-0,47312763;0,07433645;(-4.442879000, 1.098110000, 2.499053000);(-0.308135600, 1.643315000, -0.032522470);0,7431003;1,26162;;;-4,442879;1,09811;2,499053
0,4555556;-0,38303101;0,09009662;(-4.403196000, 1.029292000, 2.541558000);(-0.307932800, 1.643320000, -0.032230470);0,8325817;1,171539;;;-4,403196;1,029292;2,541558
0,4666667;-0,30756144;0,07546957;(-4.366987000, 0.977950200, 2.583375000);(-0.307757400, 1.643401000, -0.031981560);0,9080451;1,096899;;;-4,366987;0,9779502;2,583375
0,4777778;-0,23029654;0,0772649;(-4.326401000, 0.936684700, 2.634559000);(-0.307667400, 1.643476000, -0.031793500);0,9838881;1,024414;;;-4,326401;0,9366847;2,634559
0,4888889;-0,15745229;0,07284425;(-4.291391000, 0.887280500, 2.675053000);(-0.307487600, 1.643496000, -0.031438680);1,056732;0,9528568;;;-4,291391;0,8872805;2,675053
0,5;-0,08454192;0,07291037;(-4.256524000, 0.837400300, 2.715205000);(-0.307340900, 1.643660000, -0.031145720);1,12964;0,8813223;;;-4,256524;0,8374003;2,715205
0,5111111;-0,01799996;0,06654196;(-4.228516000, 0.784361700, 2.744020000);(-0.307189300, 1.643653000, -0.030756740);1,195153;0,8148112;;;-4,228516;0,7843617;2,74402
0,5222223;0,04832702;0,06632698;(-4.204676000, 0.726164600, 2.765091000);(-0.307033200, 1.643655000, -0.030332240);1,25819;0,7490196;;;-4,204676;0,7261646;2,765091
0,5333334;0,11492592;0,0665989;(-4.179205000, 0.669488400, 2.789060000);(-0.306852600, 1.643545000, -0.029848720);1,322773;0,6826416;;;-4,179205;0,6694884;2,78906
0,5444446;0,17832975;0,06340383;(-4.155108000, 0.615345700, 2.811597000);(-0.306665500, 1.643444000, -0.029388460);1,384349;0,6195279;;;-4,155108;0,6153457;2,811597
0,5555557;0,23306091;0,05473116;(-4.133955000, 0.569047600, 2.831710000);(-0.306576800, 1.643290000, -0.028937550);1,437819;0,5650119;;;-4,133955;0,5690476;2,83171
0,5666668;0,28519825;0,05213734;(-4.114166000, 0.524493300, 2.850193000);(-0.306468800, 1.643194000, -0.028492900);1,488652;0,5132211;;;-4,114166;0,5244933;2,850193
0,577778;0,34040401;0,05520576;(-4.085971000, 0.491925200, 2.884719000);(-0.306378200, 1.643058000, -0.028054150);1,542966;0,4604595;;;-4,085971;0,4919252;2,884719
0,5888891;0,39799965;0,05759564;(-4.056913000, 0.456754000, 2.919874000);(-0.306299100, 1.642893000, -0.027610450);1,599934;0,4055941;;;-4,056913;0,456754;2,919874
0,6000003;0,44611982;0,04812017;(-4.033199000, 0.425677500, 2.947936000);(-0.306245700, 1.642734000, -0.027115550);1,647825;0,3596555;;;-4,033199;0,4256775;2,947936
0,6111114;0,48361691;0,03749709;(-4.014838000, 0.401133400, 2.969534000);(-0.306156800, 1.642447000, -0.026603130);1,685192;0,3241457;;;-4,014838;0,4011334;2,969534
0,6222225;0,51856792;0,03495101;(-3.999745000, 0.373905800, 2.985422000);(-0.306062700, 1.642217000, -0.026043330);1,719968;0,2897049;;;-3,999745;0,3739058;2,985422
0,6333337;0,54896057;0,03039265;(-3.986868000, 0.349816600, 2.998749000);(-0.305901400, 1.641974000, -0.025487750);1,750141;0,2597373;;;-3,986868;0,3498166;2,998749
0,6444448;0,58182286;0,03286229;(-3.974157000, 0.322029800, 3.010842000);(-0.305848000, 1.641866000, -0.024868280);1,782261;0,2269994;;;-3,974157;0,3220298;3,010842
0,655556;0,62285590;0,04103304;(-3.962638000, 0.283344800, 3.018225000);(-0.305864500, 1.641455000, -0.024420830);1,819325;0,186486;;;-3,962638;0,2833448;3,018225
0,6666671;0,65958354;0,03672764;(-3.948603000, 0.252075600, 3.031422000);(-0.305806900, 1.641271000, -0.023935710);1,855241;0,1498155;;;-3,948603;0,2520756;3,031422
0,6777782;0,68304665;0,02346311;(-3.939759000, 0.231951600, 3.039627000);(-0.305774300, 1.641278000, -0.023371850);1,87814;0,1263867;;;-3,939759;0,2319516;3,039627
0,6888894;0,70844086;0,02539421;(-3.929120000, 0.211632200, 3.050527000);(-0.305653700, 1.641022000, -0.022832070);1,903378;0,1014266;;;-3,92912;0,2116322;3,050527
0,7000005;0,74381436;0,0353735;(-3.913542000, 0.184609900, 3.067212000);(-0.305633300, 1.640807000, -0.022414590);1,938708;0,06794733;;;-3,913542;0,1846099;3,067212
0,7111117;0,77094835;0,02713399;(-3.899892000, 0.167913600, 3.083679000);(-0.305532900, 1.640645000, -0.021956240);1,965494;0,04839347;;;-3,899892;0,1679136;3,083679
0,7222228;0,780185584;0,009237234;(-3.894726000, 0.165501400, 3.090947000);(-0.305438100, 1.640454000, -0.021544490);1,973311;0,04722704;;;-3,894726;0,1655014;3,090947
0,7333339;0,789393012;0,009207428;(-3.892475000, 0.156641000, 3.092045000);(-0.305275000, 1.640225000, -0.021105080);1,981363;0,0392537;;;-3,892475;0,156641;3,092045
0,7444451;0,807426992;0,01803398;(-3.898209000, 0.144462800, 3.080043000);(-0.305105500, 1.640142000, -0.020677600);1,981628;0,02464889;;;-3,898209;0,1444628;3,080043
0,7555562;0,821943662;0,01451667;(-3.900013000, 0.131463500, 3.073839000);(-0.304950300, 1.639918000, -0.020363600);1,987316;0,01304234;;;-3,900013;0,1314635;3,073839
0,7666674;0,835817142;0,01387348;(-3.901320000, 0.118738700, 3.068468000);(-0.304773400, 1.639715000, -0.020026710);1,993524;0,01141699;;;-3,90132;0,1187387;3,068468
0,7777785;0,853350332;0,01753319;(-3.895115000, 0.103252900, 3.073863000);(-0.304448900, 1.639519000, -0.019458030);2,010514;0,01733348;;;-3,895115;0,1032529;3,073863
0,7888896;0,877320342;0,02397001;(-3.881801000, 0.101156700, 3.093684000);(-0.304363200, 1.639520000, -0.019367490);2,027861;0,02798795;;;-3,881801;0,1011567;3,093684
0,8000008;0,897358792;0,02003845;(-3.872409000, 0.108199500, 3.109924000);(-0.304294600, 1.639334000, -0.019163400);2,035039;0,0409755;;;-3,872409;0,1081995;3,109924
0,8111119;0,881700112;0,01565868;(-3.871668000, 0.123001800, 3.114978000);(-0.304094200, 1.639060000, -0.018817750);2,027083;0,04391684;;;-3,871668;0,1230018;3,114978
0,8222231;0,875769133;0,005930979;(-3.874984000, 0.124611000, 3.110331000);(-0.303919100, 1.638919000, -0.018558530);2,022037;0,03838837;;;-3,874984;0,124611;3,110331
0,8333342;0,849981383;0,02578775;(-3.887688000, 0.117571700, 3.089022000);(-0.303783900, 1.638906000, -0.018499700);2,010729;0,01356234;;;-3,887688;0,1175717;3,089022
0,8444453;0,871940113;0,02195873;(-3.885238000, 0.095842420, 3.087017000);(-0.303593100, 1.638793000, -0.018324940);2,026955;0,02771112;;;-3,885238;0,09584242;3,087017
0,8555565;0,889485293;0,01754518;(-3.879744000, 0.079700290, 3.091150000);(-0.303481300, 1.638804000, -0.018131050);2,043488;0,04519081;;;-3,879744;0,07970029;3,09115
0,8666676;0,903180333;0,01369504;(-3.877023000, 0.066292110, 3.091762000);(-0.303303200, 1.638703000, -0.017980070);2,055025;0,05841949;;;-3,877023;0,06629211;3,091762
0,8777788;0,892787163;0,01039317;(-3.882668000, 0.070875410, 3.084336000);(-0.303129600, 1.638627000, -0.017846440);2,045437;0,05116986;;;-3,882668;0,07087541;3,084336
0,8888899;0,876372463;0,0164147;(-3.887891000, 0.085911330, 3.080325000);(-0.303012800, 1.638567000, -0.017743680);2,029881;0,03502036;;;-3,887891;0,08591133;3,080325
0,900001;0,870540499;0,005831964;(-3.888664000, 0.091681540, 3.080672000);(-0.302746700, 1.638565000, -0.017646580);2,025392;0,02926438;;;-3,888664;0,09168154;3,080672
0,9111122;0,879031915;0,008491416;(-3.883949000, 0.090967180, 3.087698000);(-0.302525900, 1.638473000, -0.017547280);2,0315;0,03268165;;;-3,883949;0,09096718;3,087698
0,9222233;0,897037615;0,0180057;(-3.876017000, 0.077216030, 3.096195000);(-0.302463500, 1.638279000, -0.017562180);2,049498;0,05035982;;;-3,876017;0,07721603;3,096195
0,9333345;0,903296794;0,006259179;(-3.872919000, 0.073214110, 3.099877000);(-0.302180400, 1.638209000, -0.017536490);2,055687;0,05631323;;;-3,872919;0,07321411;3,099877
0,9444456;0,898742064;0,00455473;(-3.875407000, 0.075118960, 3.096572000);(-0.301955300, 1.638296000, -0.017421750);2,051521;0,05251604;;;-3,875407;0,07511896;3,096572
0,9555568;0,883286184;0,01545588;(-3.883980000, 0.080429730, 3.084859000);(-0.301677900, 1.638264000, -0.017365430);2,037954;0,0417745;;;-3,88398;0,08042973;3,084859
0,9666679;0,871785794;0,01150039;(-3.890386000, 0.081716180, 3.075396000);(-0.301426300, 1.638384000, -0.017232810);2,029497;0,03875546;;;-3,890386;0,08171618;3,075396
0,977779;0,863041819;0,008743975;(-3.893672000, 0.076693890, 3.069037000);(-0.301164100, 1.638425000, -0.017091900);2,028714;0,04433347;;;-3,893672;0,07669389;3,069037
0,9888902;0,872390316;0,009348497;(-3.890537000, 0.068269070, 3.071603000);(-0.300977400, 1.638473000, -0.017075630);2,037699;0,05241603;;;-3,890537;0,06826907;3,071603
1,000001;0,892272646;0,01988233;(-3.879820000, 0.069421350, 3.088310000);(-0.300814800, 1.638485000, -0.017058040);2,049742;0,05393644;;;-3,87982;0,06942135;3,08831
1,011112;0,908710566;0,01643792;(-3.873308000, 0.078185920, 3.100598000);(-0.300615300, 1.638607000, -0.017077770);2,052169;0,05238965;;;-3,873308;0,07818592;3,100598
1,022224;0,897875626;0,01083494;(-3.879267000, 0.082415280, 3.092598000);(-0.300451200, 1.638653000, -0.017179520);2,042391;0,04342126;;;-3,879267;0,08241528;3,092598
1,033335;0,881064166;0,01681146;(-3.888488000, 0.082631830, 3.078543000);(-0.300456700, 1.638562000, -0.017357140);2,031195;0,03805091;;;-3,888488;0,08263183;3,078543
1,044446;0,870497726;0,01056644;(-3.893694000, 0.079745770, 3.069812000);(-0.300342200, 1.638559000, -0.017366560);2,026784;0,04118925;;;-3,893694;0,07974577;3,069812
1,055557;0,861748697;0,008749029;(-3.897612000, 0.076153400, 3.062863000);(-0.300331600, 1.638549000, -0.017497870);2,024383;0,04653026;;;-3,897612;0,0761534;3,062863
1,066668;0,850856177;0,01089252;(-3.903697000, 0.079204140, 3.054359000);(-0.300187000, 1.638489000, -0.017546330);2,015281;0,04798631;;;-3,903697;0,07920414;3,054359
1,077779;0,842906299;0,007949878;(-3.907994000, 0.082839250, 3.048745000);(-0.300050100, 1.638468000, -0.017642950);2,00793;0,04906431;;;-3,907994;0,08283925;3,048745
1,08889;0,835102480;0,007803819;(-3.906850000, 0.089686570, 3.052310000);(-0.299908200, 1.638414000, -0.017681570);2,004972;0,041476;;;-3,90685;0,08968657;3,05231
1,100002;0,858660140;0,02355766;(-3.895143000, 0.095750390, 3.071832000);(-0.299843900, 1.638418000, -0.017676200);2,015114;0,0251045;;;-3,895143;0,09575039;3,071832
1,111113;0,888883970;0,03022383;(-3.878949000, 0.098109660, 3.097242000);(-0.299698600, 1.638343000, -0.017685620);2,033175;0,0334168;;;-3,878949;0,09810966;3,097242
1,122224;0,907074110;0,01819014;(-3.869372000, 0.100471700, 3.112525000);(-0.299593700, 1.638287000, -0.017736230);2,04341;0,04735863;;;-3,869372;0,1004717;3,112525
1,133335;0,902577139;0,004496971;(-3.870883000, 0.104521800, 3.111286000);(-0.299464600, 1.638221000, -0.017712380);2,039121;0,04405228;;;-3,870883;0,1045218;3,111286
1,144446;0,884574479;0,01800266;(-3.878985000, 0.097236750, 3.096955000);(-0.299504300, 1.638546000, -0.017856270);2,033663;0,0338182;;;-3,878985;0,09723675;3,096955
1,155557;0,903308569;0,01873409;(-3.884529000, 0.083961550, 3.084955000);(-0.299372100, 1.638641000, -0.017823670);2,035115;0,03829874;;;-3,884529;0,08396155;3,084955
1,166668;0,893363675;0,009944894;(-3.889407000, 0.081172290, 3.076750000);(-0.299299900, 1.638641000, -0.017831240);2,031003;0,03935919;;;-3,889407;0,08117229;3,07675
1,17778;0,879086135;0,01427754;(-3.896363000, 0.090612530, 3.068605000);(-0.299305300, 1.638651000, -0.017823190);2,016843;0,03095675;;;-3,896363;0,09061253;3,068605
1,188891;0,846904295;0,03218184;(-3.911121000, 0.114058700, 3.052229000);(-0.299259000, 1.638646000, -0.017818000);1,984678;0,03089509;;;-3,911121;0,1140587;3,052229
1,200002;0,824205325;0,02269897;(-3.922865000, 0.126904200, 3.037658000);(-0.299232800, 1.638611000, -0.017839220);1,962705;0,04939949;;;-3,922865;0,1269042;3,037658
1,211113;0,840857275;0,01665195;(-3.913862000, 0.127691000, 3.051645000);(-0.299172800, 1.638623000, -0.017918740);1,97295;0,03318736;;;-3,913862;0,127691;3,051645
1,222224;0,863205975;0,0223487;(-3.901397000, 0.124900500, 3.069983000);(-0.299150100, 1.638650000, -0.017948540);1,989652;0,0112282;;;-3,901397;0,1249005;3,069983
