time;total distance traveled;distance to prev position;ray position;hmd position;distance to prev target;distance to current target
(-3.895281000, 0.120068600, 3.078065000);(-4.391080000, 2.040802000, 2.823179000);0,08888889;0,2888889

0;-0,02460165;0,02460165;(-3.887884000, 0.119491200, 3.089817000);(-0.299054100, 1.638573000, -0.017889950);0,01389797;2,003931;;;-3,887884;0,1194912;3,089817
0,01111111;-0,01198374;0,01261791;(-3.881047000, 0.116918100, 3.100105000);(-0.299077100, 1.638560000, -0.017889650);0,02642519;2,009515;;;-3,881047;0,1169181;3,100105
0,02222222;-0,03038049;0,01839675;(-3.890667000, 0.125640000, 3.087074000);(-0.299055900, 1.638524000, -0.017885000);0,01155344;1,996972;;;-3,890667;0,12564;3,087074
0,03333334;-0,00080692;0,02957357;(-3.906110000, 0.139808600, 3.066208000);(-0.299052900, 1.638517000, -0.017876830);0,02544652;1,976875;;;-3,90611;0,1398086;3,066208
0,04444445;0,01754457;0,01835149;(-3.915971000, 0.146296600, 3.052157000);(-0.299031300, 1.638479000, -0.017858060);0,04227576;1,966548;;;-3,915971;0,1462966;3,052157
0,05555556;0,02817235;0,01062778;(-3.920365000, 0.141537900, 3.043731000);(-0.298983400, 1.638428000, -0.017816280);0,04763399;1,969116;;;-3,920365;0,1415379;3,043731
0,06666667;0,032527355;0,004355005;(-3.922674000, 0.143389800, 3.040536000);(-0.298965300, 1.638399000, -0.017775570);0,05198735;1,966424;;;-3,922674;0,1433898;3,040536
0,07777778;0,040993543;0,008466188;(-3.927263000, 0.145448200, 3.033726000);(-0.298984500, 1.638387000, -0.017714650);0,06027396;1,962606;;;-3,927263;0,1454482;3,033726
0,08888889;0,032559790;0,008433753;(-3.922771000, 0.142039100, 3.039997000);(-0.298956200, 1.638376000, -0.017756430);0,05184193;1,967644;;;-3,922771;0,1420391;3,039997
0,1;0,015487090;0,0170727;(-3.913618000, 0.140607300, 3.054338000);(-0.298947000, 1.638328000, -0.017694980);0,03634674;1,972852;;;-3,913618;0,1406073;3,054338
0,1111111;-0,021542540;0,03702963;(-3.896829000, 0.153047600, 3.084908000);(-0.299088600, 1.638196000, -0.017817290);0,03371718;1,968858;;;-3,896829;0,1530476;3,084908
0,1222222;-0,013355952;0,008186588;(-3.895601000, 0.160098400, 3.088883000);(-0.299077900, 1.638137000, -0.017766390);0,04146714;1,962943;;;-3,895601;0,1600984;3,088883
0,1333333;0,003844308;0,01720026;(-3.904740000, 0.167240300, 3.076182000);(-0.299107900, 1.638070000, -0.017739150);0,04814772;1,952119;;;-3,90474;0,1672403;3,076182
0,1444445;0,030004138;0,02615983;(-3.918817000, 0.176229500, 3.056048000);(-0.299167100, 1.638007000, -0.017687890);0,06475154;1,937496;;;-3,918817;0,1762295;3,056048
0,1555556;0,048673338;0,0186692;(-3.928901000, 0.182025400, 3.041444000);(-0.299176500, 1.637998000, -0.017634060);0,07943574;1,927771;;;-3,928901;0,1820254;3,041444
0,1666667;0,067972928;0,01929959;(-3.938438000, 0.178419100, 3.025058000);(-0.299290500, 1.637951000, -0.017569270);0,08987255;1,927203;;;-3,938438;0,1784191;3,025058
0,1777778;0,056054468;0,01191846;(-3.937371000, 0.166658300, 3.023448000);(-0.299325100, 1.637891000, -0.017486840);0,08321807;1,938653;;;-3,937371;0,1666583;3,023448
0,1888889;0,047598095;0,008456373;(-3.933812000, 0.160026100, 3.027303000);(-0.299335700, 1.637931000, -0.017439570);0,07522041;1,946299;;;-3,933812;0,1600261;3,027303
0,2;0,042040964;0,005557131;(-3.932199000, 0.163861600, 3.030986000);(-0.299396500, 1.637932000, -0.017445530);0,07414329;1,943363;;;-3,932199;0,1638616;3,030986
0,2111111;0,059358134;0,01731717;(-3.929362000, 0.178545800, 3.039716000);(-0.299453200, 1.637913000, -0.017386290);0,07779313;1,930821;;;-3,929362;0,1785458;3,039716
0,2222222;0,074096334;0,0147382;(-3.926331000, 0.190386400, 3.047952000);(-0.299517300, 1.637917000, -0.017340810);0,08255627;1,921081;;;-3,926331;0,1903864;3,047952
0,2333333;0,081978994;0,00788266;(-3.923820000, 0.195463700, 3.053434000);(-0.299537700, 1.637935000, -0.017241210);0,08429498;1,917452;;;-3,92382;0,1954637;3,053434
0,2444444;0,089236447;0,007257453;(-3.920725000, 0.198466200, 3.059271000);(-0.299636600, 1.637954000, -0.017222910);0,08453879;1,916031;;;-3,920725;0,1984662;3,059271
0,2555556;0,095753508;0,006517061;(-3.918809000, 0.202926400, 3.063620000);(-0.299716600, 1.637969000, -0.017234470);0,08733667;1,912757;;;-3,918809;0,2029264;3,06362
0,2666667;0,105141179;0,009387671;(-3.923185000, 0.209387100, 3.058400000);(-0.299637300, 1.638135000, -0.017249490);0,09561986;1,904819;;;-3,923185;0,2093871;3,0584
0,2777778;0,125624329;0,02048315;(-3.931229000, 0.226370300, 3.050250000);(-0.299622000, 1.638097000, -0.017189120);0,1156115;1,88552;;;-3,931229;0,2263703;3,05025
0,2888889;0,152438219;0,02681389;(-3.937551000, 0.252271600, 3.047398000);(-0.299559000, 1.638158000, -0.017238710);0,142144;1,85871;;;-3,937551;0,2522716;3,047398
0,3;0,199465389;0,04702717;(-3.943383000, 0.298782900, 3.051173000);(-0.299493600, 1.638205000, -0.017231140);0,1870182;1,813021;;;-3,943383;0,2987829;3,051173
0,3111111;0,243012159;0,04354677;(-3.947270000, 0.341751900, 3.057079000);(-0.299354300, 1.638277000, -0.017306600);0,228663;1,771567;;;-3,94727;0,3417519;3,057079
0,3222222;0,276048279;0,03303612;(-3.946527000, 0.373197600, 3.067179000);(-0.299197000, 1.638346000, -0.017355170);0,2584938;1,743005;;;-3,946527;0,3731976;3,067179
0,3333333;0,305771039;0,02972276;(-3.944934000, 0.400983000, 3.077613000);(-0.299075200, 1.638378000, -0.017416270);0,2852694;1,718368;;;-3,944934;0,400983;3,077613
0,3444445;0,335188619;0,02941758;(-3.942566000, 0.427974000, 3.089070000);(-0.298779300, 1.638488000, -0.017596270);0,3117096;1,695015;;;-3,942566;0,427974;3,08907
0,3555556;0,359613199;0,02442458;(-3.946605000, 0.452060400, 3.089385000);(-0.298556800, 1.638647000, -0.017747610);0,3361263;1,671085;;;-3,946605;0,4520604;3,089385
0,3666667;0,392081129;0,03246793;(-3.958167000, 0.480496900, 3.078810000);(-0.298242800, 1.638818000, -0.017894060);0,3658741;1,639302;;;-3,958167;0,4804969;3,07881
0,3777778;0,453271819;0,06119069;(-3.984118000, 0.528128100, 3.050488000);(-0.297958300, 1.639090000, -0.018014100);0,4185275;1,582868;;;-3,984118;0,5281281;3,050488
0,3888889;0,530570869;0,07729905;(-4.012895000, 0.594345600, 3.022878000);(-0.297635800, 1.639397000, -0.018163170);0,4917493;1,508357;;;-4,012895;0,5943456;3,022878
0,4;0,597206579;0,06663571;(-4.035928000, 0.653463000, 3.002509000);(-0.297325700, 1.639845000, -0.018353250);0,5567765;1,443261;;;-4,035928;0,653463;3,002509
0,4111111;0,652675269;0,05546869;(-4.051007000, 0.706005800, 2.993093000);(-0.296960000, 1.640155000, -0.018508230);0,6122037;1,387877;;;-4,051007;0,7060058;2,993093
0,4222222;0,704874709;0,05219944;(-4.064316000, 0.755949500, 2.985794000);(-0.296731900, 1.640450000, -0.018714400);0,6644031;1,335689;;;-4,064316;0,7559495;2,985794
0,4333333;0,764418369;0,05954366;(-4.083055000, 0.810512000, 2.971055000);(-0.296428900, 1.640751000, -0.018938150);0,7234794;1,276856;;;-4,083055;0,810512;2,971055
0,4444444;0,818056389;0,05363802;(-4.102689000, 0.856870500, 2.952551000);(-0.296145100, 1.641058000, -0.019179140);0,7756606;1,225398;;;-4,102689;0,8568705;2,952551
0,4555556;0,874937359;0,05688097;(-4.119061000, 0.910162600, 2.941265000);(-0.295833100, 1.641372000, -0.019515600);0,8324906;1,168882;;;-4,119061;0,9101626;2,941265
0,4666667;0,939107329;0,06416997;(-4.136228000, 0.971112800, 2.930866000);(-0.295549100, 1.641732000, -0.019788710);0,8966603;1,10489;;;-4,136228;0,9711128;2,930866
0,4777778;1,013681649;0,07457432;(-4.156609000, 1.041688000, 2.918016000);(-0.295231300, 1.641882000, -0.019980640);0,9712313;1,030631;;;-4,156609;1,041688;2,918016
0,4888889;1,095965619;0,08228397;(-4.179543000, 1.119279000, 2.903038000);(-0.295063100, 1.642281000, -0.020370270);1,053499;0,9488575;;;-4,179543;1,119279;2,903038
0,5;1,178045639;0,08208002;(-4.204314000, 1.195345000, 2.884670000);(-0.294838000, 1.642552000, -0.020685340);1,135396;0,8680205;;;-4,204314;1,195345;2,88467
0,5111111;1,240159229;0,06211359;(-4.223370000, 1.252666000, 2.870201000);(-0.294632600, 1.642833000, -0.020988140);1,197341;0,8071533;;;-4,22337;1,252666;2,870201
0,5222223;1,285983409;0,04582418;(-4.235964000, 1.295988000, 2.862177000);(-0.294360600, 1.643081000, -0.021202120);1,243165;0,7617933;;;-4,235964;1,295988;2,862177
0,5333334;1,321739979;0,03575657;(-4.238424000, 1.331153000, 2.868171000);(-0.294224700, 1.643293000, -0.021526250);1,276138;0,7272754;;;-4,238424;1,331153;2,868171
0,5444446;1,371226949;0,04948697;(-4.241570000, 1.379768000, 2.876869000);(-0.293988500, 1.643554000, -0.021840240);1,321831;0,6798543;;;-4,24157;1,379768;2,876869
0,5555557;1,424140279;0,05291333;(-4.243245000, 1.431300000, 2.888762000);(-0.293856900, 1.643713000, -0.022144350);1,36976;0,630594;;;-4,243245;1,4313;2,888762
0,5666668;1,486133379;0,0619931;(-4.261181000, 1.489318000, 2.876296000);(-0.293786900, 1.643728000, -0.022581730);1,431585;0,5690607;;;-4,261181;1,489318;2,876296
0,577778;1,563644429;0,07751105;(-4.292953000, 1.551539000, 2.842726000);(-0.293620200, 1.643853000, -0.022871290);1,504206;0,4993884;;;-4,292953;1,551539;2,842726
0,5888891;1,638656089;0,07501166;(-4.324445000, 1.610500000, 2.808687000);(-0.293400100, 1.644425000, -0.023301990);1,574209;0,4356719;;;-4,324445;1,6105;2,808687
0,9666679;2,089955989;0,4512999;(-4.416308000, 2.051750000, 2.785634000);(-0.295328700, 1.646774000, -0.032990190);2,021974;0,04653962;;;-4,416308;2,05175;2,785634
0,977779;2,077226839;0,01272915;(-4.409433000, 2.049887000, 2.796183000);(-0.295534300, 1.646764000, -0.033126920);2,01693;0,03388387;;;-4,409433;2,049887;2,796183
0,9888902;2,093043619;0,01581678;(-4.404693000, 2.060566000, 2.806844000);(-0.295749200, 1.646782000, -0.033233020);2,024498;0,02902994;;;-4,404693;2,060566;2,806844
1,000001;2,108469299;0,01542568;(-4.401711000, 2.073173000, 2.815218000);(-0.295926200, 1.646734000, -0.033324990);2,034743;0,03498955;;;-4,401711;2,073173;2,815218
1,011112;2,118223336;0,009754037;(-4.397468000, 2.076981000, 2.823132000);(-0.296145300, 1.646640000, -0.033398660);2,036342;0,0367389;;;-4,397468;2,076981;2,823132
1,022224;2,106953516;0,01126982;(-4.391517000, 2.076922000, 2.832703000);(-0.296313600, 1.646558000, -0.033506240);2,033649;0,03735745;;;-4,391517;2,076922;2,832703
1,033335;2,089701676;0,01725184;(-4.387865000, 2.060099000, 2.833822000);(-0.296539300, 1.646330000, -0.033679340);2,016435;0,02227037;;;-4,387865;2,060099;2,833822
1,044446;2,068504226;0,02119745;(-4.391262000, 2.042049000, 2.823239000);(-0.296685100, 1.646237000, -0.033758070);2,001235;0,001261515;;;-4,391262;2,042049;2,823239
1,055557;2,054078386;0,01442584;(-4.394737000, 2.031083000, 2.814534000);(-0.296840400, 1.646295000, -0.033729290);1,992707;0,01351185;;;-4,394737;2,031083;2,814534
1,066668;2,049060731;0,005017655;(-4.395506000, 2.026776000, 2.812077000);(-0.297039500, 1.646266000, -0.033793420);1,989098;0,01842738;;;-4,395506;2,026776;2,812077
1,077779;2,046177777;0,002882954;(-4.393983000, 2.026763000, 2.814525000);(-0.297272400, 1.646162000, -0.033770050);1,988376;0,0167459;;;-4,393983;2,026763;2,814525
1,08889;2,042033434;0,004144343;(-4.391751000, 2.026256000, 2.817979000);(-0.297499500, 1.646010000, -0.033743170);1,986877;0,0154616;;;-4,391751;2,026256;2,817979
1,100002;2,048904823;0,006871389;(-4.389805000, 2.031073000, 2.822477000);(-0.297660800, 1.645895000, -0.033727910);1,990431;0,00983732;;;-4,389805;2,031073;2,822477
1,111113;2,059774193;0,01086937;(-4.390631000, 2.041777000, 2.824177000);(-0.297818100, 1.645776000, -0.033716770);2,000698;0,001465703;;;-4,390631;2,041777;2,824177
1,122224;2,080336873;0,02056268;(-4.398826000, 2.058650000, 2.815754000);(-0.297969000, 1.645646000, -0.033728510);2,020016;0,02082518;;;-4,398826;2,05865;2,815754
1,133335;2,063940713;0,01639616;(-4.406232000, 2.053058000, 2.802237000);(-0.298015100, 1.645473000, -0.033781800);2,018316;0,028607;;;-4,406232;2,053058;2,802237
1,144446;2,045752763;0,01818795;(-4.400737000, 2.036208000, 2.806320000);(-0.298099500, 1.645467000, -0.033703000);2,00023;0,01996455;;;-4,400737;2,036208;2,80632
1,155557;2,024488103;0,02126466;(-4.389390000, 2.027799000, 2.822218000);(-0.298256200, 1.645373000, -0.033595110);1,987218;0,01314757;;;-4,38939;2,027799;2,822218
1,166668;2,011058463;0,01342964;(-4.382174000, 2.026449000, 2.833463000);(-0.298361100, 1.645503000, -0.033516560);1,982721;0,01977597;;;-4,382174;2,026449;2,833463
