time;total distance traveled;distance to prev position;ray position;hmd position;distance to prev target;distance to current target
(3.031299000, 2.477236000, 3.792737000);(4.312891000, 2.199802000, 2.282588000);0,1666667;0,02222222

0;-0,02207416;0,02207416;(3.034656000, 2.473345000, 3.789011000);(-0.105618200, 1.665712000, 0.005351260);0,006347739;1,994498;;;3,034656;2,473345;3,789011
0,01111111;0,00059027;0,02266443;(3.020837000, 2.467351000, 3.805945000);(-0.105669800, 1.665713000, 0.005229309);0,01953568;2,015342;;;3,020837;2,467351;3,805945
0,02222222;0,01186608;0,01127581;(3.015638000, 2.459959000, 3.812689000);(-0.105708400, 1.665759000, 0.005209878);0,03068966;2,022809;;;3,015638;2,459959;3,812689
0,03333334;0,02304286;0,01117678;(3.020722000, 2.451641000, 3.807221000);(-0.105763600, 1.665677000, 0.005245402);0,03125338;2,014356;;;3,020722;2,451641;3,807221
0,04444445;0,01159758;0,01144528;(3.028077000, 2.450607000, 3.798513000);(-0.105857600, 1.665632000, 0.005235747);0,02743862;2,002918;;;3,028077;2,450607;3,798513
0,05555556;-0,00664374;0,01824132;(3.039196000, 2.455449000, 3.784887000);(-0.105837100, 1.665624000, 0.005213037);0,02446794;1,986091;;;3,039196;2,455449;3,784887
0,06666667;0,00462294;0,01126668;(3.046439000, 2.455090000, 3.776264000);(-0.105860100, 1.665689000, 0.005253866);0,0314806;1,974878;;;3,046439;2,45509;3,776264
0,07777778;0,000256303;0,004366637;(3.043758000, 2.456616000, 3.779355000);(-0.105826900, 1.665704000, 0.005261138);0,0275589;1,979132;;;3,043758;2,456616;3,779355
0,08888889;-0,009777657;0,01003396;(3.039060000, 2.463881000, 3.784438000);(-0.105812400, 1.665801000, 0.005246654);0,01753511;1,986941;;;3,03906;2,463881;3,784438
0,1;-0,035524997;0,02574734;(3.024755000, 2.478044000, 3.800491000);(-0.105839000, 1.665862000, 0.005230203);0,01017818;2,010159;;;3,024755;2,478044;3,800491
0,1111111;-0,011126367;0,02439863;(3.009141000, 2.477009000, 3.819210000);(-0.106040400, 1.665918000, 0.005235270);0,03452335;2,034162;;;3,009141;2,477009;3,81921
0,1222222;0,007886193;0,01901256;(3.004447000, 2.459904000, 3.826055000);(-0.106086600, 1.665970000, 0.005213216);0,04616905;2,040091;;;3,004447;2,459904;3,826055
0,1333333;-0,028313757;0,03619995;(3.022371000, 2.435324000, 3.806435000);(-0.105895400, 1.665968000, 0.005087510);0,04498886;2,010726;;;3,022371;2,435324;3,806435
0,1444445;0,016186583;0,04450034;(3.050733000, 2.426972000, 3.773175000);(-0.105898800, 1.665999000, 0.005071238);0,05733038;1,966342;;;3,050733;2,426972;3,773175
0,1555556;0,047683393;0,03149681;(3.070865000, 2.428679000, 3.749013000);(-0.105904300, 1.665908000, 0.005077794);0,07638735;1,935308;;;3,070865;2,428679;3,749013
0,1666667;0,074041293;0,0263579;(3.085156000, 2.441585000, 3.731014000);(-0.105861000, 1.665944000, 0.005064264);0,08933811;1,914087;;;3,085156;2,441585;3,731014
0,1777778;0,043257083;0,03078421;(3.075365000, 2.469113000, 3.740710000);(-0.105742500, 1.665928000, 0.004968360);0,06866283;1,931352;;;3,075365;2,469113;3,74071
0,1888889;-0,000830187;0,04408727;(3.050207000, 2.491552000, 3.769122000);(-0.105688900, 1.665922000, 0.004923657);0,03346815;1,972124;;;3,050207;2,491552;3,769122
0,2;-0,032032857;0,03120267;(3.030146000, 2.492676000, 3.792994000);(-0.105629800, 1.665871000, 0.004855350);0,01548465;2,003132;;;3,030146;2,492676;3,792994
0,2111111;-0,046899547;0,01486669;(3.023375000, 2.482790000, 3.801795000);(-0.105504900, 1.665878000, 0.004788056);0,01325466;2,012691;;;3,023375;2,48279;3,801795
0,2222222;-0,025636087;0,02126346;(3.028163000, 2.462513000, 3.797548000);(-0.105385000, 1.665877000, 0.004633620);0,01580359;2,003658;;;3,028163;2,462513;3,797548
0,2333333;0,000755053;0,02639114;(3.044672000, 2.454993000, 3.778380000);(-0.105144400, 1.665766000, 0.004480556);0,02966027;1,977598;;;3,044672;2,454993;3,77838
0,2444444;0,019080333;0,01832528;(3.056234000, 2.457533000, 3.764391000);(-0.104862900, 1.665781000, 0.004249528);0,04258448;1,959937;;;3,056234;2,457533;3,764391
0,2555556;0,037451613;0,01837128;(3.067934000, 2.459061000, 3.750310000);(-0.104339000, 1.665785000, 0.003855065);0,05892768;1,941994;;;3,067934;2,459061;3,75031
0,2666667;0,066426803;0,02897519;(3.086170000, 2.451560000, 3.729080000);(-0.104029000, 1.665787000, 0.003668323);0,08787689;1,91326;;;3,08617;2,45156;3,72908
0,2777778;0,119199293;0,05277249;(3.115047000, 2.421426000, 3.696784000);(-0.103722900, 1.665747000, 0.003451541);0,1390519;1,86652;;;3,115047;2,421426;3,696784
0,2888889;0,177837363;0,05863807;(3.144558000, 2.382479000, 3.664371000);(-0.103395900, 1.665738000, 0.003231958);0,1956642;1,818707;;;3,144558;2,382479;3,664371
0,3;0,216176973;0,03833961;(3.166015000, 2.361800000, 3.640248000);(-0.102924900, 1.665667000, 0.002865925);0,2339377;1,784603;;;3,166015;2,3618;3,640248
0,3111111;0,231472893;0,01529592;(3.175841000, 2.361665000, 3.628526000);(-0.102753300, 1.665610000, 0.002699092);0,2474149;1,769359;;;3,175841;2,361665;3,628526
0,3222222;0,250561383;0,01908849;(3.187829000, 2.364728000, 3.613991000);(-0.102383400, 1.665549000, 0.002448514);0,2628875;1,750885;;;3,187829;2,364728;3,613991
0,3333333;0,276861823;0,02630044;(3.203559000, 2.373009000, 3.594608000);(-0.101888400, 1.665406000, 0.002137199);0,2824745;1,726851;;;3,203559;2,373009;3,594608
0,3444445;0,301674523;0,0248127;(3.219509000, 2.372348000, 3.575612000);(-0.100948000, 1.665269000, 0.001572683);0,3058883;1,702107;;;3,219509;2,372348;3,575612
0,3555556;0,360057503;0,05838298;(3.256937000, 2.364573000, 3.531485000);(-0.100948000, 1.665269000, 0.001572683);0,3631231;1,643755;;;3,256937;2,364573;3,531485
0,3666667;0,360057503;0;(3.256937000, 2.364573000, 3.531485000);(-0.100473000, 1.665202000, 0.001337364);0,3631231;1,643755;;;3,256937;2,364573;3,531485
0,3777778;0,401411913;0,04135441;(3.283155000, 2.355415000, 3.500843000);(-0.100150200, 1.665105000, 0.001173928);0,4043195;1,602721;;;3,283155;2,355415;3,500843
0,3888889;0,450385173;0,04897326;(3.312583000, 2.335485000, 3.467150000);(-0.099629770, 1.665041000, 0.000864580);0,4530131;1,556346;;;3,312583;2,335485;3,46715
0,4;0,498030503;0,04764533;(3.339901000, 2.311617000, 3.436261000);(-0.099131290, 1.664940000, 0.000651434);0,4997398;1,513332;;;3,339901;2,311617;3,436261
0,4111111;0,555549303;0,0575188;(3.366245000, 2.269079000, 3.407890000);(-0.098604890, 1.664810000, 0.000431076);0,5510221;1,472156;;;3,366245;2,269079;3,40789
0,4222222;0,604815793;0,04926649;(3.392359000, 2.239010000, 3.378888000);(-0.097962920, 1.664589000, 0.000192955);0,5986542;1,432058;;;3,392359;2,23901;3,378888
0,4333333;0,657409713;0,05259392;(3.424181000, 2.218505000, 3.342378000);(-0.097400230, 1.664401000, -0.000034615);0,6512462;1,383224;;;3,424181;2,218505;3,342378
0,4444444;0,731143443;0,07373373;(3.470438000, 2.230679000, 3.286263000);(-0.096891870, 1.664258000, -0.000311419);0,7142471;1,310742;;;3,470438;2,230679;3,286263
0,4555556;0,786130893;0,05498745;(3.504734000, 2.241082000, 3.244560000);(-0.096336500, 1.664091000, -0.000625059);0,7618445;1,257065;;;3,504734;2,241082;3,24456
0,4666667;0,830990713;0,04485982;(3.533528000, 2.241308000, 3.210162000);(-0.095838700, 1.663912000, -0.000854775);0,8045433;1,212239;;;3,533528;2,241308;3,210162
0,4777778;0,877744603;0,04675389;(3.563215000, 2.231372000, 3.175436000);(-0.095310290, 1.663718000, -0.001091048);0,8511429;1,166271;;;3,563215;2,231372;3,175436
0,4888889;0,929998723;0,05225412;(3.596310000, 2.219502000, 3.136779000);(-0.094744270, 1.663524000, -0.001260206);0,9032964;1,115132;;;3,59631;2,219502;3,136779
0,5;0,980167313;0,05016859;(3.627354000, 2.203218000, 3.100891000);(-0.094198500, 1.663445000, -0.001470491);0,9534245;1,067517;;;3,627354;2,203218;3,100891
0,5111111;1,028047433;0,04788012;(3.658016000, 2.196228000, 3.064787000);(-0.093541480, 1.663303000, -0.001782589);1,000825;1,020152;;;3,658016;2,196228;3,064787
0,5222223;1,081658723;0,05361129;(3.692481000, 2.194576000, 3.023755000);(-0.093054170, 1.663181000, -0.001922540);1,052801;0,9665739;;;3,692481;2,194576;3,023755
0,5333334;1,139258383;0,05759966;(3.729412000, 2.187001000, 2.980207000);(-0.092608610, 1.663082000, -0.002121858);1,109866;0,9095517;;;3,729412;2,187001;2,980207
0,5444446;1,200284783;0,0610264;(3.768636000, 2.181691000, 2.933758000);(-0.092192780, 1.662881000, -0.002358250);1,169982;0,8488607;;;3,768636;2,181691;2,933758
0,5555557;1,268153993;0,06786921;(3.811787000, 2.188117000, 2.881768000);(-0.091831230, 1.662705000, -0.002696566);1,233943;0,781191;;;3,811787;2,188117;2,881768
0,5666668;1,330301963;0,06214797;(3.851207000, 2.194921000, 2.834207000);(-0.091420600, 1.662609000, -0.002894334);1,292568;0,7193464;;;3,851207;2,194921;2,834207
0,577778;1,389455713;0,05915375;(3.887940000, 2.207082000, 2.789464000);(-0.091033620, 1.662562000, -0.003034763);1,346616;0,6614826;;;3,88794;2,207082;2,789464
0,5888891;1,439529993;0,05007428;(3.920087000, 2.207204000, 2.751071000);(-0.090613640, 1.662549000, -0.003168397);1,395682;0,6114133;;;3,920087;2,207204;2,751071
0,6000003;1,482955423;0,04342543;(3.947968000, 2.207237000, 2.717778000);(-0.090205440, 1.662577000, -0.003327779);1,438304;0,5679917;;;3,947968;2,207237;2,717778
0,7444451;2,022294923;0,5393395;(4.292833000, 2.234663000, 2.304011000);(-0.084695870, 1.661853000, -0.005586915);1,966371;0,04556908;;;4,292833;2,234663;2,304011
0,7555562;2,052580003;0,03028508;(4.311893000, 2.226813000, 2.281823000);(-0.084271510, 1.661884000, -0.005721025);1,99637;0,02704066;;;4,311893;2,226813;2,281823
0,7666674;2,084601113;0,03202111;(4.332396000, 2.227987000, 2.257255000);(-0.083963670, 1.661863000, -0.005762391);2,027975;0,04262166;;;4,332396;2,227987;2,257255
1,188891;2,098765373;0,01416426;(4.339321000, 2.218214000, 2.249695000);(-0.081167200, 1.662357000, -0.002747051);2,039361;0,04603816;;;4,339321;2,218214;2,249695
1,200002;2,077990713;0,02077466;(4.328218000, 2.207647000, 2.263718000);(-0.081125770, 1.662396000, -0.002530031);2,023012;0,02554498;;;4,328218;2,207647;2,263718
1,211113;2,060632223;0,01735849;(4.321493000, 2.194408000, 2.272708000);(-0.081128290, 1.662412000, -0.002289407);2,013723;0,01416739;;;4,321493;2,194408;2,272708
1,222224;2,082828773;0,02219655;(4.328746000, 2.174716000, 2.265475000);(-0.081320080, 1.662277000, -0.002021007);2,026676;0,03425721;;;4,328746;2,174716;2,265475
1,266669;2,092364467;0,009535694;(4.334876000, 2.173893000, 2.258216000);(-0.081230980, 1.661999000, -0.001278095);2,036193;0,04181577;;;4,334876;2,173893;2,258216
1,27778;2,076364167;0,0160003;(4.324604000, 2.173855000, 2.270484000);(-0.081227000, 1.661936000, -0.001101308);2,020379;0,0309341;;;4,324604;2,173855;2,270484
1,288891;2,068470554;0,007893613;(4.323832000, 2.166140000, 2.271965000);(-0.081201440, 1.661937000, -0.000919037);2,019943;0,0369548;;;4,323832;2,16614;2,271965
1,333336;2,056276114;0,01219444;(4.320330000, 2.155559000, 2.276913000);(-0.081011650, 1.662061000, -0.000464968);2,015639;0,0452212;;;4,32033;2,155559;2,276913
1,344447;2,037442274;0,01883384;(4.308336000, 2.159202000, 2.290970000);(-0.080966700, 1.662020000, -0.000334077);1,996816;0,04170543;;;4,308336;2,159202;2,29097
1,411114;2,046582536;0,009140262;(4.312819000, 2.164712000, 2.285217000);(-0.080820490, 1.661739000, 0.000557728);2,003143;0,03518865;;;4,312819;2,164712;2,285217
1,422225;2,038986962;0,007595574;(4.308002000, 2.166379000, 2.290848000);(-0.080775420, 1.661683000, 0.000622936);1,995563;0,03477342;;;4,308002;2,166379;2,290848
1,500003;2,025993562;0,0129934;(4.306851000, 2.153643000, 2.293147000);(-0.079949760, 1.661636000, 0.001089998);1,995123;0,04773492;;;4,306851;2,153643;2,293147
1,511114;2,001401062;0,0245925;(4.303113000, 2.177798000, 2.295859000);(-0.079616140, 1.661591000, 0.001005359);1,986911;0,02749393;;;4,303113;2,177798;2,295859
1,522225;1,983487692;0,01791337;(4.294994000, 2.191172000, 2.304583000);(-0.079497090, 1.661557000, 0.001034565);1,97316;0,02964029;;;4,294994;2,191172;2,304583
1,533336;1,977264724;0,006222968;(4.290995000, 2.191293000, 2.309349000);(-0.079390890, 1.661589000, 0.001002736);1,966987;0,03560902;;;4,290995;2,191293;2,309349
1,544447;1,993710684;0,01644596;(4.297996000, 2.178396000, 2.301925000);(-0.079238750, 1.661596000, 0.000986584);1,978976;0,03246569;;;4,297996;2,178396;2,301925
