time;distance traveled;distance to prev position;controller position;camera position;distance to prev target;distance to current target
(3.07, 1.98, 3.70);(1.31, 2.11, 4.64)

0;0,0002170443;0,0002170443;(0.1708143000, 1.2663530000);(-0.0825727600, 1.4629200000, -0.1276311000);2,988303;1,422108;;;0,1708143;1,266353
0;0,0002170443;0;(0.1708143000, 1.2663530000);(-0.0825727600, 1.4629200000, -0.1276311000);2,988303;1,422108;;;0,1708143;1,266353
0,011714;0,00030810217;0,00009105787;(0.1707776000, 1.2664360000);(-0.0825727600, 1.4629200000, -0.1276311000);2,988319;1,422088;;;0,1707776;1,266436
0,0224445;0,00046571787;0,0001576157;(0.1706205000, 1.2664480000);(-0.0825727600, 1.4629200000, -0.1276311000);2,988469;1,422207;;;0,1706205;1,266448
0,0443438;0,00085738577;0,0003916679;(0.1703817000, 1.2667590000);(-0.0826408900, 1.4629070000, -0.1276805000);2,988626;1,422215;;;0,1703817;1,266759
0,0554396;0,00100353297;0,0001461472;(0.1702699000, 1.2668530000);(-0.0826408900, 1.4629070000, -0.1276805000);2,988712;1,422249;;;0,1702699;1,266853
0,0661837;0,00109241522;0,00008888225;(0.1702000000, 1.2669080000);(-0.0825733500, 1.4629450000, -0.1278193000);2,988767;1,422272;;;0,1702;1,266908
0,077441;0,00133411082;0,0002416956;(0.1699821000, 1.2668040000);(-0.0825733500, 1.4629450000, -0.1278193000);2,989003;1,42251;;;0,1699821;1,266804
0,0883777;0,00148009152;0,0001459807;(0.1699933000, 1.2666580000);(-0.0825488000, 1.4630050000, -0.1280541000);2,989028;1,422587;;;0,1699933;1,266658
0,0993963;0,00169364462;0,0002135531;(0.1697953000, 1.2667380000);(-0.0825488000, 1.4630050000, -0.1280541000);2,989201;1,422699;;;0,1697953;1,266738
0,1103924;0,00184956432;0,0001559197;(0.1696396000, 1.2667470000);(-0.0826700300, 1.4629940000, -0.1280955000);2,98935;1,422818;;;0,1696396;1,266747
0,1215016;0,00211331002;0,0002637457;(0.1694946000, 1.2669680000);(-0.0826700300, 1.4629940000, -0.1280955000);2,989438;1,422804;;;0,1694946;1,266968
0,1326452;0,00194816502;0,000165145;(0.1694664000, 1.2671300000);(-0.0826562600, 1.4629330000, -0.1281353000);2,989426;1,42273;;;0,1694664;1,26713
0,1437918;0,00215145552;0,0002032905;(0.1693891000, 1.2673180000);(-0.0826562600, 1.4629330000, -0.1281353000);2,989456;1,422681;;;0,1693891;1,267318
0,1548496;0,00255830022;0,0004068447;(0.1691570000, 1.2676530000);(-0.0828936100, 1.4628570000, -0.1280721000);2,989602;1,422669;;;0,169157;1,267653
0,1659915;0,00291865352;0,0003603533;(0.1688399000, 1.2678240000);(-0.0828936100, 1.4628570000, -0.1280721000);2,989869;1,422823;;;0,1688399;1,267824
0,1770787;0,00337785122;0,0004591977;(0.1684023000, 1.2679630000);(-0.0829197200, 1.4628450000, -0.1281165000);2,990261;1,423093;;;0,1684023;1,267963
0,1883789;0,00393070632;0,0005528551;(0.1678508000, 1.2680020000);(-0.0829197200, 1.4628450000, -0.1281165000);2,990787;1,423513;;;0,1678508;1,268002
0,1992708;0,00474385562;0,0008131493;(0.1670404000, 1.2680690000);(-0.0829602500, 1.4628840000, -0.1281833000);2,991558;1,424126;;;0,1670404;1,268069
0,2103199;0,00578246562;0,00103861;(0.1660526000, 1.2683900000);(-0.0829602500, 1.4628840000, -0.1281833000);2,99244;1,424732;;;0,1660526;1,26839
0,2215202;0,00759564262;0,001813177;(0.1643931000, 1.2691210000);(-0.0829339300, 1.4629840000, -0.1282571000);2,993878;1,425637;;;0,1643931;1,269121
0,2327096;0,01014239762;0,002546755;(0.1621603000, 1.2703460000);(-0.0829339300, 1.4629840000, -0.1282571000);2,995755;1,426715;;;0,1621603;1,270346
0,2439476;0,01323525362;0,003092856;(0.1593630000, 1.2716650000);(-0.0829916300, 1.4630110000, -0.1282572000);2,99816;1,428198;;;0,159363;1,271665
0,2552598;0,01595818562;0,002722932;(0.1568385000, 1.2726850000);(-0.0829916300, 1.4630110000, -0.1282572000);3,000371;1,429641;;;0,1568385;1,272685
0,2663939;0,02004730662;0,004089121;(0.1529536000, 1.2739610000);(-0.0831962200, 1.4630960000, -0.1282045000);3,003845;1,43204;;;0,1529536;1,273961
0,2775639;0,02421558362;0,004168277;(0.1488989000, 1.2749280000);(-0.0831962200, 1.4630960000, -0.1282045000);3,007559;1,434766;;;0,1488989;1,274928
0,2887143;0,02894880062;0,004733217;(0.1442818000, 1.2759700000);(-0.0832576200, 1.4631030000, -0.1281900000);3,011802;1,437912;;;0,1442818;1,27597
0,2997278;0,03408068462;0,005131884;(0.1391893000, 1.2766040000);(-0.0832576200, 1.4631030000, -0.1281900000);3,016605;1,44169;;;0,1391893;1,276604
0,3109107;0,03910511462;0,00502443;(0.1342248000, 1.2773780000);(-0.0833192800, 1.4632170000, -0.1280647000);3,021251;1,445291;;;0,1342248;1,277378
0,3221472;0,04465853662;0,005553422;(0.1287045000, 1.2779840000);(-0.0833192800, 1.4632170000, -0.1280647000);3,026479;1,449453;;;0,1287045;1,277984
0,3221472;0,04465853662;0;(0.1287045000, 1.2779840000);(-0.0833964300, 1.4632330000, -0.1280280000);3,026479;1,449453;;;0,1287045;1,277984
0,344252;0,05623851662;0,01157998;(0.1172173000, 1.2794470000);(-0.0833964300, 1.4632330000, -0.1280280000);3,037313;1,458027;;;0,1172173;1,279447
0,3552625;0,06240098762;0,006162471;(0.1111289000, 1.2803990000);(-0.0834747600, 1.4632710000, -0.1279711000);3,043017;1,462487;;;0,1111289;1,280399
0,3663743;0,06843583462;0,006034847;(0.1051395000, 1.2811380000);(-0.0834747600, 1.4632710000, -0.1279711000);3,048676;1,466998;;;0,1051395;1,281138
0,3775606;0,07449249962;0,006056665;(0.0991292000, 1.2818860000);(-0.0835295900, 1.4632410000, -0.1279665000);3,054354;1,471533;;;0,0991292;1,281886
0,3884609;0,08047235662;0,005979857;(0.0932253600, 1.2828370000);(-0.0835295900, 1.4632410000, -0.1279665000);3,059884;1,475877;;;0,09322536;1,282837
0,3995049;0,08600621362;0,005533857;(0.0877428700, 1.2835890000);(-0.0836371500, 1.4632590000, -0.1279071000);3,06505;1,479995;;;0,08774287;1,283589
0,4105489;0,09127344862;0,005267235;(0.0825392000, 1.2844050000);(-0.0836371500, 1.4632590000, -0.1279071000);3,069931;1,483854;;;0,0825392;1,284405
0,4215374;0,09622910262;0,004955654;(0.0776327300, 1.2851010000);(-0.0837151100, 1.4634310000, -0.1279859000);3,074552;1,487542;;;0,07763273;1,285101
0,4327949;0,10097585162;0,004746749;(0.0729426700, 1.2858330000);(-0.0837151100, 1.4634310000, -0.1279859000);3,078954;1,491037;;;0,07294267;1,285833
0,4435329;0,10526068362;0,004284832;(0.0687410200, 1.2866730000);(-0.0838030900, 1.4634250000, -0.1279481000);3,082858;1,494072;;;0,06874102;1,286673
0,4547536;0,11003312562;0,004772442;(0.0640345200, 1.2874640000);(-0.0838030900, 1.4634250000, -0.1279481000);3,087265;1,497562;;;0,06403452;1,287464
0,4655782;0,11386356362;0,003830438;(0.0603542900, 1.2885260000);(-0.0840685400, 1.4634560000, -0.1280483000);3,090613;1,500051;;;0,06035429;1,288526
0,4769135;0,11727675862;0,003413195;(0.0570616700, 1.2894250000);(-0.0840685400, 1.4634560000, -0.1280483000);3,09362;1,502312;;;0,05706167;1,289425
0,4879993;0,12101957262;0,003742814;(0.0534944500, 1.2905580000);(-0.0841164900, 1.4634600000, -0.1280331000);3,096844;1,504679;;;0,05349445;1,290558
0,4989862;0,12456478862;0,003545216;(0.0500688600, 1.2914710000);(-0.0841164900, 1.4634600000, -0.1280331000);3,09998;1,507053;;;0,05006886;1,291471
0,5103409;0,12772605162;0,003161263;(0.0470168000, 1.2922950000);(-0.0841928400, 1.4634890000, -0.1280140000);3,102772;1,509166;;;0,0470168;1,292295
0,5215566;0,13058403262;0,002857981;(0.0442521600, 1.2930190000);(-0.0841928400, 1.4634890000, -0.1280140000);3,105307;1,511095;;;0,04425216;1,293019
0,5327908;0,13348355162;0,002899519;(0.0414323200, 1.2936940000);(-0.0842614800, 1.4634930000, -0.1280062000);3,107907;1,5131;;;0,04143232;1,293694
0,5438511;0,13559055862;0,002107007;(0.0393681500, 1.2941170000);(-0.0842614800, 1.4634930000, -0.1280062000);3,109826;1,514609;;;0,03936815;1,294117
0,5547673;0,13810481262;0,002514254;(0.0369263900, 1.2947160000);(-0.0842594500, 1.4634690000, -0.1280291000);3,112075;1,516341;;;0,03692639;1,294716
0,5662057;0,14024764862;0,002142836;(0.0348238300, 1.2951300000);(-0.0842594500, 1.4634690000, -0.1280291000);3,114035;1,51789;;;0,03482383;1,29513
0,5767123;0,14226745062;0,002019802;(0.0329263200, 1.2958220000);(-0.0842715500, 1.4634990000, -0.1280376000);3,115733;1,519117;;;0,03292632;1,295822
0,587846;0,14422691762;0,001959467;(0.0310173600, 1.2962640000);(-0.0842715500, 1.4634990000, -0.1280376000);3,117498;1,52049;;;0,03101736;1,296264
0,5989534;0,14558954762;0,00136263;(0.0296547400, 1.2962690000);(-0.0843841700, 1.4636900000, -0.1280880000);3,118826;1,521638;;;0,02965474;1,296269
0,6098803;0,14729730362;0,001707756;(0.0279562500, 1.2964460000);(-0.0843841700, 1.4636900000, -0.1280880000);3,120444;1,522977;;;0,02795625;1,296446
0,6209126;0,14894768362;0,00165038;(0.0263076400, 1.2963700000);(-0.0843568400, 1.4638550000, -0.1278578000);3,122069;1,52441;;;0,02630764;1,29637
0,6320245;0,15075357062;0,001805887;(0.0245053200, 1.2964830000);(-0.0843568400, 1.4638550000, -0.1278578000);3,123803;1,525872;;;0,02450532;1,296483
0,6431051;0,15242958762;0,001676017;(0.0228298900, 1.2964390000);(-0.0844264600, 1.4638510000, -0.1278794000);3,125447;1,527312;;;0,02282989;1,296439
0,6541612;0,15401388262;0,001584295;(0.0212468500, 1.2965020000);(-0.0844264600, 1.4638510000, -0.1278794000);3,126978;1,528617;;;0,02124685;1,296502
0,66528;0,15569635262;0,00168247;(0.0195646900, 1.2965340000);(-0.0844264600, 1.4638510000, -0.1278794000);3,128612;1,530023;;;0,01956469;1,296534
0,6765922;0,15711024762;0,001413895;(0.0181515800, 1.2964870000);(-0.0844264600, 1.4638510000, -0.1278794000);3,130001;1,531244;;;0,01815158;1,296487
0,6875111;0,15857121962;0,001460972;(0.0166907900, 1.2964640000);(-0.0844972700, 1.4638290000, -0.1278379000);3,131432;1,532493;;;0,01669079;1,296464
0,698526;0,15977598462;0,001204765;(0.0154902300, 1.2965640000);(-0.0844972700, 1.4638290000, -0.1278379000);3,132581;1,533456;;;0,01549023;1,296564
0,7098464;0,16084259362;0,001066609;(0.0144261700, 1.2966380000);(-0.0846618400, 1.4639580000, -0.1277279000);3,133603;1,534318;;;0,01442617;1,296638
0,7205305;0,16177570342;0,0009331098;(0.0134944300, 1.2965880000);(-0.0846618400, 1.4639580000, -0.1277279000);3,134523;1,535134;;;0,01349443;1,296588
0,7315509;0,16273562042;0,000959917;(0.0126122800, 1.2962090000);(-0.0847418000, 1.4639850000, -0.1276798000);3,135467;1,536083;;;0,01261228;1,296209
0,7427244;0,16368462252;0,0009490021;(0.0116936600, 1.2959710000);(-0.0847418000, 1.4639850000, -0.1276798000);3,136415;1,536987;;;0,01169366;1,295971
0,7541782;0,16470599952;0,001021377;(0.0108327300, 1.2954210000);(-0.0848329100, 1.4640530000, -0.1276069000);3,137376;1,538009;;;0,01083273;1,295421
0,7651191;0,16564122742;0,0009352279;(0.0099496840, 1.2951130000);(-0.0848329100, 1.4640530000, -0.1276069000);3,138305;1,538921;;;0,009949684;1,295113
0,7763419;0,16641678072;0,0007755533;(0.0093283060, 1.2946490000);(-0.0849211200, 1.4641260000, -0.1275235000);3,139013;1,539694;;;0,009328306;1,294649
0,787491;0,16710368992;0,0006869092;(0.0086665150, 1.2944650000);(-0.0849211200, 1.4641260000, -0.1275235000);3,139699;1,540352;;;0,008666515;1,294465
0,7986325;0,16777826292;0,000674573;(0.0080219510, 1.2942660000);(-0.0850217900, 1.4641690000, -0.1274256000);3,140371;1,541004;;;0,008021951;1,294266
0,809768;0,16813731822;0,0003590553;(0.0076805950, 1.2943780000);(-0.0850217900, 1.4641690000, -0.1274256000);3,14068;1,541234;;;0,007680595;1,294378
0,8208946;0,16866899512;0,0005316769;(0.0071642400, 1.2942510000);(-0.0850825300, 1.4641830000, -0.1273699000);3,141212;1,541739;;;0,00716424;1,294251
0,8321239;0,16914882932;0,0004798342;(0.0066983700, 1.2941360000);(-0.0850825300, 1.4641830000, -0.1273699000);3,141691;1,542195;;;0,00669837;1,294136
0,8431524;0,16941918542;0,0002703561;(0.0064530970, 1.2940220000);(-0.0851522100, 1.4642050000, -0.1272740000);3,141955;1,542463;;;0,006453097;1,294022
0,8543489;0,16974857372;0,0003293883;(0.0062183140, 1.2937910000);(-0.0851522100, 1.4642050000, -0.1272740000);3,142235;1,542785;;;0,006218314;1,293791
0,8654106;0,17000019412;0,0002516204;(0.0059841280, 1.2936990000);(-0.0853228300, 1.4642790000, -0.1271476000);3,142484;1,543032;;;0,005984128;1,293699
0,8763325;0,17021174752;0,0002115534;(0.0058283810, 1.2935560000);(-0.0853228300, 1.4642790000, -0.1271476000);3,142667;1,54324;;;0,005828381;1,293556
0,887259;0,17041923492;0,0002074874;(0.0056599970, 1.2934350000);(-0.0854530300, 1.4643070000, -0.1270214000);3,142858;1,543447;;;0,005659997;1,293435
0,898322;0,17060400262;0,0001847677;(0.0055106880, 1.2933260000);(-0.0854530300, 1.4643070000, -0.1270214000);3,143028;1,543632;;;0,005510688;1,293326
0,9092964;0,17096066282;0,0003566602;(0.0051578880, 1.2932740000);(-0.0856485700, 1.4644340000, -0.1268745000);3,143383;1,543958;;;0,005157888;1,293274
0,9203624;0,17112259472;0,0001619319;(0.0049974320, 1.2932950000);(-0.0856485700, 1.4644340000, -0.1268745000);3,143535;1,544083;;;0,004997432;1,293295
0,9314744;0,17103735906;0,00008523566;(0.0049864050, 1.2933800000);(-0.0858733400, 1.4645230000, -0.1267700000);3,143527;1,544047;;;0,004986405;1,29338
0,9426798;0,17093568146;0,0001016776;(0.0050868390, 1.2933640000);(-0.0858733400, 1.4645230000, -0.1267700000);3,143433;1,543971;;;0,005086839;1,293364
0,9536256;0,17089964278;0,00003603868;(0.0050981640, 1.2933300000);(-0.0860948900, 1.4645660000, -0.1265908000);3,143429;1,543979;;;0,005098164;1,29333
0,9647;0,17069556788;0,0002040749;(0.0052956340, 1.2933810000);(-0.0860948900, 1.4645660000, -0.1265908000);3,143225;1,543785;;;0,005295634;1,293381
0,9760288;0,17046406078;0,0002315071;(0.0054919720, 1.2935040000);(-0.0863055000, 1.4646320000, -0.1264002000);3,143007;1,543553;;;0,005491972;1,293504
0,9872142;0,17017853718;0,0002855236;(0.0057696100, 1.2935710000);(-0.0863055000, 1.4646320000, -0.1264002000);3,142721;1,543282;;;0,00576961;1,293571
0,9980828;0,17002784348;0,0001506937;(0.0059186820, 1.2935930000);(-0.0865211500, 1.4646580000, -0.1262011000);3,142571;1,543144;;;0,005918682;1,293593
1,009255;0,16962781978;0,0004000237;(0.0063171980, 1.2936270000);(-0.0865211500, 1.4646580000, -0.1262011000);3,142174;1,542788;;;0,006317198;1,293627
1,020516;0,16916179078;0,000466029;(0.0067467090, 1.2934470000);(-0.0865565200, 1.4647130000, -0.1260439000);3,141795;1,54252;;;0,006746709;1,293447
1,031442;0,16869360608;0,0004681847;(0.0072100760, 1.2933800000);(-0.0865565200, 1.4647130000, -0.1260439000);3,141358;1,542163;;;0,007210076;1,29338
1,043092;0,16829193098;0,0004016751;(0.0076056720, 1.2933100000);(-0.0868114800, 1.4647700000, -0.1258130000);3,140987;1,541865;;;0,007605672;1,29331
1,054049;0,16798317098;0,00030876;(0.0079140660, 1.2933250000);(-0.0868114800, 1.4647700000, -0.1258130000);3,140683;1,541595;;;0,007914066;1,293325
1,064964;0,16766650778;0,0003166632;(0.0081058140, 1.2935770000);(-0.0870338700, 1.4647860000, -0.1256105000);3,14044;1,541299;;;0,008105814;1,293577
1,076435;0,16734960168;0,0003169061;(0.0083696250, 1.2937530000);(-0.0870338700, 1.4647860000, -0.1256105000);3,140144;1,540982;;;0,008369625;1,293753
1,087255;0,16715123258;0,0001983691;(0.0084462170, 1.2939360000);(-0.0873031300, 1.4647890000, -0.1253317000);3,14003;1,54082;;;0,008446217;1,293936
1,098713;0,16698876938;0,0001624632;(0.0085980890, 1.2939930000);(-0.0873031300, 1.4647890000, -0.1253317000);3,139869;1,540661;;;0,008598089;1,293993
1,109512;0,16685727298;0,0001314964;(0.0087182520, 1.2939400000);(-0.0875713800, 1.4648930000, -0.1250883000);3,139763;1,540587;;;0,008718252;1,29394
1,120775;0,16659563678;0,0002616362;(0.0088719730, 1.2937280000);(-0.0875713800, 1.4648930000, -0.1250883000);3,13966;1,540569;;;0,008871973;1,293728
1,131875;0,16636094428;0,0002346925;(0.0090416670, 1.2935660000);(-0.0877952600, 1.4649140000, -0.1248626000);3,13953;1,540512;;;0,009041667;1,293566
1,143041;0,16625675238;0,0001041919;(0.0091027620, 1.2934820000);(-0.0877952600, 1.4649140000, -0.1248626000);3,139488;1,540505;;;0,009102762;1,293482
1,154667;0,16634142549;0,00008467311;(0.0091164110, 1.2933980000);(-0.0880503400, 1.4648960000, -0.1246451000);3,139494;1,540538;;;0,009116411;1,293398
1,165277;0,16640224866;0,00006082317;(0.0091086030, 1.2933380000);(-0.0880503400, 1.4648960000, -0.1246451000);3,139514;1,540577;;;0,009108603;1,293338
1,1767;0,16652457066;0,000122322;(0.0090347530, 1.2934350000);(-0.0883475500, 1.4648610000, -0.1244275000);3,139565;1,540587;;;0,009034753;1,293435
1,187549;0,16671354476;0,0001889741;(0.0088458060, 1.2934320000);(-0.0883475500, 1.4648610000, -0.1244275000);3,13975;1,540749;;;0,008845806;1,293432
1,198612;0,16709603556;0,0003824908;(0.0085245970, 1.2932240000);(-0.0886414100, 1.4647700000, -0.1242197000);3,140109;1,541131;;;0,008524597;1,293224
1,209716;0,16747133766;0,0003753021;(0.0081927180, 1.2930490000);(-0.0886414100, 1.4647700000, -0.1242197000);3,140471;1,541506;;;0,008192718;1,293049
1,220629;0,16786207286;0,0003907352;(0.0079097150, 1.2927800000);(-0.0888916600, 1.4647440000, -0.1240312000);3,140806;1,541889;;;0,007909715;1,29278
1,231872;0,16823426536;0,0003721925;(0.0076344010, 1.2925290000);(-0.0888916600, 1.4647440000, -0.1240312000);3,14113;1,542255;;;0,007634401;1,292529
