time;total distance traveled;distance to prev position;ray position;hmd position;distance to prev target;distance to current target
(3.090818000, 2.600716000, 3.846837000);(4.324465000, 1.867199000, 2.453975000);0,2555556;0,2444444

0;-0,02362162;0,02362162;(3.090888000, 2.622923000, 3.847185000);(-0.047588270, 1.677154000, 0.085762340);0,02220938;2,008449;;;3,090888;2,622923;3,847185
0,01111111;-0,00660537;0,01701625;(3.079554000, 2.621864000, 3.859833000);(-0.047311380, 1.677179000, 0.085748750);0,02725793;2,023799;;;3,079554;2,621864;3,859833
0,02222222;-0,001933967;0,004671403;(3.076458000, 2.621269000, 3.863281000);(-0.047110680, 1.677227000, 0.085767550);0,02998373;2,027877;;;3,076458;2,621269;3,863281
0,03333334;-0,010741343;0,008807376;(3.082281000, 2.622546000, 3.856797000);(-0.046904460, 1.677090000, 0.085844590);0,02546823;2,020268;;;3,082281;2,622546;3,856797
0,04444445;0,007683237;0,01842458;(3.093304000, 2.630922000, 3.844639000);(-0.046704200, 1.677033000, 0.085856240);0,03038721;2,008228;;;3,093304;2,630922;3,844639
0,05555556;0,022077377;0,01439414;(3.099970000, 2.641419000, 3.837390000);(-0.046576000, 1.676940000, 0.085832010);0,04277579;2,003159;;;3,09997;2,641419;3,83739
0,06666667;0,028897192;0,006819815;(3.102551000, 2.647089000, 3.834615000);(-0.046423240, 1.676884000, 0.085849720);0,04937131;2,001867;;;3,102551;2,647089;3,834615
0,07777778;0,031775075;0,002877883;(3.101550000, 2.649523000, 3.835781000);(-0.046290710, 1.676822000, 0.085821080);0,05118175;2,00423;;;3,10155;2,649523;3,835781
0,08888889;0,026582199;0,005192876;(3.098087000, 2.649408000, 3.839648000);(-0.046144960, 1.676743000, 0.085793210);0,04975395;2,008966;;;3,098087;2,649408;3,839648
0,1;0,037858869;0,01127667;(3.090620000, 2.650579000, 3.848017000);(-0.046049870, 1.676690000, 0.085777060);0,04987768;2,019756;;;3,09062;2,650579;3,848017
0,1111111;0,052471259;0,01461239;(3.080882000, 2.649829000, 3.858886000);(-0.046022560, 1.676455000, 0.085653740);0,05153618;2,032925;;;3,080882;2,649829;3,858886
0,1222222;0,064005119;0,01153386;(3.073250000, 2.648232000, 3.867385000);(-0.045882340, 1.676340000, 0.085577000);0,05466793;2,042861;;;3,07325;2,648232;3,867385
0,1333333;0,068674261;0,004669142;(3.070367000, 2.646406000, 3.870572000);(-0.045870480, 1.676251000, 0.085507830);0,0554;2,046136;;;3,070367;2,646406;3,870572
0,1444445;0,070936805;0,002262544;(3.070666000, 2.648630000, 3.870281000);(-0.045930350, 1.676217000, 0.085552290);0,05702136;2,046599;;;3,070666;2,64863;3,870281
0,1555556;0,065687641;0,005249164;(3.073722000, 2.651254000, 3.866915000);(-0.045875130, 1.676245000, 0.085571930);0,05700353;2,043404;;;3,073722;2,651254;3,866915
0,1666667;0,058251445;0,007436196;(3.078678000, 2.651086000, 3.861373000);(-0.045870510, 1.676265000, 0.085532620);0,05381237;2,036476;;;3,078678;2,651086;3,861373
0,1777778;0,053733832;0,004517613;(3.081685000, 2.650866000, 3.858008000);(-0.045876590, 1.676266000, 0.085552110);0,05218449;2,032227;;;3,081685;2,650866;3,858008
0,1888889;0,048615367;0,005118465;(3.084828000, 2.648937000, 3.854459000);(-0.045908100, 1.676236000, 0.085480170);0,04918581;2,027109;;;3,084828;2,648937;3,854459
0,2;0,041649087;0,00696628;(3.087633000, 2.643446000, 3.851218000);(-0.045910800, 1.676207000, 0.085489530);0,04307169;2,021039;;;3,087633;2,643446;3,851218
0,2111111;0,026689377;0,01495971;(3.092499000, 2.630493000, 3.845531000);(-0.045892560, 1.676193000, 0.085390280);0,02985335;2,009175;;;3,092499;2,630493;3,845531
0,2222222;0,012291287;0,01439809;(3.097552000, 2.618361000, 3.839650000);(-0.045818040, 1.676196000, 0.085312200);0,02020764;1,997412;;;3,097552;2,618361;3,83965
0,2333333;0,039197597;0,02690631;(3.106254000, 2.595022000, 3.829475000);(-0.045712140, 1.676203000, 0.085274260);0,02391941;1,976301;;;3,106254;2,595022;3,829475
0,2444444;0,056437817;0,01724022;(3.113010000, 2.581220000, 3.821660000);(-0.045704930, 1.676245000, 0.085392550);0,03881373;1,961635;;;3,11301;2,58122;3,82166
0,2555556;0,086767507;0,03032969;(3.125604000, 2.557762000, 3.807134000);(-0.045599070, 1.676310000, 0.085486900);0,06805503;1,935248;;;3,125604;2,557762;3,807134
0,2666667;0,111819797;0,02505229;(3.137108000, 2.539846000, 3.793932000);(-0.045424520, 1.676312000, 0.085540430);0,09298893;1,912526;;;3,137108;2,539846;3,793932
0,2777778;0,134547097;0,0227273;(3.150795000, 2.530378000, 3.778454000);(-0.045257130, 1.676323000, 0.085600270);0,1149825;1,889856;;;3,150795;2,530378;3,778454
0,2888889;0,159875557;0,02532846;(3.166723000, 2.522297000, 3.760495000);(-0.045065440, 1.676357000, 0.085683420);0,1391623;1,864542;;;3,166723;2,522297;3,760495
0,3;0,192985347;0,03310979;(3.187289000, 2.510689000, 3.737288000);(-0.044867350, 1.676355000, 0.085769340);0,171501;1,831432;;;3,187289;2,510689;3,737288
0,3111111;0,246419167;0,05343382;(3.218298000, 2.485038000, 3.702137000);(-0.044663900, 1.676302000, 0.085937810);0,2248798;1,77855;;;3,218298;2,485038;3,702137
0,3222222;0,291502047;0,04508288;(3.239351000, 2.453311000, 3.677999000);(-0.044448270, 1.676173000, 0.086060480);0,2688806;1,737595;;;3,239351;2,453311;3,677999
0,3333333;0,346177557;0,05467551;(3.264678000, 2.414531000, 3.648947000);(-0.044267430, 1.675929000, 0.086124850);0,3225728;1,688395;;;3,264678;2,414531;3,648947
0,3444445;0,398984537;0,05280698;(3.293222000, 2.384222000, 3.616463000);(-0.043951970, 1.675762000, 0.086069960);0,3753794;1,637728;;;3,293222;2,384222;3,616463
0,3555556;0,458327197;0,05934266;(3.325100000, 2.349751000, 3.580172000);(-0.043737780, 1.675679000, 0.086130460);0,4347214;1,581109;;;3,3251;2,349751;3,580172
0,3666667;0,530310287;0,07198309;(3.364562000, 2.309617000, 3.535298000);(-0.043252180, 1.675675000, 0.085999210);0,5066867;1,512087;;;3,364562;2,309617;3,535298
0,3777778;0,585413887;0,0551036;(3.393974000, 2.277222000, 3.501803000);(-0.042723830, 1.675688000, 0.085956740);0,5617836;1,460095;;;3,393974;2,277222;3,501803
0,3888889;0,659477967;0,07406408;(3.442994000, 2.269216000, 3.446863000);(-0.042086880, 1.675776000, 0.085790680);0,6276146;1,38724;;;3,442994;2,269216;3,446863
0,4;0,719064717;0,05958675;(3.481454000, 2.255062000, 3.403607000);(-0.041252250, 1.675908000, 0.085589810);0,6844901;1,327745;;;3,481454;2,255062;3,403607
0,4111111;0,773288767;0,05422405;(3.517481000, 2.251194000, 3.363267000);(-0.040526940, 1.676068000, 0.085429440);0,7335175;1,274946;;;3,517481;2,251194;3,363267
0,4222222;0,828630417;0,05534165;(3.552938000, 2.236601000, 3.323359000);(-0.039935000, 1.676186000, 0.085333720);0,7875047;1,219648;;;3,552938;2,236601;3,323359
0,4333333;0,879407887;0,05077747;(3.585063000, 2.221242000, 3.287160000);(-0.039205490, 1.676210000, 0.085234090);0,8375666;1,168871;;;3,585063;2,221242;3,28716
0,4444444;0,920110107;0,04070222;(3.610688000, 2.208374000, 3.258273000);(-0.038532220, 1.676156000, 0.085084360);0,8778413;1,128173;;;3,610688;2,208374;3,258273
0,4555556;0,960149947;0,04003984;(3.636401000, 2.198138000, 3.229338000);(-0.037895690, 1.676136000, 0.084976360);0,9170802;1,088182;;;3,636401;2,198138;3,229338
0,4666667;0,999001867;0,03885192;(3.661186000, 2.187351000, 3.201431000);(-0.037426900, 1.676195000, 0.085028600);0,9553745;1,049346;;;3,661186;2,187351;3,201431
0,4777778;1,055317327;0,05631546;(3.695915000, 2.166668000, 3.162219000);(-0.036872500, 1.676208000, 0.084985930);1,011554;0,9931601;;;3,695915;2,166668;3,162219
0,4888889;1,119151417;0,06383409;(3.736300000, 2.147357000, 3.116712000);(-0.036300760, 1.676153000, 0.085038320);1,074833;0,9293261;;;3,7363;2,147357;3,116712
0,5;1,177478547;0,05832713;(3.773598000, 2.131611000, 3.074724000);(-0.035757980, 1.676110000, 0.085079860);1,132434;0,8710325;;;3,773598;2,131611;3,074724
0,5111111;1,237440907;0,05996236;(3.812873000, 2.121193000, 3.030629000);(-0.035252510, 1.676007000, 0.085050450);1,19059;0,8116456;;;3,812873;2,121193;3,030629
0,5222223;1,302956877;0,06551597;(3.854211000, 2.100874000, 2.984038000);(-0.034833440, 1.675781000, 0.085179580);1,2558;0,74613;;;3,854211;2,100874;2,984038
0,5333334;1,365066147;0,06210927;(3.893849000, 2.083715000, 2.939407000);(-0.034325860, 1.675497000, 0.085141970);1,317414;0,6840713;;;3,893849;2,083715;2,939407
0,5444446;1,421352437;0,05628629;(3.929862000, 2.068623000, 2.898867000);(-0.033769470, 1.675302000, 0.084996600);1,373232;0,6278635;;;3,929862;2,068623;2,898867
0,5555557;1,474917477;0,05356504;(3.964471000, 2.056110000, 2.859946000);(-0.033333670, 1.674969000, 0.084886150);1,426121;0,5745397;;;3,964471;2,05611;2,859946
0,5666668;1,515197087;0,04027961;(3.990586000, 2.047240000, 2.830590000);(-0.032895670, 1.674761000, 0.084640700);1,465837;0,5345364;;;3,990586;2,04724;2,83059
0,577778;1,562376027;0,04717894;(4.020597000, 2.033724000, 2.796788000);(-0.032372810, 1.674702000, 0.084509800);1,512802;0,48743;;;4,020597;2,033724;2,796788
0,5888891;1,613217187;0,05084116;(4.053939000, 2.025223000, 2.759361000);(-0.031862940, 1.674725000, 0.084381270);1,562498;0,4375117;;;4,053939;2,025223;2,759361
0,7111117;2,020291487;0,4070743;(4.310102000, 1.896006000, 2.470582000);(-0.025647500, 1.677373000, 0.083791270);1,969098;0,0362204;;;4,310102;1,896006;2,470582
0,7222228;2,039750737;0,01945925;(4.323057000, 1.895163000, 2.456087000);(-0.025191440, 1.677442000, 0.083791990);1,987563;0,02807887;;;4,323057;1,895163;2,456087
0,7333339;2,066559837;0,0268091;(4.340725000, 1.899638000, 2.436426000);(-0.024731230, 1.677503000, 0.083793300);2,010731;0,04030654;;;4,340725;1,899638;2,436426
1,044446;2,105745127;0,03918529;(4.353680000, 1.865892000, 2.421298000);(-0.016852750, 1.676591000, 0.088829580);2,04131;0,04385134;;;4,35368;1,865892;2,421298
1,055557;2,087047197;0,01869793;(4.341750000, 1.860200000, 2.434523000);(-0.016708170, 1.676752000, 0.089144000);2,026778;0,02694681;;;4,34175;1,8602;2,434523
1,066668;2,069068017;0,01797918;(4.329873000, 1.857480000, 2.447744000);(-0.016572690, 1.676785000, 0.089294020);2,011248;0,01274879;;;4,329873;1,85748;2,447744
1,077779;2,057450807;0,01161721;(4.322752000, 1.861901000, 2.455788000);(-0.016449770, 1.676818000, 0.089446190);1,999632;0,005856758;;;4,322752;1,861901;2,455788
1,08889;2,054883175;0,002567632;(4.321405000, 1.860285000, 2.457261000);(-0.016253470, 1.676761000, 0.089634130);1,998376;0,008244381;;;4,321405;1,860285;2,457261
1,100002;2,062530731;0,007647556;(4.326353000, 1.862247000, 2.451770000);(-0.016218330, 1.676809000, 0.089897820);2,004519;0,00574017;;;4,326353;1,862247;2,45177
1,111113;2,052896019;0,009634712;(4.327075000, 1.871835000, 2.451147000);(-0.016088440, 1.676841000, 0.090073210);2,001887;0,006024353;;;4,327075;1,871835;2,451147
1,122224;2,048006751;0,004889268;(4.325796000, 1.876304000, 2.452662000);(-0.016019230, 1.676847000, 0.090315290);1,998417;0,009294116;;;4,325796;1,876304;2,452662
1,133335;2,042125659;0,005881092;(4.323317000, 1.871694000, 2.455345000);(-0.015954340, 1.676861000, 0.090496930);1,996692;0,004837178;;;4,323317;1,871694;2,455345
1,144446;2,051472641;0,009346982;(4.321227000, 1.862845000, 2.457510000);(-0.015773050, 1.676847000, 0.090650740);1,997146;0,006476539;;;4,321227;1,862845;2,45751
1,155557;2,042249454;0,009223187;(4.318577000, 1.854467000, 2.460311000);(-0.015817250, 1.676806000, 0.090883590);1,996681;0,01539319;;;4,318577;1,854467;2,460311
1,166668;2,034289435;0,007960019;(4.314347000, 1.849567000, 2.464944000);(-0.015852370, 1.676782000, 0.091032270);1,992706;0,02310012;;;4,314347;1,849567;2,464944
1,17778;2,026846273;0,007443162;(4.310134000, 1.845541000, 2.469575000);(-0.015678830, 1.676786000, 0.091218060);1,988435;0,03029587;;;4,310134;1,845541;2,469575
1,188891;2,020564203;0,00628207;(4.307590000, 1.840497000, 2.472322000);(-0.015662650, 1.676794000, 0.091430140);1,986897;0,03653004;;;4,30759;1,840497;2,472322
1,200002;2,013645793;0,00691841;(4.304852000, 1.834871000, 2.475274000);(-0.015595830, 1.676751000, 0.091686970);1,985342;0,04339943;;;4,304852;1,834871;2,475274
1,211113;2,009246111;0,004399682;(4.302369000, 1.837162000, 2.478093000);(-0.015523400, 1.676839000, 0.091939750);1,980993;0,04440936;;;4,302369;1,837162;2,478093
