time;total distance traveled;distance to prev position;controller position;controller rotation;camera position;tracker distance to hmd;distance to prev target;distance to current target
(1.789387000, 1.346250000, 4.702754000);(3.090818000, 2.600716000, 3.846837000)

0;-0,000181228;0,000181228;(0.248141600, 1.459234000, 0.739570000);(1.29, 21.11, 87.22);(-0.070744690, 1.661184000, 0.079106550);0,760712800;4,253826;4,363359;;;0,2481416;1,459234;0,73957
0,01111111;-0,00011735142;0,00006387658;(0.248086500, 1.459241000, 0.739538500);(1.29, 21.16, 87.18);(-0.070787700, 1.661230000, 0.079036130);0,760752000;4,253876;4,363415;;;0,2480865;1,459241;0,7395385
0,02222222;0,00012470448;0,0002420559;(0.247869200, 1.459314000, 0.739460300);(1.30, 21.16, 87.29);(-0.070796520, 1.661273000, 0.078957540);0,760657100;4,254029;4,363594;;;0,2478692;1,459314;0,7394603
0,03333334;0,00061081758;0,0004861131;(0.247602300, 1.459705000, 0.739571300);(1.33, 21.09, 87.54);(-0.070814980, 1.661282000, 0.078882410);0,760613500;4,254033;4,363586;;;0,2476023;1,459705;0,7395713
0,04444445;0,00042558308;0,0001852345;(0.247441900, 1.459735000, 0.739658800);(1.28, 20.98, 87.46);(-0.070861060, 1.661350000, 0.078846710);0,760682500;4,25401;4,36362;;;0,2474419;1,459735;0,7396588
0,05555556;0,00036266304;0,00006292004;(0.247483900, 1.459760000, 0.739698200);(1.26, 20.88, 87.29);(-0.070895580, 1.661342000, 0.078948450);0,760651800;4,253959;4,363558;;;0,2474839;1,45976;0,7396982
0,06666667;0,00059342874;0,0002307657;(0.247672300, 1.459696000, 0.739581300);(1.33, 20.85, 87.25);(-0.070898770, 1.661397000, 0.078932000);0,760676300;4,253998;4,363535;;;0,2476723;1,459696;0,7395813
0,07777778;0,00072767774;0,000134249;(0.247628100, 1.459760000, 0.739471800);(1.43, 20.93, 87.30);(-0.070898490, 1.661412000, 0.078784840);0,760677200;4,254117;4,363626;;;0,2476281;1,45976;0,7394718
0,08888889;0,00082070163;0,00009302389;(0.247551800, 1.459795000, 0.739431700);(1.43, 20.98, 87.29);(-0.070939660, 1.661457000, 0.078753870);0,760657200;4,254183;4,363695;;;0,2475518;1,459795;0,7394317
0,1;0,00091834579;0,00009764416;(0.247510500, 1.459839000, 0.739355200);(1.37, 20.99, 87.29);(-0.071147560, 1.661498000, 0.078870820);0,760558200;4,254271;4,363764;;;0,2475105;1,459839;0,7393552
0,1111111;0,00069889469;0,0002194511;(0.247441000, 1.460025000, 0.739449600);(1.39, 21.01, 87.46);(-0.071234110, 1.661542000, 0.078850310);0,760627700;4,254213;4,363694;;;0,247441;1,460025;0,7394496
0,1222222;0,00091003289;0,0002111382;(0.247297900, 1.460169000, 0.739508300);(1.39, 21.06, 87.43);(-0.071329730, 1.661567000, 0.078900530);0,760583600;4,254214;4,363708;;;0,2472979;1,460169;0,7395083
0,1333333;0,00061254679;0,0002974861;(0.247079400, 1.460074000, 0.739686500);(1.32, 21.07, 87.30);(-0.071401800, 1.661497000, 0.078967940);0,760625100;4,254125;4,363748;;;0,2470794;1,460074;0,7396865
0,1444445;0,00032102689;0,0002915199;(0.247210800, 1.459814000, 0.739671200);(1.27, 20.97, 87.32);(-0.071445150, 1.661390000, 0.078914780);0,760771800;4,254085;4,363741;;;0,2472108;1,459814;0,7396712
0,1555556;0,00023642312;0,00008460377;(0.247243000, 1.459742000, 0.739700700);(1.34, 20.98, 87.52);(-0.071506080, 1.661369000, 0.078793900);0,760955100;4,254043;4,363719;;;0,247243;1,459742;0,7397007
0,1666667;-0,00018412778;0,0004205509;(0.247335100, 1.459331000, 0.739690100);(1.36, 21.00, 87.49);(-0.071851760, 1.661298000, 0.078953130);0,761080700;4,254009;4,363773;;;0,2473351;1,459331;0,7396901
0,1777778;0,00012242942;0,0003065572;(0.247503300, 1.459091000, 0.739601700);(1.37, 21.07, 87.34);(-0.071844580, 1.661261000, 0.079008740);0,761077400;4,254024;4,36379;;;0,2475033;1,459091;0,7396017
0,1888889;-0,00019736118;0,0003197906;(0.247727100, 1.458863000, 0.739610100);(1.36, 21.05, 87.38);(-0.071902250, 1.661238000, 0.079053710);0,761218400;4,253929;4,363697;;;0,2477271;1,458863;0,7396101
0,2;-0,00089100718;0,000693646;(0.248344400, 1.458568000, 0.739494900);(1.38, 21.06, 87.38);(-0.072015810, 1.661225000, 0.079076070);0,761481000;4,253805;4,363454;;;0,2483444;1,458568;0,7394949
0,2111111;-0,00159486588;0,0007038587;(0.249020700, 1.458423000, 0.739364100);(1.44, 21.15, 87.43);(-0.072059040, 1.661188000, 0.079186690);0,761603700;4,253678;4,363145;;;0,2490207;1,458423;0,7393641
0,2222222;-0,00250688908;0,0009120232;(0.249931200, 1.458465000, 0.739396300);(1.46, 21.28, 87.44);(-0.072139250, 1.661269000, 0.079258750);0,761997700;4,253319;4,362518;;;0,2499312;1,458465;0,7393963
0,2333333;-0,00378925408;0,001282365;(0.251144000, 1.458776000, 0.739119300);(1.44, 21.48, 87.43);(-0.072170700, 1.661334000, 0.079294850);0,762187700;4,253147;4,361844;;;0,251144;1,458776;0,7391193
0,2444444;-0,00549611508;0,001706861;(0.252567800, 1.459713000, 0.739025100);(1.46, 21.70, 87.62);(-0.072183040, 1.661440000, 0.079381030);0,762421800;4,252745;4,360739;;;0,2525678;1,459713;0,7390251
0,2555556;-0,00781942908;0,002323314;(0.254221100, 1.461343000, 0.738944200);(1.35, 21.90, 87.77);(-0.072157530, 1.661601000, 0.079503850);0,762553400;4,252267;4,359295;;;0,2542211;1,461343;0,7389442
0,2666667;-0,01145171308;0,003632284;(0.256630100, 1.464057000, 0.738791300);(1.13, 22.02, 87.96);(-0.072121340, 1.661795000, 0.079761520);0,762560200;4,251615;4,357128;;;0,2566301;1,464057;0,7387913
0,2777778;-0,01467062008;0,003218907;(0.259012200, 1.466217000, 0.738640500);(0.79, 22.24, 87.95);(-0.072055880, 1.662005000, 0.079950050);0,762766200;4,250957;4,355123;;;0,2590122;1,466217;0,7386405
0,2888889;-0,02001392808;0,005343308;(0.262726200, 1.470031000, 0.738181000);(0.47, 22.58, 87.69);(-0.071912780, 1.662299000, 0.080222440);0,762797400;4,25016;4,352045;;;0,2627262;1,470031;0,738181
0,3;-0,02558824908;0,005574321;(0.266637100, 1.473989000, 0.737851600);(0.03, 23.25, 87.41);(-0.071840420, 1.662602000, 0.080556410);0,763006400;4,249181;4,348712;;;0,2666371;1,473989;0,7378516
0,3111111;-0,03101649608;0,005428247;(0.270558400, 1.477655000, 0.737042700);(359.52, 23.93, 87.30);(-0.071624670, 1.662915000, 0.080976080);0,762780500;4,248644;4,345797;;;0,2705584;1,477655;0,7370427
0,3222222;-0,03711630308;0,006099807;(0.274969800, 1.481776000, 0.736166600);(359.08, 24.48, 87.54);(-0.071538640, 1.663197000, 0.081387180);0,762704400;4,248017;4,342499;;;0,2749698;1,481776;0,7361666
0,3333333;-0,04289588008;0,005779577;(0.279191300, 1.485596000, 0.735172300);(358.79, 24.96, 87.82);(-0.071274240, 1.663494000, 0.081690450);0,762569700;4,247566;4,339493;;;0,2791913;1,485596;0,7351723
0,3444445;-0,04992551208;0,007029632;(0.284189300, 1.490412000, 0.734056900);(358.52, 25.40, 87.93);(-0.071065110, 1.663715000, 0.082009210);0,762499900;4,246994;4,335821;;;0,2841893;1,490412;0,7340569
0,3555556;-0,05763935708;0,007713845;(0.289466000, 1.495879000, 0.732728700);(358.32, 25.88, 87.93);(-0.070745970, 1.664016000, 0.082402130);0,762198900;4,246558;4,331964;;;0,289466;1,495879;0,7327287
0,3666667;-0,06598198908;0,008342632;(0.295144600, 1.501825000, 0.731316600);(358.01, 26.40, 87.73);(-0.070524500, 1.664386000, 0.082868230);0,761987500;4,24609;4,327796;;;0,2951446;1,501825;0,7313166
0,3777778;-0,07417367908;0,00819169;(0.300691600, 1.507733000, 0.730120400);(357.60, 26.98, 87.57);(-0.070186080, 1.664889000, 0.083344740);0,761949400;4,245481;4,323579;;;0,3006916;1,507733;0,7301204
0,3888889;-0,08306666108;0,008892982;(0.306713500, 1.514043000, 0.728385700);(357.19, 27.55, 87.50);(-0.070011150, 1.665695000, 0.083978070);0,761696000;4,245243;4,319356;;;0,3067135;1,514043;0,7283857
0,4;-0,09237148008;0,009304819;(0.312957000, 1.520687000, 0.726526600);(356.72, 28.12, 87.51);(-0.069696050, 1.666692000, 0.084577520);0,761471800;4,245075;4,31501;;;0,312957;1,520687;0,7265266
0,4111111;-0,08294944108;0,009422039;(0.319292600, 1.527291000, 0.724284300);(356.34, 28.63, 87.58);(-0.069341660, 1.667936000, 0.085248040);0,761042100;4,245254;4,310908;;;0,3192926;1,527291;0,7242843
0,4222222;-0,07337989608;0,009569545;(0.325660600, 1.534097000, 0.722117700);(356.04, 29.15, 87.43);(-0.069064350, 1.669162000, 0.085860950);0,760837000;4,24538;4,306697;;;0,3256606;1,534097;0,7221177
0,4333333;-0,06313947608;0,01024042;(0.332222600, 1.541546000, 0.719603100);(355.76, 29.76, 87.24);(-0.068670990, 1.670417000, 0.086416620);0,760426500;4,245817;4,302474;;;0,3322226;1,541546;0,7196031
0,4444444;-0,05296949608;0,01016998;(0.338499900, 1.549119000, 0.717020300);(355.42, 30.49, 86.75);(-0.068225370, 1.671432000, 0.086717500);0,760044500;4,246447;4,298472;;;0,3384999;1,549119;0,7170203
0,4555556;-0,04301416908;0,009955327;(0.344717100, 1.556466000, 0.714475600);(354.87, 31.13, 86.58);(-0.067774530, 1.672276000, 0.087029110);0,759770000;4,247073;4,294557;;;0,3447171;1,556466;0,7144756
0,4666667;-0,03282664908;0,01018752;(0.350891700, 1.564082000, 0.711708900);(354.29, 31.68, 86.60);(-0.067385870, 1.672885000, 0.087300200);0,759394800;4,24796;4,290785;;;0,3508917;1,564082;0,7117089
0,4777778;-0,02259378908;0,01023286;(0.357133000, 1.571712000, 0.708960800);(353.60, 32.14, 86.77);(-0.066895350, 1.673386000, 0.087332620);0,759315000;4,248832;4,286974;;;0,357133;1,571712;0,7089608
0,4888889;-0,01238732908;0,01020646;(0.363575700, 1.578954000, 0.705765700);(352.93, 32.59, 86.82);(-0.066388130, 1.673784000, 0.087437820);0,759072500;4,25006;4,283477;;;0,3635757;1,578954;0,7057657
0,5;-0,00297717708;0,009410152;(0.369718900, 1.585357000, 0.702633400);(352.28, 33.11, 86.76);(-0.065841720, 1.674179000, 0.087466520);0,758968100;4,251306;4,280344;;;0,3697189;1,585357;0,7026334
0,5111111;0,00632787292;0,00930505;(0.375758100, 1.591710000, 0.699509900);(351.72, 33.70, 86.75);(-0.065308150, 1.674480000, 0.087523560);0,758892400;4,252595;4,277302;;;0,3757581;1,59171;0,6995099
0,5222223;0,01484584592;0,008517973;(0.381469400, 1.597008000, 0.696064400);(351.25, 34.23, 86.66);(-0.064872280, 1.674618000, 0.087632190);0,758573700;4,254254;4,27497;;;0,3814694;1,597008;0,6960644
0,5333334;0,02373994092;0,008894095;(0.387391100, 1.602660000, 0.692588100);(350.88, 34.65, 86.58);(-0.064326550, 1.674777000, 0.087660270);0,758411100;4,25591;4,27246;;;0,3873911;1,60266;0,6925881
0,5444446;0,03136595392;0,007626013;(0.392727300, 1.607041000, 0.689349300);(350.51, 35.15, 86.48);(-0.063763440, 1.674845000, 0.087750420);0,758223200;4,257475;4,270458;;;0,3927273;1,607041;0,6893493
0,5555557;0,03907662492;0,007710671;(0.397999000, 1.611774000, 0.686305000);(350.36, 35.68, 86.32);(-0.063160140, 1.674938000, 0.087928550);0,758097500;4,258912;4,268283;;;0,397999;1,611774;0,686305
0,5666668;0,04644114892;0,007364524;(0.403110900, 1.616081000, 0.683214800);(350.19, 36.14, 86.07);(-0.062722760, 1.674938000, 0.088169110);0,757987100;4,260431;4,266355;;;0,4031109;1,616081;0,6832148
0,577778;0,05333138092;0,006890232;(0.407908700, 1.619830000, 0.679988900);(349.99, 36.58, 85.70);(-0.062152010, 1.674873000, 0.088156720);0,757794300;4,262156;4,264864;;;0,4079087;1,61983;0,6799889
0,5888891;0,05969510692;0,006363726;(0.412411300, 1.623216000, 0.677029700);(349.86, 37.01, 85.55);(-0.061656240, 1.674794000, 0.088188310);0,757716700;4,263711;4,263455;;;0,4124113;1,623216;0,6770297
0,6000003;0,06615472592;0,006459619;(0.416677600, 1.626798000, 0.673759900);(349.69, 37.40, 85.31);(-0.061183450, 1.674762000, 0.088291840);0,757248000;4,265658;4,262389;;;0,4166776;1,626798;0,6737599
0,6111114;0,07234242092;0,006187695;(0.420588800, 1.630482000, 0.670690300);(349.49, 37.80, 85.27);(-0.060704040, 1.674724000, 0.088400800);0,756743800;4,267545;4,261383;;;0,4205888;1,630482;0,6706903
0,6222225;0,07759941692;0,005256996;(0.423850600, 1.633774000, 0.668208600);(349.19, 38.18, 85.15);(-0.060344640, 1.674553000, 0.088366970);0,756521200;4,269065;4,260443;;;0,4238506;1,633774;0,6682086
0,6333337;0,08296275692;0,00536334;(0.427149100, 1.637228000, 0.665768700);(348.85, 38.43, 85.20);(-0.059927270, 1.674508000, 0.088490440);0,756229700;4,270552;4,259418;;;0,4271491;1,637228;0,6657687
0,6444448;0,08742682092;0,004464064;(0.429608100, 1.640300000, 0.663660300);(348.52, 38.66, 85.37);(-0.059543430, 1.674469000, 0.088604730);0,755728600;4,271972;4,258762;;;0,4296081;1,6403;0,6636603
0,655556;0,09172890992;0,004302089;(0.432190800, 1.642762000, 0.661256700);(348.10, 38.71, 85.61);(-0.059225560, 1.674420000, 0.088712200);0,755181700;4,273594;4,258391;;;0,4321908;1,642762;0,6612567
0,6666671;0,09532164792;0,003592738;(0.434299600, 1.644820000, 0.659201700);(347.88, 38.90, 85.57);(-0.058908920, 1.674466000, 0.088666720);0,754747500;4,275012;4,258151;;;0,4342996;1,64482;0,6592017
0,6777782;0,09849592492;0,003174277;(0.436441200, 1.646357000, 0.657432800);(347.77, 39.16, 85.39);(-0.058670160, 1.674600000, 0.088786500);0,754514200;4,276114;4,257795;;;0,4364412;1,646357;0,6574328
0,6888894;0,10197400592;0,003478081;(0.438657200, 1.648037000, 0.655344200);(347.72, 39.33, 85.40);(-0.058366130, 1.674739000, 0.088876050);0,754076400;4,277509;4,257603;;;0,4386572;1,648037;0,6553442
0,7000005;0,10423548692;0,002261481;(0.440239500, 1.648776000, 0.653907100);(347.61, 39.45, 85.56);(-0.058031780, 1.674812000, 0.088897240);0,753782600;4,278421;4,25753;;;0,4402395;1,648776;0,6539071
0,7111117;0,10702691592;0,002791429;(0.442021600, 1.650146000, 0.652252300);(347.73, 39.55, 85.60);(-0.057582830, 1.674796000, 0.088853610);0,753412400;4,279523;4,257356;;;0,4420216;1,650146;0,6522523
0,7222228;0,10914890492;0,002121989;(0.443331000, 1.651232000, 0.650983500);(347.74, 39.76, 85.33);(-0.057199170, 1.674876000, 0.088822920);0,753069800;4,280389;4,257251;;;0,443331;1,651232;0,6509835
0,7333339;0,11117596692;0,002027062;(0.444558500, 1.652425000, 0.649897800);(347.77, 39.95, 84.80);(-0.056778510, 1.674958000, 0.088558450);0,752959700;4,281116;4,257037;;;0,4445585;1,652425;0,6498978
0,7444451;0,11259510992;0,001419143;(0.445177100, 1.653504000, 0.649214400);(347.70, 40.02, 84.51);(-0.056349610, 1.675113000, 0.088455960);0,752626100;4,281646;4,256926;;;0,4451771;1,653504;0,6492144
0,7555562;0,11378109292;0,001185983;(0.445587700, 1.654412000, 0.648571600);(347.53, 39.89, 84.35);(-0.055864300, 1.675225000, 0.088304860);0,752187600;4,282191;4,256951;;;0,4455877;1,654412;0,6485716
0,7666674;0,11487095192;0,001089859;(0.445965200, 1.655279000, 0.648030800);(347.35, 39.74, 84.56);(-0.055393410, 1.675359000, 0.088106320);0,751850400;4,282647;4,25693;;;0,4459652;1,655279;0,6480308
0,7777785;0,11593861992;0,001067668;(0.446329700, 1.655954000, 0.647288000);(347.20, 39.62, 84.74);(-0.054941330, 1.675447000, 0.087833540);0,751426600;4,283285;4,257113;;;0,4463297;1,655954;0,647288
0,7888896;0,11687773632;0,0009391164;(0.446542600, 1.656450000, 0.646519100);(347.12, 39.54, 84.97);(-0.054469290, 1.675525000, 0.087557690);0,750875900;4,283982;4,257449;;;0,4465426;1,65645;0,6465191
0,8000008;0,11797054032;0,001092804;(0.447007500, 1.657184000, 0.645856600);(347.09, 39.51, 85.06);(-0.053951140, 1.675647000, 0.087309200);0,750517000;4,284517;4,257495;;;0,4470075;1,657184;0,6458566
0,8111119;0,11875518132;0,000784641;(0.447319700, 1.657693000, 0.645347300);(347.07, 39.61, 84.73);(-0.053457660, 1.675770000, 0.087078350);0,750179400;4,284938;4,257571;;;0,4473197;1,657693;0,6453473
0,8222231;0,11917279842;0,0004176171;(0.447642000, 1.657687000, 0.645081700);(346.92, 39.73, 84.44);(-0.052996280, 1.675937000, 0.086773800);0,750119600;4,285089;4,257572;;;0,447642;1,657687;0,6450817
0,8333342;0,11965118232;0,0004783839;(0.447995800, 1.657422000, 0.644898800);(346.82, 39.75, 84.63);(-0.052475150, 1.675957000, 0.086604700);0,750004700;4,285131;4,257549;;;0,4479958;1,657422;0,6448988
0,8444453;0,12026401712;0,0006128348;(0.448434800, 1.657225000, 0.644519400);(346.85, 39.78, 84.82);(-0.052001480, 1.676030000, 0.086372600);0,749878600;4,285339;4,257606;;;0,4484348;1,657225;0,6445194
0,8555565;0,12080883452;0,0005448174;(0.448617900, 1.656725000, 0.644403400);(346.93, 39.81, 84.78);(-0.051479910, 1.676144000, 0.086186480);0,749720700;4,285355;4,25769;;;0,4486179;1,656725;0,6444034
0,8666676;0,12138288252;0,000574048;(0.448981800, 1.656349000, 0.644166100);(347.10, 39.82, 84.78);(-0.051036390, 1.676322000, 0.086070460);0,749591600;4,285439;4,257726;;;0,4489818;1,656349;0,6441661
0,8777788;0,12175324512;0,0003703626;(0.449240400, 1.656249000, 0.643920800);(347.28, 39.78, 84.87);(-0.050664810, 1.676460000, 0.086036790);0,749365200;4,285583;4,257772;;;0,4492404;1,656249;0,6439208
0,8888899;0,12218520752;0,0004319624;(0.449396000, 1.656647000, 0.643861900);(347.37, 39.81, 84.90);(-0.050227880, 1.676678000, 0.085967410);0,749180600;4,285619;4,257631;;;0,449396;1,656647;0,6438619
0,900001;0,12296004382;0,0007748363;(0.449628600, 1.657353000, 0.643643100);(347.36, 39.84, 84.70);(-0.049822110, 1.676826000, 0.085859730);0,748967600;4,285805;4,257495;;;0,4496286;1,657353;0,6436431
0,9111122;0,12353423682;0,000574193;(0.449871100, 1.657819000, 0.643410700);(347.18, 39.89, 84.36);(-0.049395470, 1.676950000, 0.085852790);0,748668100;4,285983;4,257417;;;0,4498711;1,657819;0,6434107
0,9222233;0,12330169732;0,0002325395;(0.449798200, 1.657993000, 0.643546500);(347.03, 39.94, 84.35);(-0.048968450, 1.676966000, 0.085785080);0,748482400;4,28589;4,257321;;;0,4497982;1,657993;0,6435465
0,9333345;0,12354104872;0,0002393514;(0.449806900, 1.658223000, 0.643478600);(346.94, 39.97, 84.64);(-0.048625360, 1.677011000, 0.085701510);0,748266600;4,285968;4,257316;;;0,4498069;1,658223;0,6434786
0,9444456;0,12393713392;0,0003960852;(0.449454300, 1.658354000, 0.643602400);(346.93, 40.00, 84.68);(-0.048488830, 1.677055000, 0.085760490);0,747987200;4,285971;4,257412;;;0,4494543;1,658354;0,6436024
0,9555568;0,12308925992;0,000847874;(0.448931400, 1.658581000, 0.644230200);(346.93, 39.83, 84.85);(-0.048153100, 1.677125000, 0.085740160);0,747895800;4,285556;4,257215;;;0,4489314;1,658581;0,6442302
0,9666679;0,12266280542;0,0004264545;(0.448700300, 1.658918000, 0.644350900);(346.92, 39.52, 85.03);(-0.047865600, 1.677142000, 0.085724340);0,747645300;4,285539;4,257192;;;0,4487003;1,658918;0,6443509
