time;total distance traveled;distance to prev position;ray position;hmd position;distance to prev target;distance to current target
(-3.331694000, 1.796025000, 3.898913000);(-1.890595000, 3.020394000, 4.550185000);0,2555556;0,2333333

0;-0,007450526;0,007450526;(-3.293205000, 1.802018000, 3.914400000);(-0.114991800, 1.666641000, 0.074072920);0,04191823;1,963665;;;-3,293205;1,802018;3,9144
0,01111111;-0,001435794;0,006014732;(-3.289677000, 1.797260000, 3.915441000);(-0.114786500, 1.666570000, 0.074148890);0,04516803;1,963769;;;-3,289677;1,79726;3,915441
0,02222222;0,003454645;0,004890439;(-3.285137000, 1.796723000, 3.917179000);(-0.114608000, 1.666530000, 0.074222290);0,05001673;1,96031;;;-3,285137;1,796723;3,917179
0,03333334;0,006060234;0,002605589;(-3.283209000, 1.798249000, 3.918042000);(-0.114389800, 1.666509000, 0.074189570);0,05216926;1,957708;;;-3,283209;1,798249;3,918042
0,04444445;0,015446316;0,009386082;(-3.280018000, 1.806876000, 3.919906000);(-0.114220300, 1.666521000, 0.074282430);0,05682326;1,949454;;;-3,280018;1,806876;3,919906
0,05555556;0,020404708;0,004958392;(-3.278409000, 1.811468000, 3.920864000);(-0.114068700, 1.666530000, 0.074396300);0,05966203;1,945142;;;-3,278409;1,811468;3,920864
0,06666667;0,012343064;0,008061644;(-3.285750000, 1.813370000, 3.918127000);(-0.113934600, 1.666538000, 0.074503270);0,05273429;1,950092;;;-3,28575;1,81337;3,918127
0,07777778;0,004497046;0,007846018;(-3.290091000, 1.807194000, 3.915988000);(-0.113775500, 1.666534000, 0.074619670);0,0463372;1,957715;;;-3,290091;1,807194;3,915988
0,08888889;-0,003542994;0,00804004;(-3.290088000, 1.799175000, 3.915416000);(-0.113669600, 1.666461000, 0.074747110);0,04487045;1,962877;;;-3,290088;1,799175;3,915416
0,1;-0,011083640;0,007540646;(-3.290309000, 1.791663000, 3.914793000);(-0.113454100, 1.666292000, 0.074803910);0,04454088;1,967918;;;-3,290309;1,791663;3,914793
0,1111111;-0,016714604;0,005630964;(-3.295359000, 1.790281000, 3.912719000);(-0.113408000, 1.666223000, 0.074943450);0,03929193;1,973044;;;-3,295359;1,790281;3,912719
0,1222222;-0,015317743;0,001396861;(-3.294058000, 1.790279000, 3.913228000);(-0.113349000, 1.666118000, 0.075032610);0,04067454;1,971955;;;-3,294058;1,790279;3,913228
0,1333333;-0,019335087;0,004017344;(-3.294937000, 1.786408000, 3.912608000);(-0.113258100, 1.666032000, 0.075110790);0,04038712;1,975196;;;-3,294937;1,786408;3,912608
0,1444445;-0,013299182;0,006035905;(-3.291492000, 1.781554000, 3.913609000);(-0.113185800, 1.665980000, 0.075171080);0,04518335;1,975467;;;-3,291492;1,781554;3,913609
0,1555556;-0,012158677;0,001140505;(-3.290474000, 1.781201000, 3.913982000);(-0.113245600, 1.665763000, 0.075108130);0,04632377;1,974845;;;-3,290474;1,781201;3,913982
0,1666667;-0,016966578;0,004807901;(-3.294088000, 1.784134000, 3.912777000);(-0.113035600, 1.665853000, 0.075215060);0,0418067;1,97596;;;-3,294088;1,784134;3,912777
0,1777778;-0,022663555;0,005696977;(-3.299393000, 1.784108000, 3.910700000);(-0.113044900, 1.665652000, 0.075236940);0,03639104;1,980418;;;-3,299393;1,784108;3,9107
0,1888889;-0,028916001;0,006252446;(-3.305088000, 1.785573000, 3.908576000);(-0.113041200, 1.665557000, 0.075178880);0,03017426;1,984246;;;-3,305088;1,785573;3,908576
0,2;-0,024430362;0,004485639;(-3.301032000, 1.784386000, 3.910079000);(-0.113186400, 1.665606000, 0.075055740);0,03464547;1,981611;;;-3,301032;1,784386;3,910079
0,2111111;-0,015224111;0,009206251;(-3.292733000, 1.786471000, 3.913475000);(-0.113301300, 1.665655000, 0.074997030);0,04267655;1,973311;;;-3,292733;1,786471;3,913475
0,2222222;-0,000656271;0,01456784;(-3.280168000, 1.791614000, 3.918758000);(-0.113433200, 1.665814000, 0.074942790);0,05539092;1,959468;;;-3,280168;1,791614;3,918758
0,2333333;0,034324139;0,03498041;(-3.250323000, 1.804793000, 3.931376000);(-0.113622900, 1.666074000, 0.074846320);0,08804509;1,925999;;;-3,250323;1,804793;3,931376
0,2444444;0,063812829;0,02948869;(-3.223945000, 1.812274000, 3.942231000);(-0.113828900, 1.666359000, 0.074802330);0,1172613;1,899206;;;-3,223945;1,812274;3,942231
0,2555556;0,110409499;0,04659667;(-3.180693000, 1.815010000, 3.959349000);(-0.114062100, 1.666603000, 0.074747760);0,1637501;1,861825;;;-3,180693;1,81501;3,959349
0,2666667;0,165004839;0,05459534;(-3.130662000, 1.823407000, 3.979524000);(-0.114300700, 1.666810000, 0.074660800);0,2183154;1,815544;;;-3,130662;1,823407;3,979524
0,2777778;0,217783419;0,05277858;(-3.085472000, 1.842891000, 3.998596000);(-0.114568800, 1.667086000, 0.074552050);0,2697379;1,765926;;;-3,085472;1,842891;3,998596
0,2888889;0,265731709;0,04794829;(-3.047250000, 1.866578000, 4.015243000);(-0.114720900, 1.667231000, 0.074415440);0,315307;1,719101;;;-3,04725;1,866578;4,015243
0,3;0,330170569;0,06443886;(-3.001055000, 1.906340000, 4.036156000);(-0.114982000, 1.667501000, 0.074159290);0,3746023;1,654831;;;-3,001055;1,90634;4,036156
0,3111111;0,409471839;0,07930127;(-2.938798000, 1.947191000, 4.063431000);(-0.115125000, 1.667776000, 0.073963780);0,4519783;1,577157;;;-2,938798;1,947191;4,063431
0,3222222;0,481068179;0,07159634;(-2.879957000, 1.979181000, 4.088737000);(-0.115353600, 1.668017000, 0.073813010);0,5231114;1,508607;;;-2,879957;1,979181;4,088737
0,3333333;0,565405329;0,08433715;(-2.815094000, 2.024845000, 4.117377000);(-0.115530800, 1.668246000, 0.073614740);0,6057733;1,425881;;;-2,815094;2,024845;4,117377
0,3444445;0,639754449;0,07434912;(-2.759747000, 2.067892000, 4.142106000);(-0.115681500, 1.668494000, 0.073418460);0,6783642;1,352484;;;-2,759747;2,067892;4,142106
0,3555556;0,712548849;0,0727944;(-2.705303000, 2.109668000, 4.166390000);(-0.115803100, 1.668726000, 0.073231120);0,749854;1,280809;;;-2,705303;2,109668;4,16639
0,3666667;0,785096249;0,0725474;(-2.649512000, 2.148956000, 4.191025000);(-0.115940100, 1.668966000, 0.073004060);0,8217433;1,210106;;;-2,649512;2,148956;4,191025
0,3777778;0,857425309;0,07232906;(-2.590437000, 2.182013000, 4.216499000);(-0.116039900, 1.669184000, 0.072764990);0,8940408;1,141932;;;-2,590437;2,182013;4,216499
0,3888889;0,933238059;0,07581275;(-2.529140000, 2.217869000, 4.243042000);(-0.116067900, 1.669576000, 0.072517600);0,9697785;1,070571;;;-2,52914;2,217869;4,243042
0,4;1,002013559;0,0687755;(-2.476661000, 2.255764000, 4.266281000);(-0.116168500, 1.669730000, 0.072361610);1,037979;1,004358;;;-2,476661;2,255764;4,266281
0,4111111;1,068380139;0,06636658;(-2.428306000, 2.295669000, 4.288050000);(-0.116538500, 1.670181000, 0.072210570);1,103259;0,9397206;;;-2,428306;2,295669;4,28805
0,4222222;1,138471089;0,07009095;(-2.378420000, 2.339389000, 4.310690000);(-0.116606100, 1.670367000, 0.071928910);1,17198;0,8712623;;;-2,37842;2,339389;4,31069
0,4333333;1,213196729;0,07472564;(-2.325137000, 2.385874000, 4.334857000);(-0.116621300, 1.670409000, 0.071643730);1,245442;0,798629;;;-2,325137;2,385874;4,334857
0,4444444;1,280490259;0,06729353;(-2.277849000, 2.428626000, 4.356412000);(-0.116646100, 1.670573000, 0.071370860);1,311517;0,7332829;;;-2,277849;2,428626;4,356412
0,4555556;1,342696859;0,0622066;(-2.237245000, 2.471767000, 4.375380000);(-0.116676800, 1.670827000, 0.071120460);1,371666;0,6720974;;;-2,237245;2,471767;4,37538
0,4666667;1,395301099;0,05260424;(-2.216806000, 2.518888000, 4.386741000);(-0.116762700, 1.671083000, 0.070832130);1,415444;0,6201904;;;-2,216806;2,518888;4,386741
0,4777778;1,454912489;0,05961139;(-2.177367000, 2.559652000, 4.405083000);(-0.116765500, 1.671414000, 0.070673010);1,473704;0,5617621;;;-2,177367;2,559652;4,405083
0,4888889;1,518389949;0,06347746;(-2.133626000, 2.601044000, 4.425152000);(-0.116723300, 1.671709000, 0.070490380);1,536343;0,5005517;;;-2,133626;2,601044;4,425152
0,5;1,585280869;0,06689092;(-2.079588000, 2.632766000, 4.448561000);(-0.116693300, 1.671922000, 0.070316810);1,603128;0,4430591;;;-2,079588;2,632766;4,448561
0,5111111;1,646063969;0,0607831;(-2.036465000, 2.670860000, 4.468153000);(-0.116582400, 1.672130000, 0.070091630);1,663427;0,3875323;;;-2,036465;2,67086;4,468153
0,5222223;1,705802719;0,05973875;(-2.002074000, 2.716752000, 4.484885000);(-0.116441200, 1.672306000, 0.069881160);1,720171;0,3299855;;;-2,002074;2,716752;4,484885
0,5333334;1,755978339;0,05017562;(-1.975614000, 2.757273000, 4.498132000);(-0.116315600, 1.672471000, 0.069584570);1,766922;0,2813727;;;-1,975614;2,757273;4,498132
0,5444446;1,807634219;0,05165588;(-1.945939000, 2.797009000, 4.512580000);(-0.116121400, 1.672630000, 0.069369040);1,81628;0,2331907;;;-1,945939;2,797009;4,51258
0,5555557;1,849420569;0,04178635;(-1.917532000, 2.824717000, 4.525673000);(-0.115911800, 1.672681000, 0.069180450);1,857657;0,1990381;;;-1,917532;2,824717;4,525673
0,5666668;1,882018629;0,03259806;(-1.902977000, 2.852849000, 4.533377000);(-0.115659600, 1.672899000, 0.069018270);1,88697;0,1688409;;;-1,902977;2,852849;4,533377
0,577778;1,916034389;0,03401576;(-1.892167000, 2.884443000, 4.539862000);(-0.115380600, 1.673128000, 0.068856770);1,915126;0,1363519;;;-1,892167;2,884443;4,539862
0,5888891;1,936697239;0,02066285;(-1.901228000, 2.902879000, 4.537634000);(-0.115041100, 1.673322000, 0.068718870);1,918157;0,118661;;;-1,901228;2,902879;4,537634
0,6000003;1,962278029;0,02558079;(-1.891153000, 2.925723000, 4.543207000);(-0.114717000, 1.673564000, 0.068546320);1,940744;0,09493022;;;-1,891153;2,925723;4,543207
0,6111114;1,987393899;0,02511587;(-1.878391000, 2.946365000, 4.549674000);(-0.114391800, 1.673708000, 0.068394500);1,964398;0,07503042;;;-1,878391;2,946365;4,549674
0,6222225;2,012488899;0,025095;(-1.859741000, 2.960939000, 4.558012000);(-0.114065900, 1.673818000, 0.068222720);1,989493;0,06743982;;;-1,859741;2,960939;4,558012
0,6333337;2,037248649;0,02475975;(-1.846619000, 2.980885000, 4.564570000);(-0.113695900, 1.673936000, 0.068072490);2,013068;0,06084278;;;-1,846619;2,980885;4,56457
0,6444448;2,060987509;0,02373886;(-1.825909000, 2.988615000, 4.573225000);(-0.113342800, 1.674024000, 0.067900980);2,035769;0,07566401;;;-1,825909;2,988615;4,573225
0,655556;2,082541439;0,02155393;(-1.806319000, 2.992785000, 4.581188000);(-0.113044300, 1.674060000, 0.067754380);2,055359;0,09394667;;;-1,806319;2,992785;4,581188
0,6666671;2,095507369;0,01296593;(-1.794561000, 2.995418000, 4.585976000);(-0.112642300, 1.674175000, 0.067669120);2,067215;0,1054866;;;-1,794561;2,995418;4,585976
0,6777782;2,092028371;0,003478998;(-1.796820000, 2.992993000, 4.584919000);(-0.112202500, 1.674415000, 0.067557600);2,063776;0,1036873;;;-1,79682;2,992993;4,584919
0,6888894;2,088487282;0,003541089;(-1.800066000, 2.993713000, 4.583700000);(-0.111801400, 1.674571000, 0.067434990);2,061377;0,1001534;;;-1,800066;2,993713;4,5837
0,7000005;2,096074683;0,007587401;(-1.793248000, 2.995517000, 4.586497000);(-0.111525600, 1.674794000, 0.067450660);2,068422;0,1068365;;;-1,793248;2,995517;4,586497
0,7111117;2,107431233;0,01135655;(-1.786616000, 3.004158000, 4.589709000);(-0.111101600, 1.674959000, 0.067371240);2,079435;0,1124163;;;-1,786616;3,004158;4,589709
0,7222228;2,123372893;0,01594166;(-1.793482000, 3.018449000, 4.588043000);(-0.110711700, 1.675036000, 0.067362330);2,082143;0,1042502;;;-1,793482;3,018449;4,588043
0,7333339;2,108929643;0,01444325;(-1.802209000, 3.029656000, 4.585428000);(-0.110282800, 1.675075000, 0.067356790);2,08146;0,09560332;;;-1,802209;3,029656;4,585428
0,7444451;2,094602983;0,01432666;(-1.815553000, 3.029735000, 4.580214000);(-0.109866400, 1.675099000, 0.067357290);2,069999;0,08136544;;;-1,815553;3,029735;4,580214
0,7555562;2,090888765;0,003714218;(-1.814495000, 3.026178000, 4.580373000);(-0.109470800, 1.675059000, 0.067390400);2,068709;0,08207367;;;-1,814495;3,026178;4,580373
0,7666674;2,093628170;0,002739405;(-1.814351000, 3.028902000, 4.580624000);(-0.109093900, 1.675016000, 0.067388740);2,070518;0,08253511;;;-1,814351;3,028902;4,580624
0,7777785;2,0943257728;0,0006976028;(-1.814605000, 3.029550000, 4.580571000);(-0.108741700, 1.674977000, 0.067381520);2,0707;0,08235041;;;-1,814605;3,02955;4,580571
0,7888896;2,0852934228;0,00903235;(-1.819468000, 3.022332000, 4.578153000);(-0.108510700, 1.675009000, 0.067393150);2,062044;0,07645348;;;-1,819468;3,022332;4,578153
0,8000008;2,0758820738;0,009411349;(-1.822162000, 3.013474000, 4.576466000);(-0.108226400, 1.675014000, 0.067399550);2,05425;0,07363176;;;-1,822162;3,013474;4,576466
0,8111119;2,0745703228;0,001311751;(-1.823375000, 3.013342000, 4.575982000);(-0.107953800, 1.674960000, 0.067495250);2,053122;0,07234538;;;-1,823375;3,013342;4,575982
0,8222231;2,0827327988;0,008162476;(-1.820413000, 3.020758000, 4.577671000);(-0.107703600, 1.674986000, 0.067516650);2,060256;0,07537382;;;-1,820413;3,020758;4,577671
0,8333342;2,0866778818;0,003945083;(-1.818862000, 3.024283000, 4.578529000);(-0.107422500, 1.674855000, 0.067443330);2,063772;0,07722814;;;-1,818862;3,024283;4,578529
0,8444453;2,0813286448;0,005349237;(-1.822568000, 3.020819000, 4.576832000);(-0.107201900, 1.674803000, 0.067495070);2,058435;0,07306114;;;-1,822568;3,020819;4,576832
0,8555565;2,0748882418;0,006440403;(-1.826141000, 3.015758000, 4.575072000);(-0.107032000, 1.674834000, 0.067477610);2,052225;0,06924733;;;-1,826141;3,015758;4,575072
0,8666676;2,0659805058;0,008907736;(-1.833908000, 3.012846000, 4.571826000);(-0.106861700, 1.674814000, 0.067476620);2,043729;0,06114487;;;-1,833908;3,012846;4,571826
0,8777788;2,0595305828;0,006449923;(-1.839421000, 3.015559000, 4.569862000);(-0.106710300, 1.674774000, 0.067510510);2,040665;0,05503992;;;-1,839421;3,015559;4,569862
0,8888899;2,0520210168;0,007509566;(-1.839082000, 3.008068000, 4.569460000);(-0.106506100, 1.674831000, 0.067484160);2,036313;0,05636563;;;-1,839082;3,008068;4,56946
0,900001;2,0451819828;0,006839034;(-1.837880000, 3.001335000, 4.569449000);(-0.106376800, 1.674824000, 0.067483480);2,033193;0,05927334;;;-1,83788;3,001335;4,569449
0,9111122;2,0392422508;0,005939732;(-1.843230000, 3.002996000, 4.567475000);(-0.106208400, 1.674802000, 0.067538340);2,029601;0,05334001;;;-1,84323;3,002996;4,567475
0,9222233;2,0445952348;0,005352984;(-1.845542000, 3.007791000, 4.566913000);(-0.106110800, 1.674769000, 0.067549070);2,030579;0,04968393;;;-1,845542;3,007791;4,566913
0,9333345;2,0494044358;0,004809201;(-1.841987000, 3.004772000, 4.568088000);(-0.106056600, 1.674785000, 0.067497070);2,031771;0,05410474;;;-1,841987;3,004772;4,568088
0,9444456;2,0473782398;0,002026196;(-1.842916000, 3.003039000, 4.567601000);(-0.105968100, 1.674754000, 0.067514110);2,029898;0,0536455;;;-1,842916;3,003039;4,567601
0,9555568;2,0387584118;0,008619828;(-1.850760000, 3.001418000, 4.564416000);(-0.105927100, 1.674748000, 0.067588080);2,022135;0,04636221;;;-1,85076;3,001418;4,564416
0,9666679;2,0314345828;0,007323829;(-1.857275000, 2.999431000, 4.561725000);(-0.105869000, 1.674733000, 0.067596040);2,015295;0,04102279;;;-1,857275;2,999431;4,561725
0,977779;2,0197578128;0,01167677;(-1.868092000, 3.000961000, 4.557602000);(-0.105842600, 1.674663000, 0.067590800);2,006956;0,03064381;;;-1,868092;3,000961;4,557602
0,9888902;2,0078816628;0,01187615;(-1.879123000, 3.000355000, 4.553243000);(-0.105827200, 1.674623000, 0.067602600);1,997128;0,02329281;;;-1,879123;3,000355;4,553243
1,000001;1,9981736378;0,009708025;(-1.888149000, 3.000000000, 4.549686000);(-0.105908400, 1.674550000, 0.067553660);1,989192;0,02054663;;;-1,888149;3;4,549686
1,011112;1,9898369338;0,008336704;(-1.895913000, 3.000403000, 4.546677000);(-0.105976200, 1.674524000, 0.067526010);1,982824;0,02098168;;;-1,895913;3,000403;4,546677
1,022224;1,9789081238;0,01092881;(-1.904341000, 3.006752000, 4.543833000);(-0.106036000, 1.674481000, 0.067517360);1,979676;0,02038143;;;-1,904341;3,006752;4,543833
1,033335;1,9737887728;0,005119351;(-1.908884000, 3.005323000, 4.541954000);(-0.106061100, 1.674507000, 0.067655470);1,974916;0,02508699;;;-1,908884;3,005323;4,541954
1,044446;1,9865581928;0,01276942;(-1.898935000, 2.998065000, 4.545328000);(-0.106130800, 1.674472000, 0.067674900);1,978775;0,02432615;;;-1,898935;2,998065;4,545328
1,055557;1,9929299178;0,006371725;(-1.893002000, 2.998079000, 4.547650000);(-0.106059800, 1.674399000, 0.067694360);1,983842;0,02258753;;;-1,893002;2,998079;4,54765
1,066668;2,0022302718;0,009300354;(-1.888200000, 3.005667000, 4.550071000);(-0.106137400, 1.674343000, 0.067629870);1,992716;0,01492109;;;-1,8882;3,005667;4,550071
1,077779;2,0073733218;0,00514305;(-1.883480000, 3.004654000, 4.551845000);(-0.106192600, 1.674272000, 0.067594550);1,996103;0,01735301;;;-1,88348;3,004654;4,551845
1,08889;1,9950619218;0,0123114;(-1.879925000, 2.992880000, 4.552395000);(-0.106411600, 1.674136000, 0.067649950);1,991767;0,02959327;;;-1,879925;2,99288;4,552395
1,100002;1,9899285278;0,005133394;(-1.884698000, 2.992695000, 4.550515000);(-0.106493700, 1.674036000, 0.067598480);1,987562;0,02832202;;;-1,884698;2,992695;4,550515
1,111113;1,9858680368;0,004060491;(-1.888309000, 2.994002000, 4.549195000);(-0.106616600, 1.673960000, 0.067513610);1,98529;0,02650981;;;-1,888309;2,994002;4,549195
1,122224;1,9897861788;0,003918142;(-1.885540000, 2.991378000, 4.550091000);(-0.106722300, 1.673906000, 0.067464700);1,986017;0,02945326;;;-1,88554;2,991378;4,550091
1,133335;1,9890657773;0,0007204015;(-1.886106000, 2.991781000, 4.549899000);(-0.106766900, 1.673838000, 0.067389810);1,985784;0,02896529;;;-1,886106;2,991781;4,549899
1,144446;1,9913343963;0,002268619;(-1.884843000, 2.993560000, 4.550520000);(-0.106858500, 1.673867000, 0.067344690);1,987979;0,02744615;;;-1,884843;2,99356;4,55052
1,155557;2,0045094763;0,01317508;(-1.873506000, 2.998280000, 4.555293000);(-0.107038000, 1.673996000, 0.067209440);2,000641;0,02841117;;;-1,873506;2,99828;4,555293
