time;total distance traveled;distance to prev position;ray position;hmd position;distance to prev target;distance to current target
(4.559484000, 1.461421000, 2.082314000);(3.414582000, 1.569114000, 3.718651000);0,2444444;0,4

0;-0,006837127;0,006837127;(4.564044000, 1.435107000, 2.074472000);(-0.008209363, 1.666517000, 0.097194570);0,02783326;2,010608;;;4,564044;1,435107;2,074472
0,01111111;0,006411743;0,01324887;(4.571001000, 1.430219000, 2.064312000);(-0.008017167, 1.666516000, 0.097292830);0,03781857;2,023224;;;4,571001;1,430219;2,064312
0,02222222;0,015596651;0,009184908;(4.576183000, 1.432375000, 2.057041000);(-0.007893652, 1.666454000, 0.097420590);0,04196687;2,031985;;;4,576183;1,432375;2,057041
0,03333334;0,023963954;0,008367303;(4.580993000, 1.432511000, 2.050196000);(-0.007772416, 1.666375000, 0.097490440);0,04826976;2,040323;;;4,580993;1,432511;2,050196
0,04444445;0,020393372;0,003570582;(4.579188000, 1.430677000, 2.052672000);(-0.007668674, 1.666313000, 0.097513270);0,04703268;2,03739;;;4,579188;1,430677;2,052672
0,05555556;0,026119356;0,005725984;(4.578231000, 1.425136000, 2.053752000);(-0.007496729, 1.666308000, 0.097494920);0,04983779;2,036344;;;4,578231;1,425136;2,053752
0,06666667;0,035291273;0,009171917;(4.575830000, 1.416805000, 2.056746000);(-0.007338807, 1.666342000, 0.097594810);0,05395815;2,033132;;;4,57583;1,416805;2,056746
0,07777778;0,042942832;0,007651559;(4.571945000, 1.412934000, 2.062081000);(-0.007338807, 1.666342000, 0.097594810);0,05399629;2,026846;;;4,571945;1,412934;2,062081
0,08888889;0,042942832;0;(4.571945000, 1.412934000, 2.062081000);(-0.007194221, 1.666354000, 0.097628130);0,05399629;2,026846;;;4,571945;1,412934;2,062081
0,1;0,026829962;0,01611287;(4.563197000, 1.417602000, 2.074782000);(-0.006834298, 1.666464000, 0.097837020);0,04461649;2,011114;;;4,563197;1,417602;2,074782
0,1111111;0,001479212;0,02535075;(4.550772000, 1.429941000, 2.093112000);(-0.006717578, 1.666432000, 0.097844680);0,03440224;1,988133;;;4,550772;1,429941;2,093112
0,1222222;0,008775189;0,007295977;(4.547186000, 1.433463000, 2.098401000);(-0.006485969, 1.666370000, 0.097827990);0,03452031;1,981516;;;4,547186;1,433463;2,098401
0,1333333;0,001765567;0,007009622;(4.547478000, 1.440467000, 2.098343000);(-0.006370202, 1.666399000, 0.097860470);0,02898557;1,981263;;;4,547478;1,440467;2,098343
0,1444445;-0,004261100;0,006026667;(4.546277000, 1.446025000, 2.100338000);(-0.006262824, 1.666370000, 0.097844440);0,02713564;1,97859;;;4,546277;1,446025;2,100338
0,1555556;-0,014677160;0,01041606;(4.551423000, 1.451724000, 2.093300000);(-0.006108135, 1.666420000, 0.097858500);0,0167246;1,986946;;;4,551423;1,451724;2,0933
0,1666667;-0,021023669;0,006346509;(4.555071000, 1.452173000, 2.088127000);(-0.006108135, 1.666420000, 0.097858500);0,01178094;1,993239;;;4,555071;1,452173;2,088127
0,1777778;-0,021023669;0;(4.555071000, 1.452173000, 2.088127000);(-0.005732148, 1.666436000, 0.097941800);0,01178094;1,993239;;;4,555071;1,452173;2,088127
0,1888889;-0,008906319;0,01211735;(4.559905000, 1.443808000, 2.080812000);(-0.005568429, 1.666561000, 0.098183650);0,01768171;2,002494;;;4,559905;1,443808;2,080812
0,2;-0,015381498;0,006475179;(4.556226000, 1.444538000, 2.086091000);(-0.005395755, 1.666595000, 0.098287950);0,01760459;1,996027;;;4,556226;1,444538;2,086091
0,2111111;-0,002031708;0,01334979;(4.549046000, 1.448734000, 2.096533000);(-0.005395755, 1.666595000, 0.098287950);0,02172807;1,98312;;;4,549046;1,448734;2,096533
0,2222222;-0,002031708;0;(4.549046000, 1.448734000, 2.096533000);(-0.004894658, 1.666712000, 0.098505390);0,02172807;1,98312;;;4,549046;1,448734;2,096533
0,2333333;0,048952112;0,05098382;(4.522855000, 1.469718000, 2.134914000);(-0.004642963, 1.666737000, 0.098469420);0,06463233;1,935555;;;4,522855;1,469718;2,134914
0,3666667;0,784462912;0,7355108;(4.100997000, 1.492536000, 2.736987000);(0.000965842, 1.665034000, 0.093127200);0,7998595;1,200289;;;4,100997;1,492536;2,736987
0,3777778;0,784462912;0;(4.100997000, 1.492536000, 2.736987000);(0.001889372, 1.665008000, 0.091714810);0,7998595;1,200289;;;4,100997;1,492536;2,736987
0,3888889;1,006558812;0,2220959;(3.974957000, 1.447459000, 2.914212000);(0.002329999, 1.665047000, 0.091084640);1,016819;0,9878985;;;3,974957;1,447459;2,914212
0,4;1,126125112;0,1195663;(3.906229000, 1.438743000, 3.011662000);(0.002738291, 1.665100000, 0.090532910);1,136197;0,8709462;;;3,906229;1,438743;3,011662
0,4111111;1,222135152;0,09601004;(3.851568000, 1.448303000, 3.090012000);(0.003054956, 1.665165000, 0.090051240);1,231573;0,7750738;;;3,851568;1,448303;3,090012
0,4222222;1,290677102;0,06854195;(3.813463000, 1.463049000, 3.145044000);(0.003307009, 1.665308000, 0.089613150);1,29844;0,7066688;;;3,813463;1,463049;3,145044
0,4333333;1,339357892;0,04868079;(3.787946000, 1.481190000, 3.182322000);(0.003564203, 1.665416000, 0.089225780);1,343756;0,6593789;;;3,787946;1,48119;3,182322
0,4444444;1,393619472;0,05426158;(3.758205000, 1.495429000, 3.225415000);(0.003723824, 1.665582000, 0.088939910);1,396383;0,6056303;;;3,758205;1,495429;3,225415
0,4555556;1,443652032;0,05003256;(3.730607000, 1.507559000, 3.265346000);(0.003754461, 1.665654000, 0.088745840);1,445244;0,5560093;;;3,730607;1,507559;3,265346
0,4666667;1,505961522;0,06230949;(3.694790000, 1.503085000, 3.316136000);(0.003730559, 1.665735000, 0.088623950);1,507232;0,4948686;;;3,69479;1,503085;3,316136
0,4777778;1,572676502;0,06671498;(3.657213000, 1.486899000, 3.368832000);(0.003698373, 1.665740000, 0.088498240);1,571582;0,4335925;;;3,657213;1,486899;3,368832
0,4888889;1,636589232;0,06391273;(3.621762000, 1.467469000, 3.418334000);(0.003502929, 1.665706000, 0.088387790);1,632272;0,3787417;;;3,621762;1,467469;3,418334
0,5;1,699942082;0,06335285;(3.585787000, 1.454843000, 3.468931000);(0.003322461, 1.665663000, 0.088342700);1,694354;0,3236188;;;3,585787;1,454843;3,468931
0,5111111;1,762753862;0,06281178;(3.550309000, 1.440469000, 3.518730000);(0.003216499, 1.665644000, 0.088234370);1,75561;0,2737508;;;3,550309;1,440469;3,51873
0,5222223;1,824042452;0,06128859;(3.515144000, 1.433742000, 3.568475000);(0.002991477, 1.665565000, 0.088327060);1,816614;0,2258126;;;3,515144;1,433742;3,568475
0,5333334;1,871888902;0,04784645;(3.487677000, 1.428890000, 3.607350000);(0.002691248, 1.665471000, 0.088391190);1,864287;0,1933737;;;3,487677;1,42889;3,60735
0,5444446;1,919927732;0,04803883;(3.460057000, 1.425906000, 3.646541000);(0.002394521, 1.665380000, 0.088483580);1,912279;0,1666618;;;3,460057;1,425906;3,646541
0,5555557;1,957039952;0,03711222;(3.441902000, 1.444073000, 3.673331000);(0.002073073, 1.665291000, 0.088662330);1,944384;0,1357774;;;3,441902;1,444073;3,673331
0,5666668;1,995898052;0,0388581;(3.421760000, 1.459413000, 3.702808000);(0.001694807, 1.665268000, 0.088851010);1,980006;0,1110707;;;3,42176;1,459413;3,702808
0,577778;2,027285962;0,03138791;(3.407650000, 1.477937000, 3.723856000);(0.001075381, 1.665192000, 0.089273130);2,005407;0,09158814;;;3,40765;1,477937;3,723856
0,5888891;2,052254872;0,02496891;(3.393428000, 1.480338000, 3.744237000);(0.000588232, 1.665146000, 0.089565580);2,03028;0,09478018;;;3,393428;1,480338;3,744237
0,6000003;2,046014712;0,00624016;(3.393576000, 1.474122000, 3.743707000);(0.000085645, 1.665111000, 0.089878540);2,029712;0,100461;;;3,393576;1,474122;3,743707
0,6111114;2,066351582;0,02033687;(3.382851000, 1.481442000, 3.759359000);(-0.000522650, 1.665128000, 0.090258070);2,048743;0,1017363;;;3,382851;1,481442;3,759359
0,6222225;2,093630582;0,027279;(3.368265000, 1.490408000, 3.780596000);(-0.001036114, 1.665103000, 0.090636260);2,07461;0,1103491;;;3,368265;1,490408;3,780596
0,6333337;2,115159382;0,0215288;(3.355896000, 1.488572000, 3.798120000);(-0.001600228, 1.665138000, 0.091075700);2,096033;0,1274614;;;3,355896;1,488572;3,79812
0,6444448;2,127957742;0,01279836;(3.349408000, 1.482064000, 3.807028000);(-0.002135164, 1.665195000, 0.091520730);2,106977;0,140128;;;3,349408;1,482064;3,807028
0,655556;2,120193440;0,007764302;(3.349845000, 1.474379000, 3.806012000);(-0.002643786, 1.665345000, 0.092010330);2,105832;0,1442132;;;3,349845;1,474379;3,806012
0,6666671;2,123350818;0,003157378;(3.348249000, 1.475767000, 3.808356000);(-0.003162734, 1.665441000, 0.092528410);2,108676;0,1454664;;;3,348249;1,475767;3,808356
0,6777782;2,105503238;0,01784758;(3.356446000, 1.487093000, 3.797261000);(-0.003726445, 1.665504000, 0.092922930);2,094995;0,1276197;;;3,356446;1,487093;3,797261
0,6888894;2,088953918;0,01654932;(3.365810000, 1.490720000, 3.784107000);(-0.004221387, 1.665473000, 0.093330270);2,078898;0,1131758;;;3,36581;1,49072;3,784107
0,7000005;2,065135498;0,02381842;(3.379507000, 1.492026000, 3.764665000);(-0.004728876, 1.665494000, 0.093650470);2,055137;0,09638494;;;3,379507;1,492026;3,764665
0,7111117;2,034754718;0,03038078;(3.396471000, 1.485995000, 3.740193000);(-0.004962071, 1.665423000, 0.093883650);2,025282;0,0877538;;;3,396471;1,485995;3,740193
0,7222228;2,021126668;0,01362805;(3.404109000, 1.489594000, 3.729496000);(-0.005282521, 1.665408000, 0.094239670);2,012186;0,0809366;;;3,404109;1,489594;3,729496
0,7333339;2,011201991;0,009924677;(3.406760000, 1.498564000, 3.726179000);(-0.005526691, 1.665397000, 0.094408500);2,008095;0,07137994;;;3,40676;1,498564;3,726179
0,7444451;2,003795480;0,007406511;(3.407542000, 1.505892000, 3.725441000);(-0.005833506, 1.665245000, 0.094585490);2,007191;0,06397364;;;3,407542;1,505892;3,725441
0,7555562;2,020099930;0,01630445;(3.399606000, 1.513988000, 3.737160000);(-0.006159857, 1.665201000, 0.094842180);2,021533;0,06004756;;;3,399606;1,513988;3,73716
0,7666674;2,031308460;0,01120853;(3.394206000, 1.519706000, 3.745145000);(-0.006356016, 1.665165000, 0.094989460);2,031325;0,0596511;;;3,394206;1,519706;3,745145
0,7777785;2,053033870;0,02172541;(3.382776000, 1.527639000, 3.761832000);(-0.006558165, 1.665114000, 0.095167060);2,051781;0,06779634;;;3,382776;1,527639;3,761832
0,7888896;2,066217260;0,01318339;(3.376258000, 1.533889000, 3.771436000);(-0.006659374, 1.665104000, 0.095239300);2,063592;0,07413335;;;3,376258;1,533889;3,771436
0,8000008;2,058424701;0,007792559;(3.377417000, 1.541491000, 3.770176000);(-0.006770283, 1.665141000, 0.095353140);2,062176;0,06927487;;;3,377417;1,541491;3,770176
0,8111119;2,051673756;0,006750945;(3.380483000, 1.545851000, 3.766032000);(-0.006842688, 1.665212000, 0.095517890);2,057202;0,06283987;;;3,380483;1,545851;3,766032
0,8222231;2,027785516;0,02388824;(3.394217000, 1.547361000, 3.746545000);(-0.006786689, 1.665261000, 0.095646900);2,033445;0,04081617;;;3,394217;1,547361;3,746545
0,8333342;2,005141726;0,02264379;(3.406998000, 1.552628000, 3.728610000);(-0.006719604, 1.665320000, 0.095727880);2,011675;0,02069996;;;3,406998;1,552628;3,72861
0,8444453;1,990382156;0,01475957;(3.415463000, 1.554319000, 3.716639000);(-0.006634966, 1.665310000, 0.095715750);1,997106;0,01495721;;;3,415463;1,554319;3,716639
0,8555565;1,974596596;0,01578556;(3.422960000, 1.545972000, 3.705533000);(-0.006546229, 1.665344000, 0.095723820);1,98335;0,02788872;;;3,42296;1,545972;3,705533
0,8666676;1,965669310;0,008927286;(3.426584000, 1.539921000, 3.700061000);(-0.006414220, 1.665322000, 0.095671910);1,976545;0,03663104;;;3,426584;1,539921;3,700061
0,8777788;1,960241760;0,00542755;(3.428578000, 1.535897000, 3.697014000);(-0.006319985, 1.665376000, 0.095662550);1,972752;0,0420407;;;3,428578;1,535897;3,697014
0,8888899;1,978171260;0,0179295;(3.418472000, 1.538708000, 3.711554000);(-0.006077319, 1.665401000, 0.095488680);1,990554;0,03146427;;;3,418472;1,538708;3,711554
0,900001;1,990766930;0,01259567;(3.411232000, 1.538623000, 3.721861000);(-0.005880058, 1.665378000, 0.095417010);2,003137;0,03084125;;;3,411232;1,538623;3,721861
0,9111122;2,004920290;0,01415336;(3.403100000, 1.538621000, 3.733445000);(-0.005677968, 1.665338000, 0.095431040);2,01728;0,03578361;;;3,4031;1,538621;3,733445
0,9222233;2,015825450;0,01090516;(3.397189000, 1.541828000, 3.742030000);(-0.005449786, 1.665352000, 0.095385860);2,02782;0,03991993;;;3,397189;1,541828;3,74203
0,9333345;2,009184413;0,006641037;(3.399835000, 1.546803000, 3.738515000);(-0.005281075, 1.665358000, 0.095395400);2,02363;0,03331422;;;3,399835;1,546803;3,738515
0,9444456;1,997401203;0,01178321;(3.405312000, 1.554130000, 3.731088000);(-0.005072668, 1.665335000, 0.095352010);2,014737;0,02156693;;;3,405312;1,55413;3,731088
0,9555568;1,987874838;0,009526365;(3.408490000, 1.562110000, 3.726970000);(-0.004858076, 1.665314000, 0.095302420);2,00993;0,01246443;;;3,40849;1,56211;3,72697
0,9666679;1,980501204;0,007373634;(3.410593000, 1.568659000, 3.724311000);(-0.004623964, 1.665323000, 0.095300390);2,00689;0,006939665;;;3,410593;1,568659;3,724311
0,977779;1,975847719;0,004653485;(3.412787000, 1.571478000, 3.721329000);(-0.004675745, 1.665349000, 0.095458850);2,003347;0,003998068;;;3,412787;1,571478;3,721329
0,9888902;1,973826378;0,002021341;(3.413921000, 1.572008000, 3.719742000);(-0.004550665, 1.665376000, 0.095436470);2,001429;0,003162809;;;3,413921;1,572008;3,719742
1,000001;1,971410037;0,002416341;(3.415246000, 1.571380000, 3.717822000);(-0.004385218, 1.665441000, 0.095398350);1,999064;0,002503284;;;3,415246;1,57138;3,717822
1,011112;1,964921491;0,006488546;(3.416722000, 1.565536000, 3.715420000);(-0.004230380, 1.665504000, 0.095352930);1,995942;0,005274223;;;3,416722;1,565536;3,71542
1,022224;1,971949170;0,007027679;(3.415122000, 1.558974000, 3.717363000);(-0.004114583, 1.665524000, 0.095302480);1,998116;0,01023558;;;3,415122;1,558974;3,717363
