time;total distance traveled;distance to prev position;ray position;hmd position;distance to prev target;distance to current target
(1.623754000, 2.476991000, 4.028391000);(3.296339000, 1.412256000, 3.766092000);0,2555556;0,04444445

0;-0,0144897;0,0144897;(1.630001000, 2.503736000, 4.028889000);(-0.033512250, 1.693138000, 0.085736320);0,02746897;2,009247;;;1,630001;2,503736;4,028889
0,01111111;-0,022785755;0,008296055;(1.622036000, 2.501597000, 4.029791000);(-0.033512250, 1.693138000, 0.085736320);0,02470559;2,014818;;;1,622036;2,501597;4,029791
0,02222222;-0,022785755;0;(1.622036000, 2.501597000, 4.029791000);(-0.032922890, 1.693168000, 0.085857350);0,02470559;2,014818;;;1,622036;2,501597;4,029791
0,03333334;-0,006133075;0,01665268;(1.610338000, 2.513273000, 4.031829000);(-0.032920650, 1.693077000, 0.085843160);0,03883496;2,031121;;;1,610338;2,513273;4,031829
0,04444445;0,014882885;0,02101596;(1.594223000, 2.526495000, 4.034499000);(-0.032895110, 1.693133000, 0.085896330);0,05796593;2,052016;;;1,594223;2,526495;4,034499
0,05555556;0,025830555;0,01094767;(1.584048000, 2.530262000, 4.035964000);(-0.032884610, 1.693149000, 0.085936680);0,06687018;2,062694;;;1,584048;2,530262;4,035964
0,06666667;0,019463853;0,006366702;(1.588464000, 2.525741000, 4.035190000);(-0.032919790, 1.693194000, 0.086019950);0,06056506;2,056477;;;1,588464;2,525741;4,03519
0,07777778;-0,001330097;0,02079395;(1.608214000, 2.519857000, 4.032414000);(-0.032953620, 1.693184000, 0.086056900);0,04577321;2,036534;;;1,608214;2,519857;4,032414
0,08888889;0,014606003;0,0159361;(1.620750000, 2.529633000, 4.031301000);(-0.033026650, 1.693107000, 0.086059050);0,05280774;2,03137;;;1,62075;2,529633;4,031301
0,1;0,038223853;0,02361785;(1.624856000, 2.552884000, 4.031902000);(-0.033096280, 1.693124000, 0.086045700);0,07598158;2,040966;;;1,624856;2,552884;4,031902
0,1111111;0,049503663;0,01127981;(1.621698000, 2.563674000, 4.032819000);(-0.033144110, 1.693095000, 0.086035500);0,08681989;2,049713;;;1,621698;2,563674;4,032819
0,1222222;0,046337202;0,003166461;(1.619766000, 2.561168000, 4.032943000);(-0.032956690, 1.693128000, 0.085761260);0,08439449;2,049903;;;1,619766;2,561168;4,032943
0,1333333;0,040035038;0,006302164;(1.617208000, 2.555409000, 4.032988000);(-0.033011630, 1.693113000, 0.085761410);0,07882439;2,048782;;;1,617208;2,555409;4,032988
0,1444445;0,021831408;0,01820363;(1.603105000, 2.543966000, 4.034218000);(-0.033029450, 1.693061000, 0.085701000);0,07032745;2,054191;;;1,603105;2,543966;4,034218
0,1555556;0,003851738;0,01797967;(1.591430000, 2.530316000, 4.035035000);(-0.033062080, 1.693064000, 0.085721390);0,06270968;2,056478;;;1,59143;2,530316;4,035035
0,1666667;-0,005861433;0,009713171;(1.592207000, 2.520650000, 4.034472000);(-0.033221050, 1.693283000, 0.085926520);0,05420638;2,05052;;;1,592207;2,52065;4,034472
0,1777778;-0,010192514;0,004331081;(1.593318000, 2.516478000, 4.034132000);(-0.033179740, 1.693245000, 0.085983590);0,05018472;2,047298;;;1,593318;2,516478;4,034132
0,1888889;-0,017249670;0,007057156;(1.600304000, 2.516993000, 4.033275000);(-0.033133950, 1.693159000, 0.086120110);0,04662465;2,041656;;;1,600304;2,516993;4,033275
0,2;-0,003364400;0,01388527;(1.612864000, 2.522767000, 4.031967000);(-0.032959640, 1.692931000, 0.086217750);0,047189;2,03421;;;1,612864;2,522767;4,031967
0,2111111;0,007869230;0,01123363;(1.623819000, 2.524901000, 4.030687000);(-0.032575560, 1.692678000, 0.086165920);0,04796522;2,026157;;;1,623819;2,524901;4,030687
0,2222222;0,023218790;0,01534956;(1.639008000, 2.523880000, 4.028721000);(-0.032465330, 1.692364000, 0.086399570);0,04930841;2,012816;;;1,639008;2,52388;4,028721
0,2333333;0,044215980;0,02099719;(1.657591000, 2.514514000, 4.025925000);(-0.032129820, 1.692009000, 0.086523010);0,05058646;1,991979;;;1,657591;2,514514;4,025925
0,2444444;0,078257190;0,03404121;(1.687395000, 2.498699000, 4.021403000);(-0.031662000, 1.691578000, 0.086643650);0,06760322;1,958122;;;1,687395;2,498699;4,021403
0,2555556;0,124135090;0,0458779;(1.724251000, 2.472032000, 4.015469000);(-0.031198350, 1.691105000, 0.086790760);0,101446;1,912269;;;1,724251;2,472032;4,015469
0,2666667;0,171094900;0,04695981;(1.753783000, 2.435931000, 4.010005000);(-0.030610290, 1.690590000, 0.086954490);0,1375918;1,867319;;;1,753783;2,435931;4,010005
0,2777778;0,230782420;0,05968752;(1.788978000, 2.388197000, 4.003268000);(-0.030048310, 1.690166000, 0.087114050);0,1892472;1,811312;;;1,788978;2,388197;4,003268
0,2888889;0,285328390;0,05454597;(1.827301000, 2.349960000, 3.996593000);(-0.029098510, 1.689646000, 0.087074350);0,2420315;1,75798;;;1,827301;2,34996;3,996593
0,3;0,357912500;0,07258411;(1.882840000, 2.304146000, 3.987380000);(-0.028924400, 1.689311000, 0.087587310);0,3141384;1,685946;;;1,88284;2,304146;3,98738
0,3111111;0,437712880;0,07980038;(1.946126000, 2.256633000, 3.977108000);(-0.028402790, 1.688818000, 0.087832350);0,3938418;1,606417;;;1,946126;2,256633;3,977108
0,3222222;0,506966270;0,06925339;(2.000569000, 2.214763000, 3.968223000);(-0.027894750, 1.688289000, 0.088195760);0,4630044;1,537496;;;2,000569;2,214763;3,968223
0,3333333;0,568492150;0,06152588;(2.052995000, 2.183601000, 3.960108000);(-0.027449800, 1.687772000, 0.088496790);0,5243931;1,475981;;;2,052995;2,183601;3,960108
0,3444445;0,640375060;0,07188291;(2.114915000, 2.148350000, 3.950598000);(-0.027052490, 1.687364000, 0.088747100);0,5960669;1,404151;;;2,114915;2,14835;3,950598
0,3555556;0,714286680;0,07391162;(2.178754000, 2.112410000, 3.940812000);(-0.026636510, 1.686922000, 0.089051440);0,6697872;1,330315;;;2,178754;2,11241;3,940812
0,3666667;0,804336280;0,0900496;(2.260443000, 2.076479000, 3.928774000);(-0.026275090, 1.686324000, 0.089432790);0,7587529;1,241265;;;2,260443;2,076479;3,928774
0,3777778;0,890936250;0,08659997;(2.339775000, 2.043743000, 3.917188000);(-0.025877070, 1.685813000, 0.089593600);0,8442492;1,156122;;;2,339775;2,043743;3,917188
0,3888889;0,963258010;0,07232176;(2.404644000, 2.013259000, 3.907534000);(-0.025339900, 1.685290000, 0.089767290);0,9162114;1,084587;;;2,404644;2,013259;3,907534
0,4;1,025089770;0,06183176;(2.454683000, 1.977834000, 3.899516000);(-0.024959550, 1.684738000, 0.090081770);0,9778603;1,022772;;;2,454683;1,977834;3,899516
0,4111111;1,089387410;0,06429764;(2.503766000, 1.937107000, 3.891362000);(-0.024661390, 1.684127000, 0.090346170);1,041476;0,9588187;;;2,503766;1,937107;3,891362
0,4222222;1,156580520;0,06719311;(2.557630000, 1.897888000, 3.882678000);(-0.024342940, 1.683595000, 0.090578900);1,108475;0,8916957;;;2,55763;1,897888;3,882678
0,4333333;1,228538770;0,07195825;(2.613410000, 1.853365000, 3.873497000);(-0.024013380, 1.683080000, 0.090821790);1,179966;0,8200638;;;2,61341;1,853365;3,873497
0,4444444;1,297791890;0,06925312;(2.666443000, 1.809706000, 3.864704000);(-0.023603260, 1.682588000, 0.091103090);1,248705;0,7513047;;;2,666443;1,809706;3,864704
0,4555556;1,362063060;0,06427117;(2.715546000, 1.769046000, 3.856552000);(-0.023213130, 1.682125000, 0.091360640);1,312526;0,6876059;;;2,715546;1,769046;3,856552
0,4666667;1,436834000;0,07477094;(2.778971000, 1.730694000, 3.846702000);(-0.022783940, 1.681684000, 0.091545770);1,387263;0,612837;;;2,778971;1,730694;3,846702
0,4777778;1,514518420;0,07768442;(2.853519000, 1.711439000, 3.836368000);(-0.022449700, 1.681313000, 0.091883310);1,461254;0,5390161;;;2,853519;1,711439;3,836368
0,4888889;1,585328090;0,07080967;(2.922443000, 1.698162000, 3.827030000);(-0.022028220, 1.680983000, 0.092153560);1,52765;0,4746088;;;2,922443;1,698162;3,82703
0,5;1,651563570;0,06623548;(2.985079000, 1.678526000, 3.818181000);(-0.021424000, 1.680672000, 0.092374750);1,59215;0,4129107;;;2,985079;1,678526;3,818181
0,5111111;1,713556150;0,06199258;(3.041644000, 1.654552000, 3.809889000);(-0.021424000, 1.680672000, 0.092374750);1,653651;0,3542524;;;3,041644;1,654552;3,809889
0,5222223;1,713556150;0;(3.041644000, 1.654552000, 3.809889000);(-0.020970740, 1.680403000, 0.092614720);1,653651;0,3542524;;;3,041644;1,654552;3,809889
0,5333334;1,773247350;0,0596912;(3.094419000, 1.627819000, 3.801943000);(-0.020329320, 1.680177000, 0.092911310);1,713251;0,2975299;;;3,094419;1,627819;3,801943
0,5444446;1,837663890;0,06441654;(3.148198000, 1.593381000, 3.793499000);(-0.019826110, 1.679973000, 0.093129580);1,777603;0,2355902;;;3,148198;1,593381;3,793499
0,5555557;1,895121210;0,05745732;(3.199683000, 1.569053000, 3.785831000);(-0.019325040, 1.679842000, 0.093372920);1,834868;0,1852484;;;3,199683;1,569053;3,785831
0,5666668;1,940718470;0,04559726;(3.242912000, 1.555889000, 3.779742000);(-0.018978810, 1.679762000, 0.093751560);1,879343;0,153854;;;3,242912;1,555889;3,779742
0,577778;1,976526490;0,03580802;(3.277421000, 1.547597000, 3.774988000);(-0.018525360, 1.679710000, 0.094017820);1,913792;0,1369452;;;3,277421;1,547597;3,774988
0,5888891;2,010623190;0,0340967;(3.309437000, 1.536792000, 3.770427000);(-0.018189730, 1.679596000, 0.094182830);1,947318;0,1252974;;;3,309437;1,536792;3,770427
0,6000003;2,048036880;0,03741369;(3.342190000, 1.519404000, 3.765458000);(-0.017744810, 1.679429000, 0.094420810);1,984724;0,1165475;;;3,34219;1,519404;3,765458
0,6111114;2,072143530;0,02410665;(3.362246000, 1.506406000, 3.762301000);(-0.017307490, 1.679292000, 0.094604810);2,008779;0,1149879;;;3,362246;1,506406;3,762301
0,6222225;2,089999000;0,01785547;(3.373962000, 1.493100000, 3.760183000);(-0.016995660, 1.679106000, 0.094872370);2,025637;0,1122322;;;3,373962;1,4931;3,760183
0,6333337;2,112915670;0,02291667;(3.392631000, 1.480147000, 3.757204000);(-0.016586960, 1.679079000, 0.095095590);2,048455;0,1181531;;;3,392631;1,480147;3,757204
0,6444448;2,119107343;0,006191673;(3.398031000, 1.477231000, 3.756382000);(-0.016267060, 1.678997000, 0.095246180);2,054645;0,1210671;;;3,398031;1,477231;3,756382
0,655556;2,127019041;0,007911698;(3.404928000, 1.473500000, 3.755332000);(-0.015949370, 1.678953000, 0.095404880);2,062556;0,1251326;;;3,404928;1,4735;3,755332
0,6666671;2,123002040;0,004017001;(3.401399000, 1.471614000, 3.755687000);(-0.015587850, 1.678874000, 0.095663030);2,060382;0,1211167;;;3,401399;1,471614;3,755687
0,6777782;2,117731216;0,005270824;(3.398625000, 1.467134000, 3.755822000);(-0.015292420, 1.678852000, 0.095811020);2,060164;0,1165313;;;3,398625;1,467134;3,755822
0,6888894;2,107435106;0,01029611;(3.389972000, 1.461616000, 3.756648000);(-0.014916720, 1.678807000, 0.096040440);2,055324;0,1062672;;;3,389972;1,461616;3,756648
0,7000005;2,113978991;0,006543885;(3.394783000, 1.457257000, 3.755831000);(-0.014714900, 1.678789000, 0.096216340);2,061721;0,1087275;;;3,394783;1,457257;3,755831
0,7111117;2,125109311;0,01113032;(3.405388000, 1.454218000, 3.754347000);(-0.014454170, 1.678849000, 0.096370830);2,072531;0,1174325;;;3,405388;1,454218;3,754347
0,7222228;2,136021381;0,01091207;(3.415807000, 1.451322000, 3.752892000);(-0.014176070, 1.678966000, 0.096565770);2,083111;0,1263844;;;3,415807;1,451322;3,752892
0,7333339;2,137588349;0,001566968;(3.415563000, 1.449774000, 3.752849000);(-0.013920530, 1.679020000, 0.096703510);2,083669;0,1256877;;;3,415563;1,449774;3,752849
0,7444451;2,131237033;0,006351316;(3.409406000, 1.448386000, 3.753559000);(-0.013677850, 1.679031000, 0.096775670);2,078969;0,1193594;;;3,409406;1,448386;3,753559
0,7555562;2,106388263;0,02484877;(3.386050000, 1.456190000, 3.756882000);(-0.013456260, 1.678927000, 0.096867400);2,054614;0,1003146;;;3,38605;1,45619;3,756882
0,7666674;2,092463913;0,01392435;(3.372956000, 1.460545000, 3.758744000);(-0.013199970, 1.678926000, 0.097012620);2,040975;0,09086177;;;3,372956;1,460545;3,758744
0,7777785;2,087280636;0,005183277;(3.368090000, 1.458838000, 3.759276000);(-0.012958530, 1.678935000, 0.097112190);2,037589;0,08581701;;;3,36809;1,458838;3,759276
0,7888896;2,082816940;0,004463696;(3.363896000, 1.460243000, 3.759873000);(-0.012728070, 1.678885000, 0.097168760);2,033217;0,08309829;;;3,363896;1,460243;3,759873
0,8000008;2,079873661;0,002943279;(3.361099000, 1.459381000, 3.760185000);(-0.012485360, 1.678801000, 0.097398710);2,031214;0,08030886;;;3,361099;1,459381;3,760185
0,8111119;2,078211258;0,001662403;(3.359483000, 1.459706000, 3.760404000);(-0.012275320, 1.678768000, 0.097504570);2,029641;0,07918993;;;3,359483;1,459706;3,760404
0,8222231;2,074020723;0,004190535;(3.356421000, 1.462518000, 3.760926000);(-0.012077230, 1.678859000, 0.097590580);2,025543;0,07850322;;;3,356421;1,462518;3,760926
0,8333342;2,067716239;0,006304484;(3.350166000, 1.462504000, 3.761715000);(-0.011921900, 1.678849000, 0.097686480);2,020098;0,07376534;;;3,350166;1,462504;3,761715
0,8444453;2,054372489;0,01334375;(3.337754000, 1.467068000, 3.763501000);(-0.011913400, 1.678913000, 0.097814570);2,006965;0,06874756;;;3,337754;1,467068;3,763501
0,8555565;2,043336299;0,01103619;(3.327665000, 1.462723000, 3.764565000);(-0.011758370, 1.678906000, 0.097914740);2,000415;0,05941827;;;3,327665;1,462723;3,764565
0,8666676;2,034115850;0,009220449;(3.321175000, 1.456193000, 3.765070000);(-0.011673060, 1.678838000, 0.098187130);1,99815;0,05048088;;;3,321175;1,456193;3,76507
0,8777788;2,022430900;0,01168495;(3.313813000, 1.447132000, 3.765563000);(-0.011612070, 1.678761000, 0.098286440);1,996494;0,03901221;;;3,313813;1,447132;3,765563
0,8888899;2,015664653;0,006766247;(3.307476000, 1.444865000, 3.766254000);(-0.011562780, 1.678652000, 0.098386120);1,992215;0,03445792;;;3,307476;1,444865;3,766254
0,900001;2,009571065;0,006093588;(3.302336000, 1.448039000, 3.767056000);(-0.011536150, 1.678539000, 0.098428230);1,986122;0,03629406;;;3,302336;1,448039;3,767056
0,9111122;2,006139386;0,003431679;(3.299537000, 1.446071000, 3.767314000);(-0.011507750, 1.678322000, 0.098486680);1,984743;0,03398754;;;3,299537;1,446071;3,767314
0,9222233;2,008340182;0,002200796;(3.298936000, 1.443954000, 3.767288000);(-0.011560950, 1.678240000, 0.098638190);1,98534;0,03182634;;;3,298936;1,443954;3,767288
0,9333345;2,006379876;0,001960306;(3.297029000, 1.443557000, 3.767510000);(-0.011559740, 1.678169000, 0.098741780);1,983909;0,03134036;;;3,297029;1,443557;3,76751
0,9444456;2,005560824;0,000819052;(3.296756000, 1.444326000, 3.767581000);(-0.011631890, 1.678123000, 0.098798170);1,983269;0,03210684;;;3,296756;1,444326;3,767581
0,9555568;2,010071527;0,004510703;(3.298955000, 1.440415000, 3.767116000);(-0.011639010, 1.678100000, 0.098933590);1,987223;0,02829872;;;3,298955;1,440415;3,767116
0,9666679;2,013873123;0,003801596;(3.297360000, 1.436965000, 3.767151000);(-0.011623860, 1.678141000, 0.099112050);1,987677;0,02475215;;;3,29736;1,436965;3,767151
0,977779;2,021635942;0,007762819;(3.301043000, 1.430177000, 3.766360000);(-0.011622160, 1.678096000, 0.099415380);1,994437;0,01852959;;;3,301043;1,430177;3,76636
0,9888902;2,031878112;0,01024217;(3.309125000, 1.424026000, 3.765044000);(-0.011579320, 1.678000000, 0.099503260);2,004636;0,01740978;;;3,309125;1,424026;3,765044
1,000001;2,039226026;0,007347914;(3.315822000, 1.421165000, 3.764061000);(-0.011627090, 1.677947000, 0.099588710);2,011898;0,02151893;;;3,315822;1,421165;3,764061
1,011112;2,042636066;0,00341004;(3.314836000, 1.417901000, 3.764029000);(-0.011668710, 1.677930000, 0.099711670);2,012788;0,01944847;;;3,314836;1,417901;3,764029
1,022224;2,045003351;0,002367285;(3.314175000, 1.415628000, 3.764003000);(-0.011697990, 1.677842000, 0.099908340);2,013434;0,01827166;;;3,314175;1,415628;3,764003
1,033335;2,042531920;0,002471431;(3.311943000, 1.414592000, 3.764235000);(-0.011771950, 1.677798000, 0.100006300);2,012077;0,01588697;;;3,311943;1,414592;3,764235
1,044446;2,038129684;0,004402236;(3.308715000, 1.417534000, 3.764784000);(-0.011960180, 1.677775000, 0.100232000);2,007743;0,01351839;;;3,308715;1,417534;3,764784
1,055557;2,035800196;0,002329488;(3.306507000, 1.418207000, 3.765095000);(-0.011999410, 1.677722000, 0.100341300);2,005494;0,01182338;;;3,306507;1,418207;3,765095
1,066668;2,043635952;0,007835756;(3.306605000, 1.410381000, 3.764706000);(-0.011934360, 1.677642000, 0.100281700);2,00977;0,01052799;;;3,306605;1,410381;3,764706
