time;total distance traveled;distance to prev position;ray position;hmd position;distance to prev target;distance to current target
(1.390225000, 2.577329000, 4.865721000);(2.917584000, 1.494015000, 4.163151000);0,1888889;0,2555556

0;-0,004896493;0,004896493;(1.381888000, 2.566242000, 4.868023000);(-0.062829070, 1.634918000, 0.172337500);0,01406109;2,001219;;;1,381888;2,566242;4,868023
0,01111111;-0,011600416;0,006703923;(1.387956000, 2.564914000, 4.865500000);(-0.062704670, 1.634902000, 0.172421200);0,01262244;1,994964;;;1,387956;2,564914;4,8655
0,02222222;-0,007324610;0,004275806;(1.391470000, 2.563044000, 4.863940000);(-0.062561180, 1.634873000, 0.172543400);0,01444901;1,990716;;;1,39147;2,563044;4,86394
0,03333334;-0,009914606;0,002589996;(1.392452000, 2.565434000, 4.863767000);(-0.062565470, 1.635024000, 0.172729800);0,01225779;1,991188;;;1,392452;2,565434;4,863767
0,04444445;-0,018036029;0,008121423;(1.389830000, 2.572928000, 4.865479000);(-0.062411210, 1.635035000, 0.172770300);0,004425183;1,997836;;;1,38983;2,572928;4,865479
0,05555556;-0,008872831;0,009163198;(1.388019000, 2.581781000, 4.866995000);(-0.062191600, 1.635042000, 0.172938900);0,00512973;2,004545;;;1,388019;2,581781;4,866995
0,06666667;-0,003366469;0,005506362;(1.389776000, 2.586995000, 4.866769000);(-0.062029470, 1.634998000, 0.172980500);0,00973345;2,005962;;;1,389776;2,586995;4,866769
0,07777778;0,000277796;0,003644265;(1.393023000, 2.588151000, 4.865587000);(-0.061865230, 1.634951000, 0.172975900);0,01117958;2,003706;;;1,393023;2,588151;4,865587
0,08888889;-0,012848364;0,01312616;(1.396700000, 2.575815000, 4.863019000);(-0.061698670, 1.634911000, 0.172982000);0,00717796;1,993288;;;1,3967;2,575815;4,863019
0,1;-0,004271155;0,008577209;(1.397520000, 2.567347000, 4.861931000);(-0.061562750, 1.634889000, 0.172989400);0,01293129;1,987695;;;1,39752;2,567347;4,861931
0,1111111;0,003070386;0,007341541;(1.400364000, 2.560800000, 4.860215000);(-0.061422160, 1.634866000, 0.173021600);0,02015751;1,981385;;;1,400364;2,5608;4,860215
0,1222222;0,008142175;0,005071789;(1.404708000, 2.558982000, 4.858331000);(-0.061267430, 1.634989000, 0.173014900);0,02451501;1,976417;;;1,404708;2,558982;4,858331
0,1333333;0,016377070;0,008234895;(1.411927000, 2.561979000, 4.855741000);(-0.061240010, 1.634963000, 0.172991100);0,02839429;1,971606;;;1,411927;2,561979;4,855741
0,1444445;0,025704200;0,00932713;(1.419934000, 2.565841000, 4.852917000);(-0.061085460, 1.635031000, 0.172970300);0,03433011;1,966607;;;1,419934;2,565841;4,852917
0,1555556;0,030862740;0,00515854;(1.423431000, 2.569483000, 4.851860000);(-0.060869980, 1.635136000, 0.172776800);0,0368285;1,965565;;;1,423431;2,569483;4,85186
0,1666667;0,036000125;0,005137385;(1.426905000, 2.573120000, 4.850812000);(-0.060810440, 1.635037000, 0.172640500);0,03981735;1,964553;;;1,426905;2,57312;4,850812
0,1777778;0,047105035;0,01110491;(1.435339000, 2.579804000, 4.848073000);(-0.060677310, 1.635092000, 0.172561000);0,04850653;1,960894;;;1,435339;2,579804;4,848073
0,1888889;0,056119545;0,00901451;(1.443287000, 2.582947000, 4.845208000);(-0.060558670, 1.635103000, 0.172480000);0,05716618;1,95564;;;1,443287;2,582947;4,845208
0,2;0,059004996;0,002885451;(1.444608000, 2.585496000, 4.844915000);(-0.060412920, 1.635199000, 0.172506700);0,05879727;1,955963;;;1,444608;2,585496;4,844915
0,2111111;0,053222066;0,00578293;(1.439231000, 2.585136000, 4.847013000);(-0.060223100, 1.635146000, 0.172357000);0,05303351;1,960546;;;1,439231;2,585136;4,847013
0,2222222;0,048391869;0,004830197;(1.437336000, 2.580707000, 4.847363000);(-0.060322050, 1.635278000, 0.172475800);0,05067463;1,959638;;;1,437336;2,580707;4,847363
0,2333333;0,057714020;0,009322151;(1.442778000, 2.573671000, 4.844574000);(-0.060105150, 1.635170000, 0.172372800);0,0567666;1,950653;;;1,442778;2,573671;4,844574
0,2444444;0,068587050;0,01087303;(1.452105000, 2.569810000, 4.840532000);(-0.059881070, 1.635128000, 0.172335000);0,06723195;1,940054;;;1,452105;2,56981;4,840532
0,2555556;0,085872910;0,01728586;(1.468064000, 2.568267000, 4.834072000);(-0.059668680, 1.635108000, 0.172249000);0,08451424;1,924906;;;1,468064;2,568267;4,834072
0,2666667;0,101891920;0,01601901;(1.482709000, 2.565839000, 4.828053000);(-0.059357530, 1.635065000, 0.172200900);0,1005197;1,910437;;;1,482709;2,565839;4,828053
0,2777778;0,117137470;0,01524555;(1.496706000, 2.563894000, 4.822333000);(-0.058850150, 1.635016000, 0.172125700);0,115764;1,896854;;;1,496706;2,563894;4,822333
0,2888889;0,133020510;0,01588304;(1.511231000, 2.561513000, 4.816365000);(-0.058445280, 1.634908000, 0.172054200);0,1316389;1,88257;;;1,511231;2,561513;4,816365
0,3;0,158058300;0,02503779;(1.533821000, 2.556240000, 4.806942000);(-0.058014890, 1.634820000, 0.172061200);0,1565875;1,85946;;;1,533821;2,55624;4,806942
0,3111111;0,190560850;0,03250255;(1.560071000, 2.541106000, 4.795181000);(-0.057554180, 1.634605000, 0.171944500);0,1874454;1,827212;;;1,560071;2,541106;4,795181
0,3222222;0,221932550;0,0313717;(1.583389000, 2.523143000, 4.784328000);(-0.057150860, 1.634340000, 0.171904100);0,2165025;1,795841;;;1,583389;2,523143;4,784328
0,3333333;0,265073890;0,04314134;(1.613937000, 2.496360000, 4.769814000);(-0.056798840, 1.633975000, 0.171753600);0,2565175;1,752778;;;1,613937;2,49636;4,769814
0,3444445;0,303432630;0,03835874;(1.644744000, 2.478172000, 4.755974000);(-0.056420180, 1.633663000, 0.171621400);0,2943744;1,71468;;;1,644744;2,478172;4,755974
0,3555556;0,347478690;0,04404606;(1.680218000, 2.457476000, 4.740058000);(-0.056050800, 1.633356000, 0.171476600);0,3380114;1,670974;;;1,680218;2,457476;4,740058
0,3666667;0,410014620;0,06253593;(1.730915000, 2.428726000, 4.717387000);(-0.055714110, 1.632986000, 0.171265400);0,4001943;1,609051;;;1,730915;2,428726;4,717387
0,3777778;0,464789690;0,05477507;(1.773822000, 2.400821000, 4.697878000);(-0.055342910, 1.632654000, 0.171003100);0,4543931;1,554485;;;1,773822;2,400821;4,697878
0,3888889;0,529173150;0,06438346;(1.820026000, 2.361657000, 4.676049000);(-0.055058040, 1.632214000, 0.170728200);0,5169328;1,490134;;;1,820026;2,361657;4,676049
0,4;0,583435260;0,05426211;(1.858719000, 2.328321000, 4.657720000);(-0.054784410, 1.631769000, 0.170604900);0,5698742;1,435918;;;1,858719;2,328321;4,65772
0,4111111;0,649147350;0,06571209;(1.903723000, 2.285624000, 4.636047000);(-0.054417920, 1.631346000, 0.170177400);0,6336581;1,370471;;;1,903723;2,285624;4,636047
0,4222222;0,726198970;0,07705162;(1.957868000, 2.237255000, 4.610244000);(-0.054128460, 1.630809000, 0.169776000);0,7093214;1,293582;;;1,957868;2,237255;4,610244
0,4333333;0,805328610;0,07912964;(2.014668000, 2.189138000, 4.583411000);(-0.053767720, 1.630371000, 0.169400600);0,7876039;1,214526;;;2,014668;2,189138;4,583411
0,4444444;0,900541310;0,0952127;(2.082406000, 2.130441000, 4.551292000);(-0.053317660, 1.630033000, 0.168856900);0,8818668;1,119471;;;2,082406;2,130441;4,551292
0,4555556;1,001317110;0,1007758;(2.147816000, 2.060857000, 4.519116000);(-0.052851890, 1.629852000, 0.168174400);0,9802158;1,02008;;;2,147816;2,060857;4,519116
0,4666667;1,111944810;0,1106277;(2.212334000, 1.977301000, 4.486033000);(-0.052290510, 1.629748000, 0.167548400);1,086305;0,9138911;;;2,212334;1,977301;4,486033
0,4777778;1,211084460;0,09913965;(2.265507000, 1.898508000, 4.457874000);(-0.051517580, 1.629769000, 0.166792800);1,180362;0,8219985;;;2,265507;1,898508;4,457874
0,4888889;1,300907120;0,08982266;(2.316093000, 1.829097000, 4.431584000);(-0.050911610, 1.629864000, 0.166131600);1,267106;0,7390045;;;2,316093;1,829097;4,431584
0,5;1,382455290;0,08154817;(2.376738000, 1.782451000, 4.403361000);(-0.050304730, 1.630012000, 0.165450400);1,348634;0,6583398;;;2,376738;1,782451;4,403361
0,5111111;1,464700340;0,08224505;(2.439847000, 1.738379000, 4.374393000);(-0.049675550, 1.630162000, 0.164851600);1,430715;0,576689;;;2,439847;1,738379;4,374393
0,5222223;1,555582490;0,09088215;(2.514245000, 1.698023000, 4.341290000);(-0.049141010, 1.630415000, 0.164350700);1,520404;0,4858345;;;2,514245;1,698023;4,34129
0,5333334;1,649248360;0,09366587;(2.588180000, 1.651279000, 4.307794000);(-0.048555070, 1.630658000, 0.163963700);1,613675;0,3926333;;;2,58818;1,651279;4,307794
0,5444446;1,744188960;0,0949406;(2.666800000, 1.610986000, 4.273023000);(-0.048180690, 1.630972000, 0.163629500);1,707265;0,297736;;;2,6668;1,610986;4,273023
0,5555557;1,827910030;0,08372107;(2.732298000, 1.568192000, 4.243224000);(-0.047614430, 1.631231000, 0.163447000);1,790815;0,2150466;;;2,732298;1,568192;4,243224
0,5666668;1,904680840;0,07677081;(2.796118000, 1.536139000, 4.215058000);(-0.047266620, 1.631520000, 0.163265500);1,866541;0,1386465;;;2,796118;1,536139;4,215058
0,577778;1,986187470;0,08150663;(2.862190000, 1.498658000, 4.185511000);(-0.046973800, 1.631772000, 0.163056600);1,947536;0,05991717;;;2,86219;1,498658;4,185511
0,5888891;2,059798630;0,07361116;(2.916775000, 1.456325000, 4.160076000);(-0.046630830, 1.631998000, 0.163073600);2,021124;0,03782386;;;2,916775;1,456325;4,160076
0,6000003;2,131310900;0,07151227;(2.966820000, 1.411172000, 4.136186000);(-0.046294590, 1.632182000, 0.163101800);2,092318;0,1000713;;;2,96682;1,411172;4,136186
0,6111114;2,170628450;0,03931755;(2.989473000, 1.381230000, 4.124516000);(-0.045720770, 1.632316000, 0.162981600);2,130172;0,1392161;;;2,989473;1,38123;4,124516
0,6222225;2,202034940;0,03140649;(3.012177000, 1.362348000, 4.113822000);(-0.045420720, 1.632358000, 0.163090700);2,161541;0,1694622;;;3,012177;1,362348;4,113822
0,6333337;2,195566311;0,006468629;(3.013049000, 1.368753000, 4.114054000);(-0.045208100, 1.632322000, 0.163048800);2,158522;0,1649682;;;3,013049;1,368753;4,114054
0,6444448;2,176723901;0,01884241;(3.018792000, 1.386687000, 4.113395000);(-0.044951040, 1.632239000, 0.163235900);2,153104;0,1556858;;;3,018792;1,386687;4,113395
0,655556;2,199549921;0,02282602;(3.038324000, 1.378462000, 4.104917000);(-0.044655240, 1.632188000, 0.163472400);2,175394;0,1769799;;;3,038324;1,378462;4,104917
0,6666671;2,216844071;0,01729415;(3.050162000, 1.367218000, 4.099215000);(-0.044359490, 1.632085000, 0.163657500);2,192554;0,1942739;;;3,050162;1,367218;4,099215
0,6777782;2,239088951;0,02224488;(3.065334000, 1.352689000, 4.091897000);(-0.043964870, 1.632047000, 0.164073500);2,21462;0,2165188;;;3,065334;1,352689;4,091897
0,6888894;2,233252015;0,005836936;(3.067487000, 1.358102000, 4.091532000);(-0.043743180, 1.631842000, 0.164531600);2,213389;0,2146448;;;3,067487;1,358102;4,091532
0,7000005;2,222798095;0,01045392;(3.071825000, 1.367574000, 4.090666000);(-0.043403060, 1.631666000, 0.164792800);2,211785;0,2122061;;;3,071825;1,367574;4,090666
0,7111117;2,194028595;0,0287695;(3.061530000, 1.393659000, 4.097094000);(-0.043036270, 1.631390000, 0.165035400);2,187493;0,1874979;;;3,06153;1,393659;4,097094
0,7222228;2,168753805;0,02527479;(3.049920000, 1.415137000, 4.103627000);(-0.042624660, 1.631092000, 0.165213400);2,164732;0,165159;;;3,04992;1,415137;4,103627
0,7333339;2,152213295;0,01654051;(3.041401000, 1.428554000, 4.108210000);(-0.042207590, 1.630815000, 0.165419100);2,149393;0,150447;;;3,041401;1,428554;4,10821
0,7444451;2,138470295;0,013743;(3.030352000, 1.435048000, 4.113172000);(-0.041762520, 1.630570000, 0.165557700);2,135686;0,1367174;;;3,030352;1,435048;4,113172
0,7555562;2,129074548;0,009395747;(3.027191000, 1.443660000, 4.115200000);(-0.041436210, 1.630274000, 0.165764900);2,127944;0,1298015;;;3,027191;1,44366;4,1152
0,7666674;2,121155072;0,007919476;(3.025929000, 1.451387000, 4.116395000);(-0.041005810, 1.630115000, 0.165869600);2,122443;0,1254666;;;3,025929;1,451387;4,116395
0,7777785;2,115619009;0,005536063;(3.025594000, 1.456877000, 4.117023000);(-0.040408300, 1.629867000, 0.165796400);2,119055;0,123179;;;3,025594;1,456877;4,117023
0,7888896;2,119232155;0,003613146;(3.028399000, 1.458958000, 4.116099000);(-0.039938420, 1.629683000, 0.165916800);2,120449;0,1253908;;;3,028399;1,458958;4,116099
0,8000008;2,114864197;0,004367958;(3.030218000, 1.462912000, 4.115735000);(-0.039490380, 1.629568000, 0.165905100);2,119901;0,1261032;;;3,030218;1,462912;4,115735
0,8111119;2,111418432;0,003445765;(3.027351000, 1.464345000, 4.117000000);(-0.039070640, 1.629413000, 0.165891700);2,116482;0,1227149;;;3,027351;1,464345;4,117
0,8222231;2,098357932;0,0130605;(3.015735000, 1.467746000, 4.121907000);(-0.038716100, 1.629255000, 0.165865700);2,103976;0,1096571;;;3,015735;1,467746;4,121907
0,8333342;2,079521712;0,01883622;(2.998437000, 1.470123000, 4.128973000);(-0.038357050, 1.629139000, 0.165848400);2,086875;0,0909731;;;2,998437;1,470123;4,128973
0,8444453;2,059536182;0,01998553;(2.979986000, 1.471908000, 4.136442000);(-0.038058180, 1.628911000, 0.165831200);2,069092;0,07138643;;;2,979986;1,471908;4,136442
0,8555565;2,041903942;0,01763224;(2.963590000, 1.471820000, 4.142929000);(-0.037832620, 1.628655000, 0.165828600);2,054278;0,05493709;;;2,96359;1,47182;4,142929
0,8666676;2,023184472;0,01871947;(2.946256000, 1.469434000, 4.149580000);(-0.037627880, 1.628475000, 0.165782700);2,039981;0,04013027;;;2,946256;1,469434;4,14958
0,8777788;2,002178762;0,02100571;(2.927026000, 1.472468000, 4.157470000);(-0.037461940, 1.628305000, 0.165805700);2,020914;0,02420126;;;2,927026;1,472468;4,15747
0,8888899;1,979544012;0,02263475;(2.907413000, 1.479975000, 4.165915000);(-0.037354250, 1.628201000, 0.165792700);1,998943;0,01755553;;;2,907413;1,479975;4,165915
0,900001;1,961514682;0,01802933;(2.892024000, 1.486568000, 4.172605000);(-0.037094220, 1.627964000, 0.165653700);1,981305;0,02825214;;;2,892024;1,486568;4,172605
0,9111122;1,952666321;0,008848361;(2.885776000, 1.492084000, 4.175576000);(-0.037043630, 1.627867000, 0.165643200);1,972493;0,03420379;;;2,885776;1,492084;4,175576
0,9222233;1,957502752;0,004836431;(2.890140000, 1.493409000, 4.173967000);(-0.037230750, 1.627872000, 0.165803700);1,975639;0,0295051;;;2,89014;1,493409;4,173967
0,9333345;1,965341036;0,007838284;(2.896176000, 1.498002000, 4.171990000);(-0.037271790, 1.627778000, 0.165852400);1,978408;0,02350176;;;2,896176;1,498002;4,17199
0,9444456;1,956951027;0,008390009;(2.895887000, 1.506342000, 4.172855000);(-0.037373000, 1.627678000, 0.165917200);1,973346;0,02677516;;;2,895887;1,506342;4,172855
0,9555568;1,945339557;0,01161147;(2.888230000, 1.514228000, 4.176599000);(-0.037506810, 1.627579000, 0.166009000);1,961911;0,03809288;;;2,88823;1,514228;4,176599
0,9666679;1,932108667;0,01323089;(2.877396000, 1.520096000, 4.181419000);(-0.037680410, 1.627492000, 0.166338000);1,948766;0,05127438;;;2,877396;1,520096;4,181419
0,977779;1,924683864;0,007424803;(2.870492000, 1.520087000, 4.184152000);(-0.037699320, 1.627900000, 0.166573600);1,942547;0,05777948;;;2,870492;1,520087;4,184152
0,9888902;1,937784904;0,01310104;(2.865221000, 1.508136000, 4.185164000);(-0.037862770, 1.627948000, 0.166791700);1,944722;0,05853158;;;2,865221;1,508136;4,185164
1,000001;1,931498927;0,006285977;(2.860203000, 1.504744000, 4.186846000);(-0.038108080, 1.627920000, 0.166929900);1,942201;0,06300154;;;2,860203;1,504744;4,186846
1,011112;1,927497772;0,004001155;(2.856498000, 1.504226000, 4.188267000);(-0.038299430, 1.628004000, 0.167095200);1,939188;0,06683224;;;2,856498;1,504226;4,188267
1,022224;1,923600384;0,003897388;(2.853170000, 1.505649000, 4.189713000);(-0.038522690, 1.627963000, 0.167376200);1,93538;0,07063999;;;2,85317;1,505649;4,189713
1,033335;1,927919737;0,004319353;(2.857186000, 1.505948000, 4.188149000);(-0.038654550, 1.628031000, 0.167485500);1,938797;0,06644774;;;2,857186;1,505948;4,188149
1,044446;1,935548821;0,007629084;(2.864138000, 1.504669000, 4.185280000);(-0.038868610, 1.628106000, 0.167641100);1,94577;0,05881929;;;2,864138;1,504669;4,18528
1,055557;1,941409821;0,005861;(2.869530000, 1.505727000, 4.183240000);(-0.038990960, 1.628272000, 0.167915200);1,949988;0,05338513;;;2,86953;1,505727;4,18324
1,066668;1,953367001;0,01195718;(2.880379000, 1.508735000, 4.179214000);(-0.039188170, 1.628337000, 0.168054600);1,957995;0,04311506;;;2,880379;1,508735;4,179214
1,077779;1,960130262;0,006763261;(2.886366000, 1.506877000, 4.176675000);(-0.039374070, 1.628427000, 0.168303700);1,964457;0,03637164;;;2,886366;1,506877;4,176675
1,08889;1,972866722;0,01273646;(2.893736000, 1.497206000, 4.172884000);(-0.039505050, 1.628487000, 0.168497800);1,976673;0,02595469;;;2,893736;1,497206;4,172884
1,100002;1,982539847;0,009673125;(2.896137000, 1.488006000, 4.171105000);(-0.039512550, 1.628367000, 0.168597100);1,984159;0,02365132;;;2,896137;1,488006;4,171105
1,111113;1,988598239;0,006058392;(2.895563000, 1.481983000, 4.170789000);(-0.039630100, 1.628446000, 0.168795700);1,987148;0,02623074;;;2,895563;1,481983;4,170789
1,122224;1,983372399;0,00522584;(2.890795000, 1.480800000, 4.172572000);(-0.039748110, 1.628514000, 0.168968400);1,983568;0,0313217;;;2,890795;1,4808;4,172572
1,133335;1,985046925;0,001674526;(2.892185000, 1.481602000, 4.172093000);(-0.039823610, 1.628457000, 0.169147700);1,984344;0,02965082;;;2,892185;1,481602;4,172093
1,144446;1,990938452;0,005891527;(2.895829000, 1.486113000, 4.171056000);(-0.039904780, 1.628496000, 0.169376500);1,984983;0,02445811;;;2,895829;1,486113;4,171056
1,155557;1,997448365;0,006509913;(2.901838000, 1.485517000, 4.168622000);(-0.039865080, 1.628480000, 0.169549200);1,990722;0,01871078;;;2,901838;1,485517;4,168622
1,166668;1,999990505;0,00254214;(2.902442000, 1.483091000, 4.168164000);(-0.039889190, 1.628452000, 0.169788400);1,992672;0,01933286;;;2,902442;1,483091;4,168164
1,17778;2,002370069;0,002379564;(2.902027000, 1.480748000, 4.168118000);(-0.039923080, 1.628401000, 0.170036400);1,993661;0,02104085;;;2,902027;1,480748;4,168118
1,188891;2,005557095;0,003187026;(2.902509000, 1.477633000, 4.167646000);(-0.039929990, 1.628338000, 0.170413700);1,995906;0,02271187;;;2,902509;1,477633;4,167646
1,200002;2,009936424;0,004379329;(2.905330000, 1.474587000, 4.166255000);(-0.039960840, 1.628223000, 0.170683600);2,000209;0,02317863;;;2,90533;1,474587;4,166255
1,211113;2,015046347;0,005109923;(2.909950000, 1.473553000, 4.164331000);(-0.039930750, 1.628109000, 0.171009500);2,004952;0,02187118;;;2,90995;1,473553;4,164331
1,222224;2,020288499;0,005242152;(2.914733000, 1.472704000, 4.162361000);(-0.039853320, 1.628191000, 0.171322600);2,009736;0,02151585;;;2,914733;1,472704;4,162361
1,233335;2,024918561;0,004630062;(2.919039000, 1.472765000, 4.160660000);(-0.039728930, 1.628020000, 0.171608000);2,013565;0,02144467;;;2,919039;1,472765;4,16066
1,244446;2,031249910;0,006331349;(2.924268000, 1.475852000, 4.158867000);(-0.039706280, 1.627913000, 0.171870100);2,016477;0,0198219;;;2,924268;1,475852;4,158867
1,255558;2,036294533;0,005044623;(2.927844000, 1.479233000, 4.157755000);(-0.039749880, 1.627858000, 0.172149000);2,017747;0,01878526;;;2,927844;1,479233;4,157755
1,266669;2,038434024;0,002139491;(2.928455000, 1.477226000, 4.157332000);(-0.039730540, 1.627715000, 0.172409300);2,019454;0,02083001;;;2,928455;1,477226;4,157332
