time;total distance traveled;distance to prev position;ray position;hmd position;distance to prev target;distance to current target
(-0.540773700, 2.127749000, 5.128636000);(1.390225000, 2.577329000, 4.865721000);0,3;0,3

0;-0,004022954;0,004022954;(-0.518992200, 2.151801000, 5.127378000);(-0.072916990, 1.636088000, 0.158669700);0,03247323;1,973486;;;-0,5189922;2,151801;5,127378
0,01111111;-0,006849835;0,002826881;(-0.520594400, 2.149472000, 5.127420000);(-0.072909570, 1.636147000, 0.158653200);0,02967464;1,975545;;;-0,5205944;2,149472;5,12742
0,02222222;-0,017992515;0,01114268;(-0.529063400, 2.142263000, 5.128102000);(-0.072719670, 1.636120000, 0.158623700);0,01865689;1,985395;;;-0,5290634;2,142263;5,128102
0,03333334;-0,030293095;0,01230058;(-0.538939700, 2.134986000, 5.128999000);(-0.072682780, 1.636174000, 0.158610900);0,007474551;1,996662;;;-0,5389397;2,134986;5,128999
0,04444445;-0,039437818;0,009144723;(-0.546359500, 2.129685000, 5.129688000);(-0.072612640, 1.636245000, 0.158637500);0,006004615;2,005099;;;-0,5463595;2,129685;5,129688
0,05555556;-0,035168291;0,004269527;(-0.550287900, 2.128081000, 5.130161000);(-0.072657700, 1.636258000, 0.158509100);0,009641232;2,009313;;;-0,5502879;2,128081;5,130161
0,06666667;-0,03512819342;0,00004009758;(-0.550302200, 2.128044000, 5.130159000);(-0.072660690, 1.636307000, 0.158527300);0,009653908;2,009335;;;-0,5503022;2,128044;5,130159
0,07777778;-0,03950325642;0,004375063;(-0.546890600, 2.130767000, 5.129869000);(-0.072652780, 1.636344000, 0.158539400);0,006931284;2,005394;;;-0,5468906;2,130767;5,129869
0,08888889;-0,04304159142;0,003538335;(-0.543956600, 2.132725000, 5.129584000);(-0.072783880, 1.636281000, 0.158561700);0,005981798;2,002087;;;-0,5439566;2,132725;5,129584
0,1;-0,03322656342;0,009815028;(-0.538951400, 2.141167000, 5.129557000);(-0.072787040, 1.636265000, 0.158602900);0,01357262;1,995386;;;-0,5389514;2,141167;5,129557
0,1111111;-0,02404679842;0,009179765;(-0.537617400, 2.150229000, 5.130163000);(-0.072917890, 1.636293000, 0.158663500);0,02275204;1,992214;;;-0,5376174;2,150229;5,130163
0,1222222;-0,01886303342;0,005183765;(-0.538861500, 2.155220000, 5.130808000);(-0.072890080, 1.636246000, 0.158703700);0,02762303;1,992441;;;-0,5388615;2,15522;5,130808
0,1333333;-0,02769020042;0,008827167;(-0.545855500, 2.149870000, 5.131425000);(-0.072932300, 1.636149000, 0.158779900);0,02286804;2,000431;;;-0,5458555;2,14987;5,131425
0,1444445;-0,03745322142;0,009763021;(-0.551189000, 2.141694000, 5.131527000);(-0.073049820, 1.636147000, 0.158833400);0,0176431;2,007366;;;-0,551189;2,141694;5,131527
0,1555556;-0,04313383142;0,00568061;(-0.554452100, 2.137045000, 5.131621000);(-0.073128280, 1.636000000, 0.158868800);0,01680517;2,011547;;;-0,5544521;2,137045;5,131621
0,1666667;-0,04777600442;0,004642173;(-0.556382800, 2.132824000, 5.131545000);(-0.073283830, 1.636026000, 0.159015100);0,01666892;2,014331;;;-0,5563828;2,132824;5,131545
0,1777778;-0,04621391042;0,001562094;(-0.557493700, 2.131728000, 5.131621000);(-0.073308880, 1.636021000, 0.159094300);0,01744416;2,015656;;;-0,5574937;2,131728;5,131621
0,1888889;-0,04243947642;0,003774434;(-0.556551200, 2.135379000, 5.131802000);(-0.073295060, 1.636030000, 0.159171300);0,01780885;2,013965;;;-0,5565512;2,135379;5,131802
0,2;-0,03517808642;0,00726139;(-0.554206500, 2.142246000, 5.132051000);(-0.073260790, 1.636063000, 0.159262200);0,02005665;2,010234;;;-0,5542065;2,142246;5,132051
0,2111111;-0,02601432142;0,009163765;(-0.547350800, 2.148304000, 5.131519000);(-0.073216030, 1.636055000, 0.159369600);0,02177281;2,002226;;;-0,5473508;2,148304;5,131519
0,2222222;-0,01062840142;0,01538592;(-0.533644700, 2.155123000, 5.129979000);(-0.073108670, 1.635998000, 0.159497000);0,02831851;1,987301;;;-0,5336447;2,155123;5,129979
0,2333333;0,00794153858;0,01856994;(-0.515602400, 2.158731000, 5.127470000);(-0.073006800, 1.635974000, 0.159616500);0,03993549;1,968734;;;-0,5156024;2,158731;5,12747
0,2444444;0,02238741858;0,01444588;(-0.501334400, 2.158584000, 5.125215000);(-0.072871530, 1.635989000, 0.159995300);0,05017948;1,954656;;;-0,5013344;2,158584;5,125215
0,2555556;0,03124128158;0,008853863;(-0.492896800, 2.156376000, 5.123691000);(-0.072710880, 1.635934000, 0.160195300);0,05600161;1,946765;;;-0,4928968;2,156376;5,123691
0,2666667;0,03751677858;0,006275497;(-0.487416400, 2.153531000, 5.122573000);(-0.072567310, 1.635838000, 0.160416200);0,05956887;1,941936;;;-0,4874164;2,153531;5,122573
0,2777778;0,04489875958;0,007381981;(-0.480529400, 2.156047000, 5.121717000);(-0.072398680, 1.635782000, 0.160655100);0,06691787;1,934615;;;-0,4805294;2,156047;5,121717
0,2888889;0,05640764958;0,01150889;(-0.469642400, 2.159507000, 5.120318000);(-0.072261890, 1.635721000, 0.160772100);0,07834148;1,923149;;;-0,4696424;2,159507;5,120318
0,3;0,08454235958;0,02813471;(-0.443364400, 2.169010000, 5.117045000);(-0.072306390, 1.635817000, 0.161062500);0,1064208;1,895241;;;-0,4433644;2,16901;5,117045
0,3111111;0,11898100958;0,03443865;(-0.411655700, 2.181893000, 5.113223000);(-0.072178550, 1.635824000, 0.161308700);0,1408566;1,86129;;;-0,4116557;2,181893;5,113223
0,3222222;0,15304187958;0,03406087;(-0.380687700, 2.195602000, 5.109591000);(-0.071970960, 1.635828000, 0.161540200);0,1749121;1,827927;;;-0,3806877;2,195602;5,109591
0,3333333;0,20185024958;0,04880837;(-0.336486500, 2.215654000, 5.104451000);(-0.071851500, 1.635801000, 0.161777400);0,2237085;1,780262;;;-0,3364865;2,215654;5,104451
0,3444445;0,25312501958;0,05127477;(-0.291016300, 2.238805000, 5.099391000);(-0.071772200, 1.635622000, 0.161979500);0,2748953;1,73083;;;-0,2910163;2,238805;5,099391
0,3555556;0,29875202958;0,04562701;(-0.251727800, 2.261636000, 5.095272000);(-0.071706230, 1.635530000, 0.162199900);0,3202912;1,687709;;;-0,2517278;2,261636;5,095272
0,3666667;0,34572763958;0,04697561;(-0.212213000, 2.286730000, 5.091322000);(-0.071717670, 1.635403000, 0.162348800);0,3669051;1,644126;;;-0,212213;2,28673;5,091322
0,3777778;0,39263928958;0,04691165;(-0.170154600, 2.306950000, 5.086535000);(-0.071809120, 1.635374000, 0.162611800);0,4138166;1,598952;;;-0,1701546;2,30695;5,086535
0,3888889;0,43702170958;0,04438242;(-0.128827500, 2.322304000, 5.081423000);(-0.071909840, 1.635398000, 0.162814500);0,458018;1,55534;;;-0,1288275;2,322304;5,081423
0,4;0,48431827958;0,04729657;(-0.083538060, 2.334538000, 5.075408000);(-0.072004550, 1.635487000, 0.163092300);0,5046377;1,508275;;;-0,08353806;2,334538;5,075408
0,4111111;0,53366669958;0,04934842;(-0.038054740, 2.352877000, 5.069913000);(-0.072230630, 1.635610000, 0.163380200);0,5539471;1,460156;;;-0,03805474;2,352877;5,069913
0,4222222;0,59700084958;0,06333415;(0.018804770, 2.380008000, 5.063421000);(-0.072493040, 1.635839000, 0.163848100);0,6172646;1,399576;;;0,01880477;2,380008;5,063421
0,4333333;0,67642489958;0,07942405;(0.089093280, 2.416161000, 5.055632000);(-0.072663400, 1.636027000, 0.164190300);0,6965941;1,324758;;;0,08909328;2,416161;5,055632
0,4444444;0,75839817958;0,08197328;(0.161838700, 2.453066000, 5.047523000);(-0.072807010, 1.636224000, 0.164588100);0,7785077;1,247969;;;0,1618387;2,453066;5,047523
0,4555556;0,85399350958;0,09559533;(0.247281400, 2.494834000, 5.037858000);(-0.072965350, 1.636382000, 0.164934100);0,874084;1,158773;;;0,2472814;2,494834;5,037858
0,4666667;0,95305463958;0,09906113;(0.337252800, 2.534927000, 5.027330000);(-0.073112180, 1.636548000, 0.165295300);0,9731325;1,066145;;;0,3372528;2,534927;5,02733
0,4777778;1,04678442958;0,09372979;(0.424281700, 2.568046000, 5.016638000);(-0.073220660, 1.636682000, 0.165658700);1,066648;0,9777054;;;0,4242817;2,568046;5,016638
0,4888889;1,13694416958;0,09015974;(0.511800300, 2.585991000, 5.004503000);(-0.073325600, 1.636782000, 0.165995700);1,154689;0,889362;;;0,5118003;2,585991;5,004503
0,5;1,20832696958;0,0713828;(0.581952000, 2.594277000, 4.994227000);(-0.073377690, 1.636884000, 0.166354000);1,223204;0,8185999;;;0,581952;2,594277;4,994227
0,5111111;1,27911027958;0,07078331;(0.650237100, 2.610446000, 4.984954000);(-0.073387660, 1.636931000, 0.166915100);1,293115;0,7502632;;;0,6502371;2,610446;4,984954
0,5222223;1,34454435958;0,06543408;(0.714780000, 2.615056000, 4.975229000);(-0.073393560, 1.637019000, 0.167208500);1,355513;0,6853034;;;0,71478;2,615056;4,975229
0,5333334;1,41304403958;0,06849968;(0.781912500, 2.624628000, 4.965544000);(-0.073434580, 1.637074000, 0.167539700);1,422317;0,61826;;;0,7819125;2,624628;4,965544
0,5444446;1,48034295958;0,06729892;(0.847153700, 2.638472000, 4.956540000);(-0.073501490, 1.637136000, 0.167573700);1,488891;0,553997;;;0,8471537;2,638472;4,95654
0,5555557;1,54685387958;0,06651092;(0.911100500, 2.654617000, 4.947946000);(-0.073430370, 1.637135000, 0.167820400);1,555049;0,492234;;;0,9111005;2,654617;4,947946
0,5666668;1,60496468958;0,05811081;(0.966650100, 2.670019000, 4.940605000);(-0.073239350, 1.637014000, 0.167953300);1,612991;0,4400164;;;0,9666501;2,670019;4,940605
0,577778;1,66047058958;0,0555059;(1.020598000, 2.680698000, 4.933091000);(-0.073076110, 1.636938000, 0.168152600);1,667895;0,3896762;;;1,020598;2,680698;4,933091
0,5888891;1,69903246958;0,03856188;(1.058397000, 2.686032000, 4.927632000);(-0.072883430, 1.636738000, 0.168352900);1,705705;0,354625;;;1,058397;2,686032;4,927632
0,6000003;1,74433691958;0,04530445;(1.102912000, 2.691373000, 4.921119000);(-0.072638180, 1.636626000, 0.168480600);1,749982;0,3140441;;;1,102912;2,691373;4,921119
0,6111114;1,78959704958;0,04526013;(1.147482000, 2.688366000, 4.913846000);(-0.072448540, 1.636567000, 0.168551800);1,791824;0,2712361;;;1,147482;2,688366;4,913846
0,6222225;1,83533762958;0,04574058;(1.192604000, 2.686483000, 4.906589000);(-0.072226220, 1.636510000, 0.168557600);1,83469;0,2294313;;;1,192604;2,686483;4,906589
0,6333337;1,87319731958;0,03785969;(1.229612000, 2.692478000, 4.901314000);(-0.071919810, 1.636483000, 0.168630100);1,872128;0,2008048;;;1,229612;2,692478;4,901314
0,6444448;1,90309754958;0,02990023;(1.257060000, 2.703873000, 4.898026000);(-0.071709340, 1.636497000, 0.168682400);1,901922;0,1865202;;;1,25706;2,703873;4,898026
0,655556;1,92606078958;0,02296324;(1.275221000, 2.717835000, 4.896430000);(-0.071368670, 1.636404000, 0.168715200);1,923527;0,184149;;;1,275221;2,717835;4,89643
0,6666671;1,95213104958;0,02607026;(1.297514000, 2.731152000, 4.894125000);(-0.071089440, 1.636318000, 0.168747400);1,948947;0,1818343;;;1,297514;2,731152;4,894125
0,6777782;1,97885500958;0,02672396;(1.320880000, 2.743874000, 4.891600000);(-0.070772970, 1.636181000, 0.168777700);1,975234;0,1822522;;;1,32088;2,743874;4,8916
0,6888894;2,01014576958;0,03129076;(1.350936000, 2.751590000, 4.887571000);(-0.070381690, 1.636189000, 0.168891300);2,006453;0,1799666;;;1,350936;2,75159;4,887571
0,7000005;2,03013481958;0,01998905;(1.370392000, 2.748447000, 4.884233000);(-0.070112640, 1.636083000, 0.168945700);2,024241;0,1732555;;;1,370392;2,748447;4,884233
0,7111117;2,04216543958;0,01203062;(1.378646000, 2.739941000, 4.882170000);(-0.069750150, 1.636010000, 0.169116300);2,029703;0,1638515;;;1,378646;2,739941;4,88217
0,7222228;2,03204396958;0,01012147;(1.379106000, 2.729877000, 4.881193000);(-0.069382750, 1.635949000, 0.169162000);2,027245;0,1537335;;;1,379106;2,729877;4,881193
0,7333339;2,01879410958;0,01324986;(1.370736000, 2.719613000, 4.881584000);(-0.069061660, 1.635929000, 0.169243100);2,016235;0,1444864;;;1,370736;2,719613;4,881584
0,7444451;2,00932366458;0,009470445;(1.371211000, 2.710200000, 4.880662000);(-0.068805420, 1.635849000, 0.169273700);2,014057;0,1350535;;;1,371211;2,7102;4,880662
0,7555562;1,99278341458;0,01654025;(1.372796000, 2.693826000, 4.878941000);(-0.068477180, 1.635839000, 0.169326900);2,011104;0,1185331;;;1,372796;2,693826;4,878941
0,7666674;2,00468508458;0,01190167;(1.376468000, 2.682616000, 4.877355000);(-0.068132290, 1.635830000, 0.169321300);2,011675;0,1068181;;;1,376468;2,682616;4,877355
0,7777785;2,01212092758;0,007435843;(1.382160000, 2.678013000, 4.876046000);(-0.067741680, 1.635779000, 0.169319500);2,016002;0,1015335;;;1,38216;2,678013;4,876046
0,7888896;2,02018342158;0,008062494;(1.389930000, 2.679890000, 4.874994000);(-0.067429400, 1.635652000, 0.169369600);2,024058;0,1029801;;;1,38993;2,67989;4,874994
0,8000008;2,02859367258;0,008410251;(1.397902000, 2.682364000, 4.873964000);(-0.067098970, 1.635617000, 0.169375000);2,032466;0,1056372;;;1,397902;2,682364;4,873964
0,8111119;2,03500620558;0,006412533;(1.404217000, 2.682958000, 4.873026000);(-0.066778530, 1.635585000, 0.169321700);2,03877;0,1068021;;;1,404217;2,682958;4,873026
0,8222231;2,04000768258;0,005001477;(1.405625000, 2.678203000, 4.872377000);(-0.066486920, 1.635537000, 0.169360500);2,038906;0,1022597;;;1,405625;2,678203;4,872377
0,8333342;2,02993973258;0,01006795;(1.401965000, 2.668828000, 4.872108000);(-0.066282800, 1.635461000, 0.169443300);2,03293;0,09246985;;;1,401965;2,668828;4,872108
0,8444453;2,01032716258;0,01961257;(1.395172000, 2.650438000, 4.871521000);(-0.065965140, 1.635596000, 0.169608000);2,021682;0,07350583;;;1,395172;2,650438;4,871521
0,8555565;1,98937752258;0,02094964;(1.390813000, 2.629980000, 4.870366000);(-0.065699510, 1.635652000, 0.169723900);2,012453;0,05285869;;;1,390813;2,62998;4,870366
0,8666676;1,97491492258;0,0144626;(1.387542000, 2.615912000, 4.869614000);(-0.065436000, 1.635718000, 0.169803500);2,00594;0,03887188;;;1,387542;2,615912;4,869614
0,8777788;1,96897471758;0,005940205;(1.385830000, 2.610229000, 4.869371000);(-0.065208430, 1.635716000, 0.169948500);2,00295;0,03339243;;;1,38583;2,610229;4,869371
0,8888899;1,96443083758;0,00454388;(1.382679000, 2.606962000, 4.869572000);(-0.064975640, 1.635704000, 0.170076700);1,999107;0,03082035;;;1,382679;2,606962;4,869572
0,900001;1,95881745058;0,005613387;(1.377596000, 2.609128000, 4.870565000);(-0.064859340, 1.635800000, 0.170169100);1,99461;0,03455605;;;1,377596;2,609128;4,870565
0,9111122;1,96037682458;0,001559374;(1.377450000, 2.610672000, 4.870728000);(-0.064698600, 1.635779000, 0.170358100);1,994821;0,03605572;;;1,37745;2,610672;4,870728
0,9222233;1,96504973758;0,004672913;(1.380885000, 2.607611000, 4.869913000);(-0.064517620, 1.635741000, 0.170516500);1,997493;0,03196558;;;1,380885;2,607611;4,869913
0,9333345;1,97573090758;0,01068117;(1.389686000, 2.601865000, 4.868012000);(-0.064417440, 1.635580000, 0.170734600);2,004841;0,0246488;;;1,389686;2,601865;4,868012
0,9444456;1,98425085758;0,00851995;(1.396353000, 2.596778000, 4.866508000);(-0.064195430, 1.635481000, 0.170820100);2,010264;0,02040746;;;1,396353;2,596778;4,866508
0,9555568;1,97934929758;0,00490156;(1.392706000, 2.593516000, 4.866787000);(-0.064028540, 1.635459000, 0.170998500);2,005953;0,01641094;;;1,392706;2,593516;4,866787
0,9666679;1,96885488758;0,01049441;(1.383276000, 2.589038000, 4.867866000);(-0.063877010, 1.635431000, 0.171160000);1,995685;0,01378372;;;1,383276;2,589038;4,867866
0,977779;1,94583178758;0,0230231;(1.361345000, 2.582648000, 4.870736000);(-0.063732970, 1.635457000, 0.171291600);1,972689;0,02979073;;;1,361345;2,582648;4,870736
0,9888902;1,93846143358;0,007370354;(1.354203000, 2.581113000, 4.871720000);(-0.063576240, 1.635440000, 0.171497300);1,96532;0,03671293;;;1,354203;2,581113;4,87172
1,000001;1,94134470558;0,002883272;(1.356920000, 2.580286000, 4.871219000);(-0.063620690, 1.635457000, 0.171731700);1,967814;0,03388505;;;1,35692;2,580286;4,871219
1,011112;1,95554986558;0,01420516;(1.370942000, 2.579906000, 4.868982000);(-0.063508800, 1.635339000, 0.171808900);1,981546;0,01972511;;;1,370942;2,579906;4,868982
1,022224;1,96385369958;0,008303834;(1.378127000, 2.576014000, 4.867503000);(-0.063372380, 1.635248000, 0.171938600);1,987791;0,01229834;;;1,378127;2,576014;4,867503
1,033335;1,95526299158;0,008590708;(1.377116000, 2.567505000, 4.866897000);(-0.063277950, 1.635167000, 0.172060500);1,984992;0,01642351;;;1,377116;2,567505;4,866897
1,044446;1,95212899958;0,003133992;(1.376533000, 2.564431000, 4.866712000);(-0.063086920, 1.635057000, 0.172118300);1,983774;0,0188361;;;1,376533;2,564431;4,866712
1,055557;1,95409038158;0,001961382;(1.377152000, 2.566291000, 4.866781000);(-0.062961960, 1.634983000, 0.172222100);1,984774;0,017142;;;1,377152;2,566291;4,866781
