time;total distance traveled;distance to prev position;ray position;hmd position;distance to prev target;distance to current target
(2.703237000, 2.795286000, 4.270003000);(3.499488000, 1.021715000, 3.800501000);0,3222222;0,2555556

0;-0,02623456;0,02623456;(2.721000000, 2.805562000, 4.266348000);(0.076569400, 1.612189000, 0.198910600);0,02084449;2,001291;;;2,721;2,805562;4,266348
0,01111111;-0,02475477;0,00147979;(2.721762000, 2.806830000, 4.266304000);(0.076649460, 1.612155000, 0.199002400);0,02213873;2,002115;;;2,721762;2,80683;4,266304
0,02222222;-0,01856722;0,00618755;(2.725713000, 2.811567000, 4.265826000);(0.076736090, 1.612109000, 0.199244500);0,02806642;2,0047;;;2,725713;2,811567;4,265826
0,03333334;-0,010626582;0,007940638;(2.733175000, 2.813551000, 4.263971000);(0.076810310, 1.612074000, 0.199407700);0,03558508;2,003176;;;2,733175;2,813551;4,263971
0,04444445;-0,001967799;0,008658783;(2.740680000, 2.810108000, 4.261362000);(0.076943670, 1.612197000, 0.199617600);0,04118676;1,99663;;;2,74068;2,810108;4,261362
0,05555556;0,001543553;0,003511352;(2.742536000, 2.807272000, 4.260445000);(0.077026210, 1.612165000, 0.199814000);0,04218372;1,993173;;;2,742536;2,807272;4,260445
0,06666667;-0,002500060;0,004043613;(2.739087000, 2.805285000, 4.261156000);(0.077262070, 1.612114000, 0.199884100);0,03825568;1,99287;;;2,739087;2,805285;4,261156
0,07777778;-0,020730390;0,01823033;(2.722158000, 2.799893000, 4.265242000);(0.077361430, 1.612092000, 0.200081900);0,02004807;1,99553;;;2,722158;2,799893;4,265242
0,08888889;-0,029874004;0,009143614;(2.713966000, 2.796273000, 4.267081000);(0.077473990, 1.612099000, 0.200289200);0,01116361;1,995945;;;2,713966;2,796273;4,267081
0,1;-0,031107788;0,001233784;(2.712828000, 2.795880000, 4.267351000);(0.077651720, 1.612077000, 0.200365000);0,009968964;1,996106;;;2,712828;2,79588;4,267351
0,1111111;-0,029097069;0,002010719;(2.714042000, 2.797477000, 4.267224000);(0.077791100, 1.612077000, 0.200562300);0,01137039;1,997019;;;2,714042;2,797477;4,267224
0,1222222;-0,020503012;0,008594057;(2.720103000, 2.803504000, 4.266322000);(0.077904590, 1.611852000, 0.200575900);0,01911911;1,9998;;;2,720103;2,803504;4,266322
0,1333333;-0,014415207;0,006087805;(2.725805000, 2.805107000, 4.264916000);(0.077864000, 1.611957000, 0.200895300);0,02513266;1,998688;;;2,725805;2,805107;4,264916
0,1444445;-0,006838310;0,007576897;(2.732193000, 2.801733000, 4.262634000);(0.077994730, 1.611943000, 0.201114400);0,03056723;1,992679;;;2,732193;2,801733;4,262634
0,1555556;-0,002924053;0,003914257;(2.733951000, 2.798370000, 4.261673000);(0.078103250, 1.611841000, 0.201440800);0,0319724;1,988775;;;2,733951;2,79837;4,261673
0,1666667;-0,001387387;0,001536666;(2.735050000, 2.797393000, 4.261227000);(0.078238440, 1.611803000, 0.201664900);0,03306859;1,987377;;;2,73505;2,797393;4,261227
0,1777778;-0,004101115;0,002713728;(2.733035000, 2.799026000, 4.262024000);(0.078514390, 1.611723000, 0.201762900);0,03107351;1,989796;;;2,733035;2,799026;4,262024
0,1888889;-0,008227452;0,004126337;(2.729064000, 2.798949000, 4.263145000);(0.078666410, 1.611653000, 0.202064800);0,0269723;1,99152;;;2,729064;2,798949;4,263145
0,2;-0,013482784;0,005255332;(2.725388000, 2.795233000, 4.263684000);(0.078845490, 1.611591000, 0.202330900);0,02303498;1,989757;;;2,725388;2,795233;4,263684
0,2111111;-0,028694294;0,01521151;(2.714132000, 2.785165000, 4.265514000);(0.079046990, 1.611575000, 0.202606300);0,0155335;1,985642;;;2,714132;2,785165;4,265514
0,2222222;-0,036219349;0,007525055;(2.706899000, 2.784524000, 4.267488000);(0.079240400, 1.611585000, 0.202835100);0,01164304;1,988408;;;2,706899;2,784524;4,267488
0,2333333;-0,049948599;0,01372925;(2.698408000, 2.794621000, 4.271288000);(0.079256260, 1.611669000, 0.203270900);0,005040404;2,00164;;;2,698408;2,794621;4,271288
0,2444444;-0,037605989;0,01234261;(2.692686000, 2.805119000, 4.274355000);(0.079496440, 1.611609000, 0.203617600);0,01506436;2,01395;;;2,692686;2,805119;4,274355
0,2555556;-0,025482229;0,01212376;(2.691792000, 2.817061000, 4.276243000);(0.079760250, 1.611579000, 0.204047400);0,02537855;2,025332;;;2,691792;2,817061;4,276243
0,2666667;-0,032822799;0,00734057;(2.697997000, 2.813822000, 4.274032000);(0.080053870, 1.611543000, 0.204457800);0,0196794;2,019472;;;2,697997;2,813822;4,274032
0,2777778;-0,044104909;0,01128211;(2.705722000, 2.806262000, 4.270797000);(0.080434970, 1.611389000, 0.204985300);0,01128227;2,008943;;;2,705722;2,806262;4,270797
0,2888889;-0,022258609;0,0218463;(2.722880000, 2.794411000, 4.264286000);(0.080760800, 1.611270000, 0.205509600);0,02047713;1,990142;;;2,72288;2,794411;4,264286
0,3;0,002966271;0,02522488;(2.745365000, 2.785849000, 4.256709000);(0.081085270, 1.611251000, 0.206078900);0,04517299;1,972053;;;2,745365;2,785849;4,256709
0,3111111;0,039755191;0,03678892;(2.776263000, 2.769235000, 4.245631000);(0.081416600, 1.611071000, 0.206651200);0,08127423;1,942941;;;2,776263;2,769235;4,245631
0,3222222;0,076536541;0,03678135;(2.806787000, 2.751950000, 4.234570000);(0.081728440, 1.610851000, 0.207289500);0,1177127;1,913625;;;2,806787;2,75195;4,23457
0,3333333;0,127084601;0,05054806;(2.847391000, 2.725920000, 4.219440000);(0.081909710, 1.610481000, 0.207802700);0,1677757;1,872178;;;2,847391;2,72592;4,21944
0,3444445;0,178626881;0,05154228;(2.889047000, 2.699789000, 4.203995000);(0.082104180, 1.609978000, 0.208226700);0,2190941;1,830676;;;2,889047;2,699789;4,203995
0,3555556;0,237222531;0,05859565;(2.934712000, 2.667474000, 4.186563000);(0.082267870, 1.609383000, 0.208557200);0,2772708;1,782284;;;2,934712;2,667474;4,186563
0,3666667;0,309633261;0,07241073;(2.983722000, 2.618346000, 4.165878000);(0.082352510, 1.608802000, 0.208870300);0,3475938;1,717191;;;2,983722;2,618346;4,165878
0,3777778;0,381930691;0,07229743;(3.026830000, 2.563770000, 4.146129000);(0.082447210, 1.608230000, 0.209150400);0,4167219;1,649484;;;3,02683;2,56377;4,146129
0,3888889;0,477499351;0,09556866;(3.064712000, 2.478937000, 4.123730000);(0.082434810, 1.607668000, 0.209465600);0,5021322;1,554671;;;3,064712;2,478937;4,12373
0,4;0,576848221;0,09934887;(3.098926000, 2.388332000, 4.101586000);(0.082318690, 1.607063000, 0.209707700);0,5920688;1,45559;;;3,098926;2,388332;4,101586
0,4111111;0,667009171;0,09016095;(3.131008000, 2.306561000, 4.081259000);(0.082197900, 1.606660000, 0.209874500);0,6763612;1,365808;;;3,131008;2,306561;4,081259
0,4222222;0,763218321;0,09620915;(3.161951000, 2.217904000, 4.060314000);(0.081958020, 1.606309000, 0.210093000);0,7666537;1,269764;;;3,161951;2,217904;4,060314
0,4333333;0,858605031;0,09538671;(3.203940000, 2.135470000, 4.037073000);(0.081773050, 1.605947000, 0.210317400);0,8604169;1,176335;;;3,20394;2,13547;4,037073
0,4444444;0,956074581;0,09746955;(3.257452000, 2.058203000, 4.011256000);(0.081509210, 1.605535000, 0.210611300);0,9578083;1,085037;;;3,257452;2,058203;4,011256
0,4555556;1,057769281;0,1016947;(3.310744000, 1.975733000, 3.984789000);(0.081354570, 1.605249000, 0.210925500);1,059283;0,9898158;;;3,310744;1,975733;3,984789
0,4666667;1,161541281;0,103772;(3.376243000, 1.900625000, 3.955852000);(0.081189510, 1.605124000, 0.211322900);1,162775;0,9010026;;;3,376243;1,900625;3,955852
0,4777778;1,251770881;0,0902296;(3.428920000, 1.831572000, 3.931395000);(0.081071740, 1.604958000, 0.211717800);1,253003;0,8233957;;;3,42892;1,831572;3,931395
0,4888889;1,340209511;0,08843863;(3.481568000, 1.764739000, 3.907251000);(0.081055080, 1.604883000, 0.212172700);1,341423;0,7508664;;;3,481568;1,764739;3,907251
0,5;1,424210741;0,08400123;(3.524148000, 1.695621000, 3.885664000);(0.081188780, 1.604911000, 0.212669200);1,425087;0,6797134;;;3,524148;1,695621;3,885664
0,5111111;1,506510501;0,08229976;(3.562887000, 1.625983000, 3.865099000);(0.081648450, 1.604942000, 0.213126900);1,506724;0,6110083;;;3,562887;1,625983;3,865099
0,5222223;1,589296101;0,0827856;(3.584717000, 1.547935000, 3.848202000);(0.081976880, 1.605020000, 0.213666000);1,584553;0,535207;;;3,584717;1,547935;3,848202
0,5333334;1,676629931;0,08733383;(3.622859000, 1.472290000, 3.826986000);(0.082401950, 1.605042000, 0.214207300);1,671014;0,4679095;;;3,622859;1,47229;3,826986
0,5444446;1,757823401;0,08119347;(3.664032000, 1.405494000, 3.806117000);(0.083040390, 1.605103000, 0.214646000);1,752096;0,4176029;;;3,664032;1,405494;3,806117
0,5555557;1,828959381;0,07113598;(3.703144000, 1.349146000, 3.787264000);(0.083753300, 1.604975000, 0.215041700);1,823232;0,3858261;;;3,703144;1,349146;3,787264
0,5666668;1,893938001;0,06497862;(3.736769000, 1.296152000, 3.770433000);(0.084530730, 1.604876000, 0.215443900);1,888164;0,3640354;;;3,736769;1,296152;3,770433
0,577778;1,948975821;0,05503782;(3.759774000, 1.247914000, 3.757279000);(0.085416350, 1.604821000, 0.215798300);1,942554;0,3475381;;;3,759774;1,247914;3,757279
0,5888891;2,003076321;0,0541005;(3.774403000, 1.197032000, 3.746150000);(0.086380730, 1.604715000, 0.216143700);1,99405;0,3305573;;;3,774403;1,197032;3,74615
0,6000003;2,054551721;0,0514754;(3.779546000, 1.146504000, 3.737773000);(0.087440320, 1.604608000, 0.216522200);2,039655;0,3129528;;;3,779546;1,146504;3,737773
0,6111114;2,098643071;0,04409135;(3.785357000, 1.103453000, 3.730228000);(0.088577230, 1.604440000, 0.216964100);2,079577;0,3055174;;;3,785357;1,103453;3,730228
0,6222225;2,116729501;0,01808643;(3.772469000, 1.090916000, 3.732185000);(0.089867790, 1.604212000, 0.217323400);2,082638;0,2897836;;;3,772469;1,090916;3,732185
0,6333337;2,139222331;0,02249283;(3.770907000, 1.068629000, 3.729582000);(0.091110430, 1.603984000, 0.217779800);2,10079;0,2844277;;;3,770907;1,068629;3,729582
0,6444448;2,156477911;0,01725558;(3.763125000, 1.053229000, 3.729692000);(0.092410170, 1.603725000, 0.218128700);2,109517;0,2747938;;;3,763125;1,053229;3,729692
0,655556;2,175618751;0,01914084;(3.759415000, 1.034511000, 3.728189000);(0.093677170, 1.603478000, 0.218546600);2,123535;0,2701015;;;3,759415;1,034511;3,728189
0,6666671;2,193021841;0,01740309;(3.751524000, 1.019000000, 3.728315000);(0.094966640, 1.603289000, 0.218948600);2,132493;0,2621846;;;3,751524;1,019;3,728315
0,6777782;2,208685791;0,01566395;(3.744903000, 1.004805000, 3.728260000);(0.096088420, 1.603040000, 0.219310600);2,141116;0,2563852;;;3,744903;1,004805;3,72826
0,6888894;2,198373701;0,01031209;(3.734981000, 1.004214000, 3.731007000);(0.097062510, 1.602721000, 0.219511600);2,136107;0,2461561;;;3,734981;1,004214;3,731007
0,7000005;2,182296301;0,0160774;(3.720450000, 1.009131000, 3.735819000);(0.097840320, 1.602291000, 0.219903600);2,123776;0,2305785;;;3,72045;1,009131;3,735819
0,7111117;2,162961891;0,01933441;(3.702177000, 1.012047000, 3.741425000);(0.098590640, 1.601920000, 0.220402900);2,111212;0,2113446;;;3,702177;1,012047;3,741425
0,7222228;2,125947531;0,03701436;(3.667615000, 1.019603000, 3.752307000);(0.099288880, 1.601526000, 0.220882100);2,085925;0,1749113;;;3,667615;1,019603;3,752307
0,7333339;2,101780471;0,02416706;(3.644413000, 1.017057000, 3.758569000);(0.099925680, 1.601134000, 0.221412900);2,075927;0,1509412;;;3,644413;1,017057;3,758569
0,7444451;2,077874891;0,02390558;(3.621891000, 1.011362000, 3.764208000);(0.100514300, 1.600781000, 0.221875300);2,069333;0,1280893;;;3,621891;1,011362;3,764208
0,7555562;2,058149991;0,0197249;(3.603017000, 1.008542000, 3.769200000);(0.101089700, 1.600502000, 0.222367000);2,062247;0,1089574;;;3,603017;1,008542;3,7692
0,7666674;2,038334671;0,01981532;(3.585958000, 1.016665000, 3.775172000);(0.101663600, 1.600224000, 0.222800800);2,04635;0,09024579;;;3,585958;1,016665;3,775172
0,7777785;2,022368621;0,01596605;(3.576132000, 1.028450000, 3.779584000);(0.102207300, 1.599967000, 0.223218600);2,030805;0,07973218;;;3,576132;1,02845;3,779584
0,7888896;2,013677686;0,008690935;(3.572915000, 1.036275000, 3.781571000);(0.102895300, 1.599704000, 0.223425400);2,022134;0,07721382;;;3,572915;1,036275;3,781571
0,8000008;2,005986096;0,00769159;(3.568064000, 1.041846000, 3.783715000);(0.103431200, 1.599460000, 0.223739200);2,014685;0,07341482;;;3,568064;1,041846;3,783715
0,8111119;1,994288086;0,01169801;(3.559553000, 1.049107000, 3.787133000);(0.103866800, 1.599156000, 0.223988800);2,003892;0,06735609;;;3,559553;1,049107;3,787133
0,8222231;1,977968566;0,01631952;(3.544552000, 1.053321000, 3.791984000);(0.104405300, 1.598908000, 0.224218400);1,992675;0,05569812;;;3,544552;1,053321;3,791984
0,8333342;1,965316306;0,01265226;(3.532432000, 1.054056000, 3.795538000);(0.104927100, 1.598734000, 0.224409900);1,986092;0,0464313;;;3,532432;1,054056;3,795538
0,8444453;1,977118576;0,01180227;(3.523863000, 1.046053000, 3.796885000);(0.105429800, 1.598557000, 0.224543500);1,989242;0,0346343;;;3,523863;1,046053;3,796885
0,8555565;1,987385846;0,01026727;(3.520347000, 1.036412000, 3.796568000);(0.105946800, 1.598442000, 0.224684900);1,996359;0,02581813;;;3,520347;1,036412;3,796568
0,8666676;1,993100532;0,005714686;(3.520276000, 1.030747000, 3.795813000);(0.106467500, 1.598341000, 0.224892500);2,001501;0,02314539;;;3,520276;1,030747;3,795813
0,8777788;1,995124805;0,002024273;(3.518859000, 1.029317000, 3.796021000);(0.107015300, 1.598330000, 0.224960800);2,002135;0,02128592;;;3,518859;1,029317;3,796021
0,8888899;1,991198847;0,003925958;(3.519195000, 1.033204000, 3.796458000);(0.107458400, 1.598286000, 0.225085000);1,998741;0,023167;;;3,519195;1,033204;3,796458
0,900001;1,979567557;0,01163129;(3.518524000, 1.044682000, 3.798219000);(0.107937900, 1.598339000, 0.225094400);1,987936;0,02991723;;;3,518524;1,044682;3,798219
0,9111122;1,966690787;0,01287677;(3.515670000, 1.056988000, 3.800715000);(0.108313100, 1.598369000, 0.225084200);1,975338;0,03880814;;;3,51567;1,056988;3,800715
0,9222233;1,958742201;0,007948586;(3.512785000, 1.064171000, 3.802520000);(0.108761300, 1.598451000, 0.225125500);1,967401;0,04453513;;;3,512785;1,064171;3,80252
0,9333345;1,955443956;0,003298245;(3.509634000, 1.063654000, 3.803347000);(0.109036500, 1.598531000, 0.225191900);1,966365;0,04324263;;;3,509634;1,063654;3,803347
0,9444456;1,957031564;0,001587608;(3.508854000, 1.062272000, 3.803380000);(0.109284100, 1.598586000, 0.225181100);1,967256;0,04172347;;;3,508854;1,062272;3,80338
0,9555568;1,964510081;0,007478517;(3.509451000, 1.054911000, 3.802203000);(0.109561900, 1.598623000, 0.225153600);1,974266;0,03470012;;;3,509451;1,054911;3,802203
0,9666679;1,968610490;0,004100409;(3.511134000, 1.051300000, 3.801230000);(0.109777500, 1.598669000, 0.225164700);1,978366;0,03180282;;;3,511134;1,0513;3,80123
0,977779;1,969850922;0,001240432;(3.512293000, 1.051637000, 3.800945000);(0.109884900, 1.598696000, 0.225192500);1,97861;0,03254969;;;3,512293;1,051637;3,800945
0,9888902;1,967512042;0,00233888;(3.510429000, 1.052865000, 3.801645000);(0.109990400, 1.598644000, 0.225204900);1,976601;0,03303526;;;3,510429;1,052865;3,801645
1,000001;1,963038368;0,004473674;(3.506945000, 1.055335000, 3.802975000);(0.109995800, 1.598661000, 0.225261700);1,972686;0,03452564;;;3,506945;1,055335;3,802975
1,011112;1,966135308;0,00309694;(3.509176000, 1.053386000, 3.802073000);(0.110037100, 1.598671000, 0.225384200);1,975528;0,03315631;;;3,509176;1,053386;3,802073
1,022224;1,975141568;0,00900626;(3.516010000, 1.048160000, 3.799410000);(0.110017000, 1.598635000, 0.225483900);1,98356;0,03120069;;;3,51601;1,04816;3,79941
1,033335;1,980689587;0,005548019;(3.518685000, 1.043505000, 3.798012000);(0.109998800, 1.598761000, 0.225702700);1,989088;0,02914659;;;3,518685;1,043505;3,798012
