time;total distance traveled;distance to prev position;ray position;hmd position;distance to prev target;distance to current target
(4.530180000, 1.167103000, 2.416518000);(3.358847000, 1.756356000, 3.926737000);0,2555556;0,2555556

0;-0,01573862;0,01573862;(4.545801000, 1.148783000, 2.394238000);(0.165254000, 1.603636000, 0.132297200);0,03280317;2,031393;;;4,545801;1,148783;2,394238
0,01111111;-0,007974278;0,007764342;(4.549804000, 1.154374000, 2.390632000);(0.165355900, 1.603609000, 0.132442900);0,03488813;2,034791;;;4,549804;1,154374;2,390632
0,02222222;-0,002519001;0,005455277;(4.551585000, 1.159416000, 2.389550000);(0.165422700, 1.603607000, 0.132658500);0,0352782;2,035167;;;4,551585;1,159416;2,38955
0,03333334;-0,007037548;0,004518547;(4.551826000, 1.163884000, 2.390178000);(0.165471400, 1.603586000, 0.132898000);0,03424443;2,033527;;;4,551826;1,163884;2,390178
0,04444445;-0,009862860;0,002825312;(4.550052000, 1.164219000, 2.392352000);(0.165581500, 1.603573000, 0.133083600);0,03142007;2,030747;;;4,550052;1,164219;2,392352
0,05555556;-0,014540703;0,004677843;(4.547050000, 1.162695000, 2.395600000);(0.165701300, 1.603581000, 0.133245900);0,02723245;2,026978;;;4,54705;1,162695;2,3956
0,06666667;-0,021176968;0,006636265;(4.542836000, 1.160233000, 2.400097000);(0.165776200, 1.603532000, 0.133474800);0,02184145;2,021837;;;4,542836;1,160233;2,400097
0,07777778;-0,025013433;0,003836465;(4.541058000, 1.157174000, 2.401581000);(0.165799900, 1.603496000, 0.133686700);0,02097704;2,02058;;;4,541058;1,157174;2,401581
0,08888889;-0,0241967179;0,0008167151;(4.540772000, 1.156432000, 2.401768000);(0.165798900, 1.603488000, 0.133905600);0,02106271;2,020492;;;4,540772;1,156432;2,401768
0,1;-0,0262794789;0,002082761;(4.540814000, 1.158482000, 2.402137000);(0.165821100, 1.603558000, 0.134111200);0,01985537;2,01963;;;4,540814;1,158482;2,402137
0,1111111;-0,0196225589;0,00665692;(4.543968000, 1.163699000, 2.399463000);(0.165847800, 1.603589000, 0.134284600);0,02219363;2,021959;;;4,543968;1,163699;2,399463
0,1222222;-0,0129900319;0,006632527;(4.547589000, 1.168096000, 2.396066000);(0.165788000, 1.603663000, 0.134465400);0,026877;2,025367;;;4,547589;1,168096;2,396066
0,1333333;-0,0082046219;0,00478541;(4.550515000, 1.170410000, 2.393069000);(0.166005800, 1.603672000, 0.134609400);0,03121464;2,02868;;;4,550515;1,17041;2,393069
0,1444445;-0,0022868829;0,005917739;(4.554374000, 1.171345000, 2.388681000);(0.165963300, 1.603788000, 0.134864400);0,0371254;2,033996;;;4,554374;1,171345;2,388681
0,1555556;-0,0004261179;0,001860765;(4.555473000, 1.170825000, 2.387272000);(0.165990100, 1.603791000, 0.135057000);0,03884533;2,035857;;;4,555473;1,170825;2,387272
0,1666667;-0,0046421099;0,004215992;(4.553884000, 1.167084000, 2.388391000);(0.166035500, 1.603829000, 0.135120100);0,0367832;2,035156;;;4,553884;1,167084;2,388391
0,1777778;-0,0120430899;0,00740098;(4.549101000, 1.166950000, 2.394038000);(0.166035700, 1.603869000, 0.135325400);0,02938385;2,02812;;;4,549101;1,16695;2,394038
0,1888889;-0,0189776489;0,006934559;(4.544662000, 1.167214000, 2.399359000);(0.166017000, 1.603913000, 0.135333900);0,02245427;2,021418;;;4,544662;1,167214;2,399359
0,2;-0,0269436259;0,007965977;(4.540050000, 1.169732000, 2.405346000);(0.165958200, 1.603966000, 0.135559500);0,01513768;2,013454;;;4,54005;1,169732;2,405346
0,2111111;-0,0315104419;0,004566816;(4.537351000, 1.170995000, 2.408806000);(0.165997700, 1.604053000, 0.135747900);0,01122731;2,008888;;;4,537351;1,170995;2,408806
0,2222222;-0,0340423959;0,002531954;(4.536464000, 1.172881000, 2.410244000);(0.165878400, 1.604091000, 0.136080400);0,01059422;2,006732;;;4,536464;1,172881;2,410244
0,2333333;-0,0406123329;0,006569937;(4.533497000, 1.176835000, 2.414573000);(0.165794100, 1.604147000, 0.136394700);0,01046431;2,000572;;;4,533497;1,176835;2,414573
0,2444444;-0,0262329529;0,01437938;(4.525531000, 1.182413000, 2.425165000);(0.165643300, 1.604317000, 0.136690100);0,01818727;1,986273;;;4,525531;1,182413;2,425165
0,2555556;-0,0098853629;0,01634759;(4.517361000, 1.190798000, 2.436574000);(0.165527200, 1.604338000, 0.137020500);0,0335864;1,97043;;;4,517361;1,190798;2,436574
0,2666667;0,0231072271;0,03299259;(4.500651000, 1.207272000, 2.459767000);(0.165472400, 1.604582000, 0.137257900);0,06599983;1,938352;;;4,500651;1,207272;2,459767
0,2777778;0,0590026471;0,03589542;(4.483071000, 1.226400000, 2.484537000);(0.165357700, 1.604699000, 0.137589300);0,1017936;1,903858;;;4,483071;1,2264;2,484537
0,3555556;0,4451985471;0,3861959;(4.264878000, 1.364578000, 2.771671000);(0.164392100, 1.604882000, 0.138443700);0,4852988;1,519395;;;4,264878;1,364578;2,771671
0,3666667;0,5183315871;0,07313304;(4.222128000, 1.386394000, 2.826852000);(0.164136900, 1.604959000, 0.138679500);0,5579949;1,446331;;;4,222128;1,386394;2,826852
0,3777778;0,5908315271;0,07249994;(4.180703000, 1.410987000, 2.881031000);(0.163835400, 1.605000000, 0.138776000);0,6303855;1,374128;;;4,180703;1,410987;2,881031
0,3888889;0,6745874471;0,08375592;(4.133793000, 1.442104000, 2.943050000);(0.163511700, 1.605075000, 0.138745300);0,714131;1,291099;;;4,133793;1,442104;2,94305
0,4;0,7652866771;0,09069923;(4.086031000, 1.483401000, 3.008162000);(0.163149600, 1.605258000, 0.138870600);0,804584;1,202947;;;4,086031;1,483401;3,008162
0,4111111;0,8518194371;0,08653276;(4.040407000, 1.522670000, 3.070325000);(0.162776900, 1.605459000, 0.139003100);0,8909376;1,119184;;;4,040407;1,52267;3,070325
0,4222222;0,9446211171;0,09280168;(3.991743000, 1.565392000, 3.136800000);(0.162371000, 1.605653000, 0.139083200);0,9835417;1,030061;;;3,991743;1,565392;3,1368
0,4333333;1,0349585171;0,0903374;(3.943534000, 1.605040000, 3.202105000);(0.161989600, 1.605790000, 0.139247200);1,07382;0,9433169;;;3,943534;1,60504;3,202105
0,4444444;1,1216121471;0,08665363;(3.896849000, 1.642008000, 3.265055000);(0.161689000, 1.606035000, 0.139397100);1,160456;0,8604326;;;3,896849;1,642008;3,265055
0,4555556;1,2012747971;0,07966265;(3.853630000, 1.675255000, 3.323132000);(0.161266100, 1.606220000, 0.139578900);1,240116;0,7846825;;;3,85363;1,675255;3,323132
0,4666667;1,2658725771;0,06459778;(3.815708000, 1.693992000, 3.371955000);(0.160756600, 1.606433000, 0.139753100);1,304202;0,7213835;;;3,815708;1,693992;3,371955
0,4777778;1,3192736671;0,05340109;(3.782234000, 1.700635000, 3.413028000);(0.160303000, 1.606529000, 0.139926500);1,355401;0,6680251;;;3,782234;1,700635;3,413028
0,4888889;1,3724663171;0,05319265;(3.749613000, 1.710769000, 3.453804000);(0.159843000, 1.606780000, 0.140140700);1,407416;0,6151761;;;3,749613;1,710769;3,453804
0,5;1,4138077371;0,04134142;(3.723003000, 1.711100000, 3.485442000);(0.159328300, 1.606896000, 0.140301900);1,445706;0,5739334;;;3,723003;1,7111;3,485442
0,5111111;1,4586292071;0,04482147;(3.696279000, 1.722668000, 3.519514000);(0.158746800, 1.607052000, 0.140515900);1,490183;0,5299296;;;3,696279;1,722668;3,519514
0,5222223;1,5044528271;0,04582362;(3.671712000, 1.742511000, 3.552719000);(0.158121400, 1.607216000, 0.140733100);1,535908;0,4878173;;;3,671712;1,742511;3,552719
0,5333334;1,5491021271;0,0446493;(3.645723000, 1.756187000, 3.586351000);(0.157577700, 1.607367000, 0.140860500);1,58044;0,4451524;;;3,645723;1,756187;3,586351
0,5444446;1,5727772671;0,02367514;(3.630619000, 1.757483000, 3.604536000);(0.156818200, 1.607530000, 0.141199800);1,602855;0,4215149;;;3,630619;1,757483;3,604536
0,5555557;1,5859879171;0,01321065;(3.622576000, 1.750965000, 3.612743000);(0.156034200, 1.607696000, 0.141507600);1,611085;0,4100906;;;3,622576;1,750965;3,612743
0,5666668;1,6019316571;0,01594374;(3.612540000, 1.744545000, 3.623338000);(0.155305300, 1.607873000, 0.141747900);1,622319;0,3956644;;;3,61254;1,744545;3,623338
0,577778;1,6285835771;0,02665192;(3.595586000, 1.746353000, 3.643823000);(0.154439100, 1.607996000, 0.142116500);1,647809;0,3690335;;;3,595586;1,746353;3,643823
0,5888891;1,6663758871;0,03779231;(3.573584000, 1.757917000, 3.672291000);(0.153581600, 1.608043000, 0.142521800);1,685557;0,3329519;;;3,573584;1,757917;3,672291
0,6000003;1,7134443071;0,04706842;(3.547879000, 1.777135000, 3.706720000);(0.152670900, 1.608161000, 0.142924800);1,732535;0,2908131;;;3,547879;1,777135;3,70672
0,6111114;1,7534797171;0,04003541;(3.524776000, 1.790030000, 3.736767000);(0.151755200, 1.608302000, 0.143359600);1,77255;0,25447;;;3,524776;1,79003;3,736767
0,6222225;1,7845755371;0,03109582;(3.508242000, 1.803820000, 3.759204000);(0.150715200, 1.608452000, 0.143877800);1,803488;0,229432;;;3,508242;1,80382;3,759204
0,6333337;1,8089800771;0,02440454;(3.495895000, 1.816032000, 3.776350000);(0.149897600, 1.608658000, 0.144298100);1,827566;0,2120367;;;3,495895;1,816032;3,77635
0,6444448;1,8221531871;0,01317311;(3.493042000, 1.827541000, 3.782089000);(0.148987500, 1.608819000, 0.144932700);1,837558;0,2097585;;;3,493042;1,827541;3,782089
0,655556;1,8439532171;0,02180003;(3.481049000, 1.836218000, 3.798093000);(0.148128700, 1.608963000, 0.145432500);1,859339;0,1945777;;;3,481049;1,836218;3,798093
0,6666671;1,8636962971;0,01974308;(3.469621000, 1.842468000, 3.812930000);(0.147427200, 1.609183000, 0.145955700);1,879061;0,1806605;;;3,469621;1,842468;3,81293
0,6777782;1,8808740571;0,01717776;(3.458599000, 1.842916000, 3.826098000);(0.146635900, 1.609268000, 0.146398100);1,895237;0,1660463;;;3,458599;1,842916;3,826098
0,6888894;1,8943230971;0,01344904;(3.449829000, 1.841090000, 3.836129000);(0.145971200, 1.609387000, 0.146730000);1,907016;0,153842;;;3,449829;1,84109;3,836129
0,7000005;1,9073509971;0,0130279;(3.445376000, 1.829182000, 3.838976000);(0.145251300, 1.609414000, 0.147066500);1,907495;0,1431532;;;3,445376;1,829182;3,838976
0,7111117;1,9212609971;0,01391;(3.436388000, 1.825238000, 3.848833000);(0.144582600, 1.609456000, 0.147319800);1,918606;0,1297167;;;3,436388;1,825238;3,848833
0,7222228;1,9377645771;0,01650358;(3.425809000, 1.825753000, 3.861490000);(0.144052600, 1.609473000, 0.147573200);1,934269;0,1164348;;;3,425809;1,825753;3,86149
0,7333339;1,9573043971;0,01953982;(3.413215000, 1.825740000, 3.876429000);(0.143538100, 1.609537000, 0.147780400);1,952628;0,1014936;;;3,413215;1,82574;3,876429
0,7444451;1,9756804671;0,01837607;(3.401388000, 1.825896000, 3.890492000);(0.142917800, 1.609574000, 0.147932200);1,96997;0,08921435;;;3,401388;1,825896;3,890492
0,7555562;1,9903279871;0,01464752;(3.392010000, 1.826450000, 3.901731000);(0.142475400, 1.609619000, 0.148111700);1,983942;0,0814757;;;3,39201;1,82645;3,901731
0,7666674;2,0017508671;0,01142288;(3.384561000, 1.824585000, 3.910187000);(0.142151300, 1.609678000, 0.148193100);1,993934;0,07476865;;;3,384561;1,824585;3,910187
0,7777785;2,0107665751;0,009015708;(3.379409000, 1.819128000, 3.915184000);(0.141751800, 1.609684000, 0.148288500);1,998852;0,06705695;;;3,379409;1,819128;3,915184
0,7888896;2,0195551871;0,008788612;(3.373870000, 1.815622000, 3.921038000);(0.141514900, 1.609730000, 0.148471500);2,005295;0,0614061;;;3,37387;1,815622;3,921038
0,8000008;2,0276312111;0,008076024;(3.368679000, 1.815751000, 3.927223000);(0.141185900, 1.609811000, 0.148493400);2,012972;0,06020518;;;3,368679;1,815751;3,927223
0,8111119;2,0345346941;0,006903483;(3.364739000, 1.818107000, 3.932379000);(0.141050200, 1.609802000, 0.148553500);2,019874;0,06228797;;;3,364739;1,818107;3,932379
0,8222231;2,0396571981;0,005122504;(3.361417000, 1.817853000, 3.936269000);(0.140760900, 1.609888000, 0.148624400);2,02463;0,06228479;;;3,361417;1,817853;3,936269
0,8333342;2,0489722041;0,009315006;(3.355395000, 1.815243000, 3.942880000);(0.140340400, 1.609867000, 0.148733600);2,032237;0,06115766;;;3,355395;1,815243;3,94288
0,8444453;2,0628424741;0,01387027;(3.346509000, 1.810625000, 3.952477000);(0.140034800, 1.609991000, 0.148727200);2,043126;0,06131793;;;3,346509;1,810625;3,952477
0,8555565;2,0793187541;0,01647628;(3.336640000, 1.801942000, 3.962410000);(0.139734100, 1.610070000, 0.148740100);2,053617;0,06199895;;;3,33664;1,801942;3,96241
0,8666676;2,0937193841;0,01440063;(3.329030000, 1.791901000, 3.969384000);(0.139398500, 1.610152000, 0.148741700);2,060225;0,06301796;;;3,32903;1,791901;3,969384
0,8777788;2,1048153041;0,01109592;(3.322046000, 1.787430000, 3.976756000);(0.139087600, 1.610201000, 0.148757300);2,068511;0,06943959;;;3,322046;1,78743;3,976756
0,8888899;2,1119507121;0,007135408;(3.317651000, 1.784106000, 3.981290000);(0.138864800, 1.610242000, 0.148722300);2,073506;0,07377785;;;3,317651;1,784106;3,98129
0,900001;2,0974328121;0,0145179;(3.326264000, 1.780204000, 3.970273000);(0.138549300, 1.610238000, 0.148855600);2,058995;0,05937837;;;3,326264;1,780204;3,970273
0,9111122;2,0915028561;0,005929956;(3.329389000, 1.784354000, 3.967415000);(0.138214600, 1.610274000, 0.148903800);2,056253;0,05750084;;;3,329389;1,784354;3,967415
0,9222233;2,0739187661;0,01758409;(3.340309000, 1.792159000, 3.956055000);(0.137940300, 1.610411000, 0.149075200);2,043688;0,04985024;;;3,340309;1,792159;3,956055
0,9333345;2,0625453761;0,01137339;(3.346985000, 1.798572000, 3.949447000);(0.137609000, 1.610461000, 0.149155200);2,036805;0,04938287;;;3,346985;1,798572;3,949447
0,9444456;2,0665719411;0,004026565;(3.347410000, 1.802564000, 3.949759000);(0.137120100, 1.610495000, 0.149346100);2,038033;0,05287696;;;3,34741;1,802564;3,949759
0,9555568;2,0662292193;0,0003427218;(3.347372000, 1.802224000, 3.949735000);(0.136806700, 1.610528000, 0.149422800);2,037932;0,05257836;;;3,347372;1,802224;3,949735
0,9666679;2,0750801193;0,0088509;(3.343185000, 1.795278000, 3.953281000);(0.136498100, 1.610546000, 0.149500900);2,040882;0,04964707;;;3,343185;1,795278;3,953281
0,977779;2,0877056693;0,01262555;(3.337405000, 1.785123000, 3.958061000);(0.136198500, 1.610561000, 0.149573700);2,044753;0,04762871;;;3,337405;1,785123;3,958061
0,9888902;2,0999558693;0,0122502;(3.332468000, 1.774537000, 3.961753000);(0.135961300, 1.610494000, 0.149623400);2,047252;0,04746064;;;3,332468;1,774537;3,961753
1,000001;2,1128133493;0,01285748;(3.326606000, 1.764164000, 3.966587000);(0.135677400, 1.610486000, 0.149688600);2,051288;0,0518502;;;3,326606;1,764164;3,966587
1,011112;2,1153888563;0,002575507;(3.325096000, 1.762706000, 3.968079000);(0.135430600, 1.610479000, 0.149740800);2,052878;0,05374548;;;3,325096;1,762706;3,968079
1,022224;2,1076090643;0,007779792;(3.328957000, 1.768551000, 3.964694000);(0.135215700, 1.610497000, 0.149797400);2,049762;0,04982873;;;3,328957;1,768551;3,964694
1,033335;2,0929613043;0,01464776;(3.336088000, 1.779761000, 3.958528000);(0.134983600, 1.610422000, 0.149798500);2,04426;0,04556801;;;3,336088;1,779761;3,958528
1,044446;2,0784818343;0,01447947;(3.344588000, 1.787922000, 3.950112000);(0.134723900, 1.610371000, 0.149781200);2,035425;0,04178664;;;3,344588;1,787922;3,950112
1,055557;2,0720614533;0,006420381;(3.348622000, 1.790545000, 3.945862000);(0.134537300, 1.610366000, 0.149753500);2,030678;0,04048748;;;3,348622;1,790545;3,945862
1,066668;2,0684016283;0,003659825;(3.348170000, 1.786919000, 3.945658000);(0.134310300, 1.610452000, 0.149732300);2,029677;0,03749837;;;3,34817;1,786919;3,945658
1,077779;2,0738269633;0,005425335;(3.345620000, 1.782640000, 3.947807000);(0.134145900, 1.610369000, 0.149775600);2,031481;0,03619032;;;3,34562;1,78264;3,947807
1,08889;2,0715556943;0,002271269;(3.345576000, 1.780405000, 3.947402000);(0.134132300, 1.610326000, 0.149632700);2,030525;0,0343737;;;3,345576;1,780405;3,947402
1,100002;2,0672477733;0,004307921;(3.344966000, 1.776143000, 3.947254000);(0.133994900, 1.610302000, 0.149537100);2,029486;0,03170404;;;3,344966;1,776143;3,947254
1,111113;2,0609830803;0,006264693;(3.344372000, 1.769932000, 3.946689000);(0.133712500, 1.610392000, 0.149564400);2,027551;0,02814089;;;3,344372;1,769932;3,946689
1,122224;2,0667189753;0,005735895;(3.341360000, 1.765898000, 3.949436000);(0.133783300, 1.610383000, 0.149377700);2,030193;0,03020089;;;3,34136;1,765898;3,949436
1,133335;2,0697924933;0,003073518;(3.339585000, 1.764086000, 3.951172000);(0.133715600, 1.610353000, 0.149206600);2,032011;0,03206059;;;3,339585;1,764086;3,951172
1,144446;2,0648499773;0,004942516;(3.341337000, 1.760430000, 3.948346000);(0.133599800, 1.610276000, 0.149195800);2,027777;0,02810937;;;3,341337;1,76043;3,948346
1,155557;2,0545727173;0,01027726;(3.347654000, 1.758534000, 3.940464000);(0.133546800, 1.610293000, 0.149046800);2,017565;0,01784534;;;3,347654;1,758534;3,940464
1,166668;2,0436233473;0,01094937;(3.354792000, 1.759892000, 3.932273000);(0.133543400, 1.610288000, 0.148818600);2,007597;0,007719709;;;3,354792;1,759892;3,932273
1,17778;2,0405555103;0,003067837;(3.356601000, 1.761596000, 3.930474000);(0.133507900, 1.610316000, 0.148649600);2,005684;0,006816486;;;3,356601;1,761596;3,930474
1,188891;2,0433308143;0,002775304;(3.355108000, 1.759712000, 3.931861000);(0.133373700, 1.610276000, 0.148467800);2,007048;0,007175779;;;3,355108;1,759712;3,931861
1,200002;2,0517680563;0,008437242;(3.349709000, 1.756857000, 3.937682000);(0.133336100, 1.610302000, 0.148383500);2,013768;0,01426712;;;3,349709;1,756857;3,937682
1,211113;2,0597294473;0,007961391;(3.344763000, 1.753330000, 3.942828000);(0.133305200, 1.610325000, 0.148245700);2,019529;0,02159716;;;3,344763;1,75333;3,942828
1,222224;2,0646997693;0,004970322;(3.342051000, 1.750032000, 3.945372000);(0.133185800, 1.610358000, 0.148102000);2,022091;0,0258718;;;3,342051;1,750032;3,945372
