time;total distance traveled;distance to prev position;ray position;hmd position;distance to prev target;distance to current target
(3.651902000, 0.095878010, 3.353316000);(4.335236000, 1.886253000, 2.780941000);0,3111111;0,3

0;-0,01601663;0,01601663;(3.624790000, 0.129703600, 3.395650000);(0.117756100, 1.596801000, 0.142924600);0,0605925;1,992001;;;3,62479;0,1297036;3,39565
0,01111111;0,00139012;0,01740675;(3.615157000, 0.134484900, 3.409338000);(0.117833900, 1.596769000, 0.143067600);0,07732486;1,995517;;;3,615157;0,1344849;3,409338
0,02222222;0,009332491;0,007942371;(3.610872000, 0.137059500, 3.415509000);(0.117886700, 1.596599000, 0.143228900);0,08513183;1,996762;;;3,610872;0,1370595;3,415509
0,03333334;0,012427098;0,003094607;(3.610150000, 0.139695500, 3.416961000);(0.117986800, 1.596535000, 0.143410500);0,08782879;1,995178;;;3,61015;0,1396955;3,416961
0,04444445;0,011417167;0,001009931;(3.610600000, 0.140479600, 3.416511000);(0.118124300, 1.596607000, 0.143553000);0,08768533;1,994184;;;3,6106;0,1404796;3,416511
0,05555556;0,007227902;0,004189265;(3.612911000, 0.139301600, 3.413221000);(0.118240000, 1.596598000, 0.143743700);0,08363324;1,993332;;;3,612911;0,1393016;3,413221
0,06666667;0,005641662;0,00158624;(3.612393000, 0.137862100, 3.413640000);(0.118281900, 1.596639000, 0.143946700);0,08344239;1,994914;;;3,612393;0,1378621;3,41364
0,07777778;0,009676393;0,004034731;(3.610116000, 0.138791900, 3.416838000);(0.118474000, 1.596536000, 0.144024400);0,08730857;1,995942;;;3,610116;0,1387919;3,416838
0,08888889;0,013586869;0,003910476;(3.608516000, 0.141252200, 3.419423000);(0.118596900, 1.596585000, 0.144231800);0,09116623;1,995196;;;3,608516;0,1412522;3,419423
0,1;0,015663524;0,002076655;(3.608567000, 0.143303900, 3.419739000);(0.118676500, 1.596582000, 0.144330900);0,09240817;1,993485;;;3,608567;0,1433039;3,419739
0,1111111;0,0148019316;0,0008615924;(3.608934000, 0.142788500, 3.419155000);(0.118776400, 1.596600000, 0.144468700);0,09155121;1,993615;;;3,608934;0,1427885;3,419155
0,1222222;0,0085017496;0,006300182;(3.611560000, 0.138909600, 3.414942000);(0.118876600, 1.596634000, 0.144547400);0,08530504;1,994711;;;3,61156;0,1389096;3,414942
0,1333333;0,0016772336;0,006824516;(3.612182000, 0.132426700, 3.412902000);(0.118984600, 1.596664000, 0.144638400);0,080399;1,999522;;;3,612182;0,1324267;3,412902
0,1444445;-0,0012425454;0,002919779;(3.612922000, 0.129995600, 3.411464000);(0.119175400, 1.596654000, 0.144604700);0,07787611;2,000934;;;3,612922;0,1299956;3,411464
0,1555556;-0,0000895284;0,001153017;(3.612252000, 0.129499600, 3.412261000);(0.119282200, 1.596644000, 0.144706600);0,07859411;2,001863;;;3,612252;0,1294996;3,412261
0,1666667;0,0008806246;0,000970153;(3.611668000, 0.129231900, 3.412988000);(0.119372400, 1.596700000, 0.144896300);0,07932206;2,002538;;;3,611668;0,1292319;3,412988
0,1777778;-0,0016136454;0,00249427;(3.612926000, 0.128165000, 3.411117000);(0.119439300, 1.596693000, 0.145029700);0,07682788;2,00243;;;3,612926;0,128165;3,411117
0,1888889;-0,0136923854;0,01207874;(3.620245000, 0.128905700, 3.401536000);(0.119464400, 1.596710000, 0.145020800);0,06646974;1,996152;;;3,620245;0,1289057;3,401536
0,2;-0,0216661124;0,007973727;(3.625080000, 0.130659100, 3.395443000);(0.119476400, 1.596673000, 0.145207900);0,06085939;1,990991;;;3,62508;0,1306591;3,395443
0,2111111;-0,0280960974;0,006429985;(3.628384000, 0.134833200, 3.391837000);(0.119547000, 1.596668000, 0.145368900);0,05961942;1,98502;;;3,628384;0,1348332;3,391837
0,2222222;-0,0245719514;0,003524146;(3.626551000, 0.136188200, 3.394525000);(0.119579900, 1.596607000, 0.145562000);0,06297419;1,985308;;;3,626551;0,1361882;3,394525
0,2333333;-0,0172003294;0,007371622;(3.622566000, 0.131912800, 3.399017000);(0.119649000, 1.596567000, 0.145701200);0,06517436;1,99189;;;3,622566;0,1319128;3,399017
0,2444444;-0,0235221634;0,006321834;(3.620399000, 0.126259300, 3.400836000);(0.119673700, 1.596550000, 0.145848900);0,06460347;1,998209;;;3,620399;0,1262593;3,400836
0,2555556;-0,0275291564;0,004006993;(3.621881000, 0.123487400, 3.398350000);(0.119673400, 1.596564000, 0.145956700);0,06075915;1,999353;;;3,621881;0,1234874;3,39835
0,2666667;-0,0305261914;0,002997035;(3.623702000, 0.123821900, 3.395994000);(0.119686500, 1.596599000, 0.146062600);0,05828829;1,997682;;;3,623702;0,1238219;3,395994
0,2777778;-0,0360092594;0,005483068;(3.626320000, 0.127789500, 3.393261000);(0.119693200, 1.596624000, 0.146180800);0,05716996;1,992409;;;3,62632;0,1277895;3,393261
0,2888889;-0,0222507494;0,01375851;(3.630641000, 0.140407500, 3.389883000);(0.119691700, 1.596678000, 0.146268700);0,06141723;1,978697;;;3,630641;0,1404075;3,389883
0,3;0,0066580506;0,0289088;(3.642041000, 0.164777000, 3.379306000);(0.119745400, 1.596778000, 0.146326200);0,07429519;1,949882;;;3,642041;0,164777;3,379306
0,3111111;0,0309984206;0,02434037;(3.652152000, 0.184678400, 3.369603000);(0.119816300, 1.596975000, 0.146369400);0,09028196;1,925742;;;3,652152;0,1846784;3,369603
0,3222222;0,0690135506;0,03801513;(3.669595000, 0.213391100, 3.351813000);(0.119920200, 1.597146000, 0.146344100);0,1188471;1,888767;;;3,669595;0,2133911;3,351813
0,3333333;0,0984580106;0,02944446;(3.683239000, 0.235411300, 3.337815000);(0.119992100, 1.597366000, 0.146300300);0,1438465;1,860239;;;3,683239;0,2354113;3,337815
0,3444445;0,1309665106;0,0325085;(3.696562000, 0.262219100, 3.325140000);(0.120009900, 1.597667000, 0.146313900);0,1745213;1,827989;;;3,696562;0,2622191;3,32514
0,3555556;0,1622283206;0,03126181;(3.704585000, 0.292003500, 3.320059000);(0.120022800, 1.597929000, 0.146201900);0,2057831;1,79722;;;3,704585;0,2920035;3,320059
0,3666667;0,1995997106;0,03737139;(3.712121000, 0.328468500, 3.316876000);(0.120083200, 1.598233000, 0.146175400);0,2430072;1,761304;;;3,712121;0,3284685;3,316876
0,3777778;0,2439767806;0,04437707;(3.722237000, 0.371337200, 3.311466000);(0.120176000, 1.598673000, 0.146225200);0,2873606;1,718195;;;3,722237;0,3713372;3,311466
0,3888889;0,3045400406;0,06056326;(3.740063000, 0.427710600, 3.298344000);(0.120216200, 1.599009000, 0.146376500);0,3477169;1,658096;;;3,740063;0,4277106;3,298344
0,4;0,3760030406;0,071463;(3.764763000, 0.491437100, 3.277469000);(0.120130900, 1.599378000, 0.146467700);0,4182791;1,58666;;;3,764763;0,4914371;3,277469
0,4111111;0,4401411106;0,06413807;(3.785739000, 0.549625400, 3.260504000);(0.120130800, 1.599716000, 0.146476000);0,4820925;1,522662;;;3,785739;0,5496254;3,260504
0,4222222;0,5216796906;0,08153858;(3.810925000, 0.624712400, 3.241109000);(0.120079800, 1.600083000, 0.146469100);0,563511;1,441576;;;3,810925;0,6247124;3,241109
0,4333333;0,6058698606;0,08419017;(3.836016000, 0.702872800, 3.222417000);(0.119994300, 1.600415000, 0.146504400);0,647669;1,358128;;;3,836016;0,7028728;3,222417
0,4444444;0,7005910106;0,09472115;(3.866164000, 0.789448000, 3.198585000);(0.120011400, 1.600682000, 0.146502000);0,7422189;1,263898;;;3,866164;0,789448;3,198585
0,4555556;0,7947222306;0,09413122;(3.897479000, 0.874421100, 3.172902000);(0.119898500, 1.600907000, 0.146570500);0,836054;1,170072;;;3,897479;0,8744211;3,172902
0,4666667;0,8864605106;0,09173828;(3.927691000, 0.957482200, 3.148326000);(0.119868700, 1.601073000, 0.146667900);0,9276002;1,07874;;;3,927691;0,9574822;3,148326
0,4777778;0,9807139006;0,09425339;(3.959788000, 1.041947000, 3.121510000);(0.119731500, 1.601290000, 0.146768700);1,021555;0,9847844;;;3,959788;1,041947;3,12151
0,4888889;1,0802741606;0,09956026;(3.996745000, 1.128339000, 3.088601000);(0.119587400, 1.601607000, 0.146945400);1,120252;0,8852487;;;3,996745;1,128339;3,088601
0,5;1,1702260606;0,0899519;(4.029483000, 1.207035000, 3.059854000);(0.119423800, 1.601791000, 0.147064100);1,209693;0,7953705;;;4,029483;1,207035;3,059854
0,5111111;1,2642103806;0,09398432;(4.062476000, 1.290393000, 3.031641000);(0.119213300, 1.601883000, 0.147197800);1,303423;0,7016392;;;4,062476;1,290393;3,031641
0,5222223;1,3566957406;0,09248536;(4.090875000, 1.375680000, 3.009889000);(0.119000600, 1.602054000, 0.147348800);1,395899;0,610585;;;4,090875;1,37568;3,009889
0,5333334;1,4405295306;0,08383379;(4.114408000, 1.454431000, 2.993378000);(0.118829100, 1.602229000, 0.147477100);1,479572;0,5294947;;;4,114408;1,454431;2,993378
0,5444446;1,5214959706;0,08096644;(4.137192000, 1.530454000, 2.977348000);(0.118621200, 1.602429000, 0.147598000);1,560406;0,4520952;;;4,137192;1,530454;2,977348
0,5555557;1,5863191306;0,06482316;(4.154727000, 1.591731000, 2.965530000);(0.118455300, 1.602581000, 0.147729200);1,62505;0,3916627;;;4,154727;1,591731;2,96553
0,5666668;1,6398333406;0,05351421;(4.173265000, 1.639416000, 2.949836000);(0.118250400, 1.602700000, 0.147879600);1,678429;0,3401303;;;4,173265;1,639416;2,949836
0,577778;1,7025090006;0,06267566;(4.191986000, 1.697575000, 2.935861000);(0.118067000, 1.602780000, 0.148080200);1,741089;0,2830553;;;4,191986;1,697575;2,935861
0,5888891;1,7597988706;0,05728987;(4.209631000, 1.750368000, 2.922307000);(0.117827800, 1.602764000, 0.148146500);1,798379;0,2328647;;;4,209631;1,750368;2,922307
0,6000003;1,8135058906;0,05370702;(4.224893000, 1.800706000, 2.911462000);(0.117650500, 1.602831000, 0.148073500);1,852023;0,191128;;;4,224893;1,800706;2,911462
0,6111114;1,8714868106;0,05798092;(4.240217000, 1.855713000, 2.901406000);(0.117446200, 1.602800000, 0.148103400);1,909805;0,1564392;;;4,240217;1,855713;2,901406
0,6222225;1,9191628206;0,04767601;(4.249727000, 1.902266000, 2.897489000);(0.117139900, 1.602823000, 0.148157500);1,956582;0,1454362;;;4,249727;1,902266;2,897489
0,6333337;1,9531321606;0,03396934;(4.256866000, 1.935313000, 2.894195000);(0.116941200, 1.602923000, 0.148221000);1,990049;0,1462032;;;4,256866;1,935313;2,894195
0,6444448;1,9760633906;0,02293123;(4.263027000, 1.957014000, 2.890074000);(0.116717200, 1.602922000, 0.148327700);2,012931;0,1487663;;;4,263027;1,957014;2,890074
0,655556;2,0080658406;0,03200245;(4.272977000, 1.986437000, 2.882367000);(0.116475100, 1.602963000, 0.148337200);2,044931;0,1555651;;;4,272977;1,986437;2,882367
0,6666671;2,0438589506;0,03579311;(4.287123000, 2.016574000, 2.869221000);(0.116139400, 1.603057000, 0.148375300);2,080127;0,164596;;;4,287123;2,016574;2,869221
0,6777782;2,0827589506;0,0389;(4.300846000, 2.051015000, 2.857444000);(0.115898600, 1.603130000, 0.148399100);2,118863;0,1848843;;;4,300846;2,051015;2,857444
0,6888894;2,1126688306;0,02990988;(4.311052000, 2.077801000, 2.848904000);(0.115510500, 1.603287000, 0.148385900);2,148704;0,2046817;;;4,311052;2,077801;2,848904
0,7000005;2,1273332806;0,01466445;(4.316195000, 2.090813000, 2.844510000);(0.115299300, 1.603370000, 0.148361400);2,163315;0,2150543;;;4,316195;2,090813;2,84451
1,233335;1,9310214806;0,1963118;(4.359887000, 1.921729000, 2.754844000);(0.112919200, 1.604939000, 0.154683600);2,047716;0,05047017;;;4,359887;1,921729;2,754844
1,244446;1,9304961183;0,0005253623;(4.359707000, 1.921259000, 2.754996000);(0.113041500, 1.604923000, 0.154801500);2,047191;0,0499738;;;4,359707;1,921259;2,754996
1,255558;1,9327212263;0,002225108;(4.358594000, 1.922236000, 2.756657000);(0.112947600, 1.604949000, 0.155041400);2,047193;0,04929578;;;4,358594;1,922236;2,756657
1,266669;1,9287182213;0,004003005;(4.356458000, 1.923613000, 2.759750000);(0.112963700, 1.604907000, 0.155227700);2,046786;0,04790772;;;4,356458;1,923613;2,75975
1,27778;1,9232257373;0,005492484;(4.354485000, 1.918783000, 2.761467000);(0.113101900, 1.604899000, 0.155458600);2,041296;0,04251991;;;4,354485;1,918783;2,761467
1,288891;1,9138336013;0,009392136;(4.353952000, 1.909463000, 2.760430000);(0.113119000, 1.604867000, 0.155647400);2,033096;0,03618979;;;4,353952;1,909463;2,76043
1,300002;1,9080436153;0,005789986;(4.354769000, 1.904123000, 2.758346000);(0.113080000, 1.604778000, 0.155822100);2,029227;0,03480486;;;4,354769;1,904123;2,758346
1,311113;1,9024177843;0,005625831;(4.356058000, 1.899310000, 2.755734000);(0.113169300, 1.604698000, 0.155948200);2,026155;0,03520485;;;4,356058;1,89931;2,755734
1,322224;1,8983448733;0,004072911;(4.358028000, 1.897359000, 2.752751000);(0.113198500, 1.604667000, 0.156130500);2,025987;0,03791384;;;4,358028;1,897359;2,752751
1,333336;1,8905234843;0,007821389;(4.360776000, 1.891743000, 2.748052000);(0.113224800, 1.604618000, 0.156308400);2,023358;0,04200134;;;4,360776;1,891743;2,748052
1,344447;1,8831840443;0,00733944;(4.360627000, 1.884497000, 2.746893000);(0.113332200, 1.604615000, 0.156542500);2,017225;0,0425088;;;4,360627;1,884497;2,746893
1,355558;1,8787009913;0,004483053;(4.359150000, 1.880438000, 2.748095000);(0.113384800, 1.604553000, 0.156766200);2,012746;0,04104346;;;4,35915;1,880438;2,748095
1,366669;1,8732194083;0,005481583;(4.357309000, 1.875504000, 2.749617000);(0.113413200, 1.604518000, 0.156929100);2,007267;0,03979883;;;4,357309;1,875504;2,749617
1,37778;1,8714798383;0,00173957;(4.356858000, 1.873850000, 2.749907000);(0.113456600, 1.604477000, 0.157084000);2,005554;0,03980541;;;4,356858;1,87385;2,749907
1,388891;1,8743812273;0,002901389;(4.358580000, 1.873638000, 2.747581000);(0.113525900, 1.604442000, 0.157210500);2,006674;0,04262555;;;4,35858;1,873638;2,747581
1,400002;1,8707037993;0,003677428;(4.360013000, 1.871208000, 2.745222000);(0.113563700, 1.604442000, 0.157348600);2,005741;0,04600061;;;4,360013;1,871208;2,745222
1,411114;1,8665574253;0,004146374;(4.360549000, 1.867355000, 2.743789000);(0.113699900, 1.604406000, 0.157341400);2,002956;0,04876651;;;4,360549;1,867355;2,743789
1,422225;1,8630671733;0,003490252;(4.359869000, 1.863942000, 2.744054000);(0.113740900, 1.604360000, 0.157442100);1,999616;0,04965048;;;4,359869;1,863942;2,744054
1,466669;1,8535488173;0,009518356;(4.354997000, 1.857718000, 2.749359000);(0.113915200, 1.604397000, 0.157820000);1,990776;0,04692691;;;4,354997;1,857718;2,749359
