time;total distance traveled;distance to prev position;ray position;hmd position;distance to prev target;distance to current target
(3.112641000, 0.804102300, 4.060655000);(1.412269000, 1.226269000, 5.025285000);0,2777778;0,2444444

0;-0,001464991;0,001464991;(3.107136000, 0.830831100, 4.068245000);(0.119213700, 1.594825000, 0.218161100);0,02832561;1,98617;;;3,107136;0,8308311;4,068245
0,01111111;0,005374607;0,006839598;(3.101075000, 0.829762500, 4.071230000);(0.119152300, 1.594829000, 0.217975400);0,03006718;1,979774;;;3,101075;0,8297625;4,07123
0,02222222;0,009656349;0,004281742;(3.097573000, 0.827798600, 4.072718000);(0.119120400, 1.594815000, 0.217783400);0,03056226;1,976465;;;3,097573;0,8277986;4,072718
0,03333334;0,008346842;0,001309507;(3.097748000, 0.826539200, 4.072404000);(0.118920500, 1.594892000, 0.217481400);0,0293813;1,977019;;;3,097748;0,8265392;4,072404
0,04444445;0,003061334;0,005285508;(3.101444000, 0.823656300, 4.069962000);(0.118899300, 1.594992000, 0.217294500);0,02437928;1,981931;;;3,101444;0,8236563;4,069962
0,05555556;-0,001645293;0,004706627;(3.105349000, 0.822344400, 4.067686000);(0.118977700, 1.594939000, 0.217006600);0,02086568;1,986623;;;3,105349;0,8223444;4,067686
0,06666667;0,001800951;0,003446244;(3.108101000, 0.824080000, 4.066550000);(0.118930900, 1.594966000, 0.216837000);0,02131835;1,989164;;;3,108101;0,82408;4,06655
0,07777778;0,005814835;0,004013884;(3.111386000, 0.825915300, 4.065154000);(0.118823900, 1.595023000, 0.216644800);0,02230737;1,992269;;;3,111386;0,8259153;4,065154
0,08888889;0,011016505;0,00520167;(3.114245000, 0.830196800, 4.064411000);(0.118764400, 1.595042000, 0.216424400);0,02641215;1,994211;;;3,114245;0,8301968;4,064411
0,1;0,007737591;0,003278914;(3.117103000, 0.829818400, 4.062848000);(0.118716200, 1.595129000, 0.216068000);0,0261923;1,997478;;;3,117103;0,8298184;4,062848
0,1111111;0,001362211;0,00637538;(3.120956000, 0.825559500, 4.060081000);(0.118547300, 1.595203000, 0.215823600);0,02301934;2,002948;;;3,120956;0,8255595;4,060081
0,1222222;0,006006082;0,004643871;(3.124694000, 0.823953000, 4.057841000);(0.118447600, 1.595141000, 0.215387800);0,02339331;2,007537;;;3,124694;0,823953;4,057841
0,1333333;0,0066189393;0,0006128573;(3.124434000, 0.824460600, 4.058066000);(0.118209900, 1.595183000, 0.215211900);0,0236697;2,007106;;;3,124434;0,8244606;4,058066
0,1444445;0,0045979043;0,002021035;(3.122638000, 0.824291500, 4.058976000);(0.118095200, 1.595189000, 0.214861800);0,02259124;2,005168;;;3,122638;0,8242915;4,058976
0,1555556;0,0066063733;0,002008469;(3.121161000, 0.825269600, 4.059922000);(0.117969400, 1.595236000, 0.214644600);0,02282935;2,003257;;;3,121161;0,8252696;4,059922
0,1666667;0,0073994654;0,0007930921;(3.121865000, 0.825293900, 4.059558000);(0.117882700, 1.595217000, 0.214349600);0,02313804;2,004028;;;3,121865;0,8252939;4,059558
0,1777778;0,0115747854;0,00417532;(3.125576000, 0.825639800, 4.057676000);(0.117824000, 1.595330000, 0.214064400);0,02529929;2,008032;;;3,125576;0,8256398;4,057676
0,1888889;0,0182728124;0,006698027;(3.131074000, 0.823601800, 4.054438000);(0.117751300, 1.595452000, 0.213762200);0,02754366;2,01469;;;3,131074;0,8236018;4,054438
0,2;0,0215195474;0,003246735;(3.133878000, 0.823099700, 4.052881000);(0.117687000, 1.595503000, 0.213584400);0,02953577;2,017933;;;3,133878;0,8230997;4,052881
0,2111111;0,0187991344;0,002720413;(3.131694000, 0.824053900, 4.054193000);(0.117601000, 1.595589000, 0.213330700);0,02833476;2,015247;;;3,131694;0,8240539;4,054193
0,2222222;0,0053299944;0,01346914;(3.121754000, 0.830557600, 4.060543000);(0.117546000, 1.595679000, 0.212973900);0,02798133;2,002413;;;3,121754;0,8305576;4,060543
0,2333333;0,0217112644;0,01638127;(3.110691000, 0.840056200, 4.068008000);(0.117251900, 1.595861000, 0.212830200);0,03674978;1,987506;;;3,110691;0,8400562;4,068008
0,2444444;0,0355264244;0,01381516;(3.101390000, 0.848107100, 4.074296000);(0.117160800, 1.595898000, 0.212670900);0,04742422;1,974973;;;3,10139;0,8481071;4,074296
0,2555556;0,0516909144;0,01616449;(3.090684000, 0.857764800, 4.081602000);(0.116962300, 1.596141000, 0.212336600);0,06164869;1,960461;;;3,090684;0,8577648;4,081602
0,2666667;0,0783231844;0,02663227;(3.074684000, 0.875663500, 4.093132000);(0.116847100, 1.596243000, 0.212095200);0,08727223;1,937901;;;3,074684;0,8756635;4,093132
0,2777778;0,1066919944;0,02836881;(3.059453000, 0.896567100, 4.104787000);(0.116741900, 1.596277000, 0.211730100);0,1154396;1,915525;;;3,059453;0,8965671;4,104787
0,2888889;0,1272519544;0,02055996;(3.046576000, 0.909781700, 4.113857000);(0.116697500, 1.596281000, 0.211486800);0,1355106;1,897848;;;3,046576;0,9097817;4,113857
0,3;0,1507019244;0,02344997;(3.029248000, 0.921064300, 4.124917000);(0.116599100, 1.596420000, 0.211195100);0,1573663;1,875748;;;3,029248;0,9210643;4,124917
0,3111111;0,1837511744;0,03304925;(3.004802000, 0.936924000, 4.140510000);(0.116439100, 1.596446000, 0.210832200);0,1888057;1,844643;;;3,004802;0,936924;4,14051
0,3222222;0,2493711144;0,06561994;(2.953382000, 0.962822700, 4.171993000);(0.116283900, 1.596367000, 0.210386400);0,250902;1,781162;;;2,953382;0,9628227;4,171993
0,3333333;0,3585188144;0,1091477;(2.860985000, 0.987312000, 4.224684000);(0.116045800, 1.596311000, 0.209868000);0,351855;1,672376;;;2,860985;0,987312;4,224684
0,3444445;0,4285515844;0,07003277;(2.802860000, 1.006789000, 4.258547000);(0.115871000, 1.596185000, 0.209393000);0,4197707;1,60306;;;2,80286;1,006789;4,258547
0,3555556;0,5473468844;0,1187953;(2.703625000, 1.037875000, 4.315979000);(0.115650800, 1.596075000, 0.208889000);0,5358487;1,485331;;;2,703625;1,037875;4,315979
0,3666667;0,6387780844;0,0914312;(2.630724000, 1.071142000, 4.360006000);(0.115304200, 1.596047000, 0.208477400);0,6270288;1,396887;;;2,630724;1,071142;4,360006
0,3777778;0,7424015844;0,1036235;(2.547148000, 1.106546000, 4.410001000);(0.114976000, 1.595847000, 0.207894800);0,7302717;1,296479;;;2,547148;1,106546;4,410001
0,3888889;0,8345918544;0,09219027;(2.472360000, 1.136950000, 4.454513000);(0.114669600, 1.595822000, 0.207386900);0,8221141;1,207291;;;2,47236;1,13695;4,454513
0,4;0,9272738844;0,09268203;(2.394530000, 1.159893000, 4.499303000);(0.114255000, 1.595825000, 0.206868100);0,9136093;1,116199;;;2,39453;1,159893;4,499303
0,4111111;1,0197544044;0,09248052;(2.316510000, 1.181576000, 4.543972000);(0.113723700, 1.595906000, 0.206403000);1,004941;1,025335;;;2,31651;1,181576;4,543972
0,4222222;1,1204299044;0,1006755;(2.229420000, 1.196551000, 4.592208000);(0.113208800, 1.596068000, 0.205998800);1,103016;0,9252973;;;2,22942;1,196551;4,592208
0,4333333;1,2217057044;0,1012758;(2.141040000, 1.207561000, 4.640421000);(0.112525800, 1.596324000, 0.205613300);1,201214;0,8243648;;;2,14104;1,207561;4,640421
0,4444444;1,3187714444;0,09706574;(2.056005000, 1.216084000, 4.686444000);(0.111864600, 1.596617000, 0.205230300);1,295307;0,7275386;;;2,056005;1,216084;4,686444
0,4555556;1,4072985844;0,08852714;(1.977342000, 1.207080000, 4.726045000);(0.110947800, 1.596824000, 0.204989500);1,37624;0,6397037;;;1,977342;1,20708;4,726045
0,4666667;1,4864364244;0,07913784;(1.907667000, 1.211515000, 4.763307000);(0.110106800, 1.597092000, 0.204731200);1,453158;0,5605973;;;1,907667;1,211515;4,763307
0,4777778;1,5517864544;0,06535003;(1.849610000, 1.208264000, 4.793131000);(0.109162900, 1.597288000, 0.204447700);1,514963;0,4954665;;;1,84961;1,208264;4,793131
0,4888889;1,6245992844;0,07281283;(1.785757000, 1.214220000, 4.827612000);(0.108182600, 1.597594000, 0.204243800);1,586519;0,4227444;;;1,785757;1,21422;4,827612
0,5;1,6894510444;0,06485176;(1.729010000, 1.220347000, 4.858403000);(0.107152200, 1.597823000, 0.204031400);1,650483;0,358064;;;1,72901;1,220347;4,858403
0,5111111;1,7532898644;0,06383882;(1.673662000, 1.229235000, 4.888947000);(0.105874200, 1.598148000, 0.203990400);1,713904;0,2948273;;;1,673662;1,229235;4,888947
0,5222223;1,8008748444;0,04758498;(1.632212000, 1.234841000, 4.911636000);(0.104758100, 1.598478000, 0.203973500);1,761072;0,2477183;;;1,632212;1,234841;4,911636
0,5333334;1,8136241544;0,01274931;(1.620889000, 1.233330000, 4.917299000);(0.103647800, 1.598554000, 0.203825500);1,772963;0,2350178;;;1,620889;1,23333;4,917299
0,5444446;1,8435201444;0,02989599;(1.594538000, 1.234754000, 4.931347000);(0.102395500, 1.598732000, 0.203725300);1,802277;0,2052276;;;1,594538;1,234754;4,931347
0,5555557;1,8697160644;0,02619592;(1.571343000, 1.234915000, 4.943520000);(0.100953700, 1.598928000, 0.203608600);1,827744;0,1790664;;;1,571343;1,234915;4,94352
0,5666668;1,9133390544;0,04362299;(1.533661000, 1.241660000, 4.964437000);(0.099484090, 1.599080000, 0.203613600);1,871218;0,1366575;;;1,533661;1,24166;4,964437
0,577778;1,9577648844;0,04442583;(1.495634000, 1.250041000, 4.985823000);(0.098044930, 1.599304000, 0.203630200);1,915596;0,09524699;;;1,495634;1,250041;4,985823
0,5888891;1,9981528844;0,040388;(1.462067000, 1.261135000, 5.005352000);(0.096507620, 1.599497000, 0.203738200);1,955946;0,06397525;;;1,462067;1,261135;5,005352
0,6000003;2,0224511244;0,02429824;(1.441440000, 1.266377000, 5.017076000);(0.095125870, 1.599622000, 0.203860600);1,98024;0,05026898;;;1,44144;1,266377;5,017076
0,6111114;2,0312103214;0,008759197;(1.436788000, 1.272878000, 5.020656000);(0.093519280, 1.599910000, 0.203991700);1,987419;0,05286765;;;1,436788;1,272878;5,020656
0,6222225;2,0446455914;0,01343527;(1.429963000, 1.283125000, 5.026034000);(0.092127900, 1.600075000, 0.204353000);1,998205;0,05955019;;;1,429963;1,283125;5,026034
0,6333337;2,0277520414;0,01689355;(1.437447000, 1.298218000, 5.024774000);(0.090713020, 1.600285000, 0.204497100);1,994981;0,07622856;;;1,437447;1,298218;5,024774
0,6444448;2,0387481814;0,01099614;(1.435544000, 1.308670000, 5.027611000);(0.089347410, 1.600369000, 0.204597400);2,000561;0,08565605;;;1,435544;1,30867;5,027611
0,655556;2,0521306614;0,01338248;(1.424450000, 1.312431000, 5.034081000);(0.087868010, 1.600589000, 0.204656500);2,013938;0,08746237;;;1,42445;1,312431;5,034081
0,6666671;2,0659264114;0,01379575;(1.412292000, 1.313111000, 5.040566000);(0.086577530, 1.600630000, 0.204724300);2,027437;0,08817579;;;1,412292;1,313111;5,040566
0,6777782;2,0761261614;0,01019975;(1.403401000, 1.310355000, 5.044737000);(0.085453620, 1.600534000, 0.204593700);2,036224;0,08676095;;;1,403401;1,310355;5,044737
0,6888894;2,0889795514;0,01285339;(1.396668000, 1.299527000, 5.046355000);(0.084316370, 1.600638000, 0.204559100);2,040003;0,07780732;;;1,396668;1,299527;5,046355
0,7000005;2,1009357414;0,01195619;(1.386973000, 1.293839000, 5.050429000);(0.083309970, 1.600509000, 0.204575200);2,048762;0,07640513;;;1,386973;1,293839;5,050429
0,7111117;2,1101178094;0,009182068;(1.378913000, 1.291700000, 5.054273000);(0.082203010, 1.600594000, 0.204645200);2,056901;0,07895618;;;1,378913;1,2917;5,054273
0,7222228;2,1146188074;0,004500998;(1.374913000, 1.291353000, 5.056306000);(0.081322540, 1.600631000, 0.204804400);2,061173;0,08120133;;;1,374913;1,291353;5,056306
0,7333339;2,1092550134;0,005363794;(1.379678000, 1.291917000, 5.053910000);(0.080538430, 1.600679000, 0.204838100);2,056132;0,07868442;;;1,379678;1,291917;5,05391
0,7444451;2,0987594234;0,01049559;(1.387459000, 1.286911000, 5.048955000);(0.080538430, 1.600679000, 0.204838100);2,045995;0,06966501;;;1,387459;1,286911;5,048955
0,7555562;2,0987594234;0;(1.387459000, 1.286911000, 5.048955000);(0.078456110, 1.600944000, 0.204878400);2,045995;0,06966501;;;1,387459;1,286911;5,048955
0,7666674;2,0744516134;0,02430781;(1.406586000, 1.277491000, 5.037281000);(0.077919430, 1.600974000, 0.204874900);2,022008;0,05291401;;;1,406586;1,277491;5,037281
0,7777785;2,0701628054;0,004288808;(1.410321000, 1.278672000, 5.035534000);(0.077514970, 1.601052000, 0.205030300);2,018291;0,05343078;;;1,410321;1,278672;5,035534
0,7888896;2,0612968534;0,008865952;(1.415102000, 1.286040000, 5.034328000);(0.077052420, 1.601023000, 0.205309800);2,015426;0,06051749;;;1,415102;1,28604;5,034328
0,8000008;2,0679238794;0,006627026;(1.413646000, 1.292234000, 5.036181000);(0.076729600, 1.601033000, 0.205250700);2,019036;0,066873;;;1,413646;1,292234;5,036181
0,8111119;2,0770426444;0,009118765;(1.405547000, 1.291184000, 5.040236000);(0.076346900, 1.601026000, 0.205405200);2,02756;0,06695311;;;1,405547;1,291184;5,040236
0,8222231;2,0912848444;0,0142422;(1.395866000, 1.281281000, 5.043561000);(0.075858990, 1.601033000, 0.205517600);2,034974;0,06024423;;;1,395866;1,281281;5,043561
0,8333342;2,1073886044;0,01610376;(1.390957000, 1.265945000, 5.043431000);(0.075454870, 1.601018000, 0.205723400);2,03552;0,04855537;;;1,390957;1,265945;5,043431
0,8444453;2,0948092144;0,01257939;(1.394390000, 1.254461000, 5.039611000);(0.075070270, 1.601029000, 0.205885700);2,028193;0,03632771;;;1,39439;1,254461;5,039611
0,8555565;2,0835014144;0,0113078;(1.401031000, 1.246697000, 5.034766000);(0.074626960, 1.600925000, 0.206060700);2,018512;0,02516886;;;1,401031;1,246697;5,034766
0,8666676;2,0781291974;0,005372217;(1.405433000, 1.249140000, 5.032892000);(0.074192750, 1.600881000, 0.206256200);2,014414;0,02505317;;;1,405433;1,24914;5,032892
0,8777788;2,0696323524;0,008496845;(1.408164000, 1.257186000, 5.032879000);(0.073835720, 1.600889000, 0.206438400);2,013888;0,03209888;;;1,408164;1,257186;5,032879
0,8888899;2,0580834224;0,01154893;(1.415840000, 1.265424000, 5.030311000);(0.073430490, 1.600828000, 0.206367500);2,00803;0,03963717;;;1,41584;1,265424;5,030311
0,900001;2,0464863724;0,01159705;(1.425736000, 1.269504000, 5.025848000);(0.073071430, 1.600791000, 0.206440600);1,998461;0,04528701;;;1,425736;1,269504;5,025848
0,9111122;2,0317409724;0,0147454;(1.438396000, 1.266884000, 5.018758000);(0.072728880, 1.600749000, 0.206630500);1,98374;0,04873216;;;1,438396;1,266884;5,018758
0,9222233;2,0202550824;0,01148589;(1.444179000, 1.258079000, 5.014180000);(0.072392140, 1.600685000, 0.206815100);1,974606;0,04640499;;;1,444179;1,258079;5,01418
0,9333345;2,0058017124;0,01445337;(1.443187000, 1.243799000, 5.012184000);(0.072088610, 1.600694000, 0.206969500);1,971247;0,03787922;;;1,443187;1,243799;5,012184
0,9444456;1,9910944624;0,01470725;(1.439391000, 1.229599000, 5.011671000);(0.071759440, 1.600699000, 0.207162700);1,971102;0,03052928;;;1,439391;1,229599;5,011671
0,9555568;2,0013075024;0,01021304;(1.435194000, 1.220305000, 5.012231000);(0.071385960, 1.600687000, 0.207200700);1,972955;0,02704662;;;1,435194;1,220305;5,012231
0,9666679;2,0062776324;0,00497013;(1.433723000, 1.215558000, 5.012166000);(0.071047220, 1.600776000, 0.207351200);1,973179;0,0273332;;;1,433723;1,215558;5,012166
0,977779;2,0086634464;0,002385814;(1.431801000, 1.216380000, 5.013317000);(0.070743150, 1.600836000, 0.207556800);1,97554;0,0249509;;;1,431801;1,21638;5,013317
0,9888902;2,0057150524;0,002948394;(1.434262000, 1.217597000, 5.012242000);(0.070615870, 1.600799000, 0.207718000);1,973183;0,0270005;;;1,434262;1,217597;5,012242
1,000001;1,9986375724;0,00707748;(1.438914000, 1.213321000, 5.009053000);(0.070451760, 1.600827000, 0.207840700);1,966794;0,03377988;;;1,438914;1,213321;5,009053
1,011112;1,9868363924;0,01180118;(1.447981000, 1.208289000, 5.003420000);(0.070200320, 1.600847000, 0.208052200);1,955317;0,04557106;;;1,447981;1,208289;5,00342
1,022224;1,9806861724;0,00615022;(1.453098000, 1.206616000, 5.000446000);(0.069966430, 1.600872000, 0.208253700);1,949181;0,05167421;;;1,453098;1,206616;5,000446
1,033335;1,9829467474;0,002260575;(1.451574000, 1.205029000, 5.000965000);(0.069560880, 1.600957000, 0.208504300);1,950402;0,05086773;;;1,451574;1,205029;5,000965
