time;total distance traveled;distance to prev position;controller position;controller rotation;camera position;tracker distance to hmd;distance to prev target;distance to current target
(-2.809815000, 0.921698300, 4.072298000);(-1.255135000, 1.928850000, 4.826364000)

0;-0,0001283882;0,0001283882;(-0.217740100, 1.296887000, 0.462974200);(4.70, 324.31, 81.42);(-0.042374030, 1.584497000, 0.000775520);0,571926700;4,459466;4,52932;;;-0,2177401;1,296887;0,4629742
0,01111111;-0,0005395096;0,0004111214;(-0.217799500, 1.296723000, 0.463346100);(4.70, 324.35, 81.37);(-0.042472310, 1.584487000, 0.000646714);0,572397300;4,459117;4,528971;;;-0,2177995;1,296723;0,4633461
0,02222222;-0,0003179578;0,0002215518;(-0.217655500, 1.296554000, 0.463343500);(4.69, 324.41, 81.43);(-0.042518840, 1.584515000, 0.000549022);0,572514700;4,459188;4,52903;;;-0,2176555;1,296554;0,4633435
0,03333334;-0,0001659270;0,0001520308;(-0.217548500, 1.296454000, 0.463382900);(4.69, 324.45, 81.52);(-0.042624370, 1.584551000, 0.000464562);0,572618600;4,45921;4,52903;;;-0,2175485;1,296454;0,4633829
0,04444445;-0,0000503255;0,0001156015;(-0.217490200, 1.296369000, 0.463329500);(4.68, 324.50, 81.53);(-0.042729170, 1.584613000, 0.000376049);0,572670800;4,45928;4,529107;;;-0,2174902;1,296369;0,4633295
0,05555556;0,0001068719;0,0001571974;(-0.217464600, 1.296324000, 0.463181200);(4.70, 324.52, 81.45);(-0.042898290, 1.584633000, 0.000401322);0,572504100;4,459411;4,529262;;;-0,2174646;1,296324;0,4631812
0,06666667;0,00005176634;0,00005510556;(-0.217518300, 1.296334000, 0.463187900);(4.71, 324.53, 81.43);(-0.042960220, 1.584675000, 0.000314180);0,572593300;4,459375;4,529242;;;-0,2175183;1,296334;0,4631879
0,07777778;0,00036634474;0,0003145784;(-0.217625600, 1.296405000, 0.462900900);(4.74, 324.53, 81.42);(-0.043010580, 1.584662000, 0.000294868);0,572351800;4,459551;4,529484;;;-0,2176256;1,296405;0,4629009
0,08888889;0,00058022584;0,0002138811;(-0.217795700, 1.296448000, 0.462778500);(4.74, 324.44, 81.35);(-0.043071410, 1.584679000, 0.000199024);0,572350900;4,459555;4,529557;;;-0,2177957;1,296448;0,4627785
0,1;0,00087133644;0,0002911106;(-0.217897200, 1.296575000, 0.462536900);(4.75, 324.36, 81.31);(-0.043194660, 1.584675000, 0.000003520);0,572241100;4,459702;4,529748;;;-0,2178972;1,296575;0,4625369
0,1111111;0,00122592184;0,0003545854;(-0.217991700, 1.296724000, 0.462229200);(4.75, 324.26, 81.29);(-0.043263330, 1.584708000, -0.000093516);0,572020200;4,459909;4,530003;;;-0,2179917;1,296724;0,4622292
0,1222222;0,00129838129;0,00007245945;(-0.217942800, 1.296773000, 0.462209500);(4.73, 324.19, 81.31);(-0.043300860, 1.584714000, -0.000169035);0,572017000;4,459958;4,530026;;;-0,2179428;1,296773;0,4622095
0,1333333;0,00094825419;0,0003501271;(-0.217758400, 1.296884000, 0.462485800);(4.73, 324.18, 81.40);(-0.043346540, 1.584750000, -0.000277575);0,572220600;4,459851;4,529787;;;-0,2177584;1,296884;0,4624858
0,1444445;0,00106244419;0,00011419;(-0.217687700, 1.296972000, 0.462500200);(4.69, 324.33, 81.48);(-0.043292260, 1.584769000, -0.000476833);0,572353500;4,459888;4,529777;;;-0,2176877;1,296972;0,4625002
0,1555556;0,00078178189;0,0002806623;(-0.217501000, 1.297103000, 0.462664400);(4.67, 324.43, 81.50);(-0.043330660, 1.584776000, -0.000626978);0,572477400;4,459874;4,529643;;;-0,217501;1,297103;0,4626644
0,1666667;0,00109424909;0,0003124672;(-0.217315400, 1.297354000, 0.462654500);(4.64, 324.55, 81.48);(-0.043352560, 1.584813000, -0.000794586);0,572434400;4,460011;4,52966;;;-0,2173154;1,297354;0,4626545
0,1777778;0,00144465699;0,0003504079;(-0.217056400, 1.297555000, 0.462778000);(4.62, 324.59, 81.34);(-0.043494720, 1.584873000, -0.000839349);0,572377800;4,460079;4,529572;;;-0,2170564;1,297555;0,462778
0,1888889;0,00072551129;0,0007191457;(-0.216700800, 1.298052000, 0.463157000);(4.61, 324.60, 81.16);(-0.043525570, 1.584963000, -0.000984009);0,572481100;4,460021;4,529219;;;-0,2167008;1,298052;0,463157
0,2;-0,00031827371;0,001043785;(-0.215984900, 1.298487000, 0.463779700);(4.61, 324.61, 81.12);(-0.043491530, 1.585097000, -0.001132008);0,572749700;4,45997;4,528723;;;-0,2159849;1,298487;0,4637797
0,2111111;-0,00149696971;0,001178696;(-0.215126600, 1.298934000, 0.464452600);(4.56, 324.67, 81.15);(-0.043490340, 1.585276000, -0.001260336);0,573008600;4,459962;4,52821;;;-0,2151266;1,298934;0,4644526
0,2222222;-0,00330016671;0,001803197;(-0.214041700, 1.299875000, 0.465543400);(4.50, 324.79, 81.18);(-0.043483680, 1.585406000, -0.001457449);0,573330400;4,459791;4,527278;;;-0,2140417;1,299875;0,4655434
0,2333333;-0,00583853871;0,002538372;(-0.212343200, 1.301041000, 0.467026200);(4.42, 325.03, 81.18);(-0.043428040, 1.585573000, -0.001578029);0,573655700;4,45968;4,526078;;;-0,2123432;1,301041;0,4670262
0,2444444;-0,00333954771;0,002498991;(-0.210588300, 1.302314000, 0.468269200);(4.31, 325.35, 81.07);(-0.043354260, 1.585793000, -0.001695689);0,573754800;4,459806;4,525109;;;-0,2105883;1,302314;0,4682692
0,2555556;-0,00673928171;0,003399734;(-0.208528100, 1.304173000, 0.470233000);(4.16, 325.66, 80.88);(-0.043257910, 1.586057000, -0.001873966);0,574158400;4,45958;4,523438;;;-0,2085281;1,304173;0,470233
0,2666667;-0,01032456071;0,003585279;(-0.206354000, 1.306154000, 0.472283200);(3.96, 326.03, 80.59);(-0.043175300, 1.586269000, -0.002047237);0,574526700;4,459363;4,521693;;;-0,206354;1,306154;0,4722832
0,2777778;-0,01469921371;0,004374653;(-0.203600200, 1.308562000, 0.474682600);(3.71, 326.34, 80.47);(-0.043066640, 1.586432000, -0.002240594);0,574837900;4,459244;4,519692;;;-0,2036002;1,308562;0,4746826
0,2888889;-0,01023429671;0,004464917;(-0.200706300, 1.311009000, 0.477043500);(3.44, 326.68, 80.39);(-0.042956620, 1.586610000, -0.002452310);0,575114800;4,459245;4,517758;;;-0,2007063;1,311009;0,4770435
0,3;-0,00518555571;0,005048741;(-0.197329400, 1.313615000, 0.479744100);(3.17, 327.05, 80.43);(-0.042836430, 1.586778000, -0.002617296);0,575464000;4,459274;4,515592;;;-0,1973294;1,313615;0,4797441
0,3111111;-0,01017533671;0,004989781;(-0.194081400, 1.316279000, 0.482436800);(2.89, 327.51, 80.59);(-0.042711400, 1.586983000, -0.002821978);0,575907500;4,459244;4,513401;;;-0,1940814;1,316279;0,4824368
0,3222222;-0,01583410171;0,005658765;(-0.190719800, 1.319622000, 0.485526100);(2.66, 327.96, 80.71);(-0.042516380, 1.587162000, -0.002918418);0,576298200;4,459029;4,510767;;;-0,1907198;1,319622;0,4855261
0,3333333;-0,00971545971;0,006118642;(-0.186868700, 1.323213000, 0.488643500);(2.39, 328.47, 81.03);(-0.042340210, 1.587398000, -0.003063377);0,576591900;4,459108;4,508193;;;-0,1868687;1,323213;0,4886435
0,3444445;-0,00387930371;0,005836156;(-0.183136800, 1.326583000, 0.491605700);(2.07, 328.99, 81.23);(-0.042133070, 1.587558000, -0.003185984);0,576896000;4,459229;4,505778;;;-0,1831368;1,326583;0,4916057
0,3555556;0,00328319329;0,007162497;(-0.178915100, 1.331245000, 0.495032600);(1.74, 329.48, 81.40);(-0.041946980, 1.587863000, -0.003262993);0,576985000;4,459394;4,502867;;;-0,1789151;1,331245;0,4950326
0,3666667;0,01001001729;0,006726824;(-0.173407300, 1.334010000, 0.497728700);(1.34, 330.03, 81.68);(-0.041762500, 1.588134000, -0.003354844);0,577056500;4,460739;4,501228;;;-0,1734073;1,33401;0,4977287
0,3777778;0,01758371929;0,007573702;(-0.169043900, 1.339010000, 0.501379100);(1.02, 330.51, 81.60);(-0.041659430, 1.588449000, -0.003304180);0,577193100;4,460862;4,498111;;;-0,1690439;1,33901;0,5013791
0,3888889;0,02548434229;0,007900623;(-0.164298300, 1.344307000, 0.504819200);(0.73, 331.04, 81.48);(-0.041455510, 1.588699000, -0.003345069);0,577103800;4,46142;4,49526;;;-0,1642983;1,344307;0,5048192
0,4;0,03330457529;0,007820233;(-0.159659400, 1.349572000, 0.508272100);(0.36, 331.70, 81.13);(-0.041367890, 1.588934000, -0.003607210);0,577328100;4,461915;4,492388;;;-0,1596594;1,349572;0,5082721
0,4111111;0,04186760329;0,008563028;(-0.154452600, 1.355354000, 0.511846800);(359.91, 332.41, 80.76);(-0.041186560, 1.589167000, -0.003678020);0,577289800;4,462715;4,489483;;;-0,1544526;1,355354;0,5118468
0,4222222;0,05011729329;0,00824969;(-0.149322600, 1.361024000, 0.514944800);(359.28, 333.27, 80.51);(-0.040911190, 1.589402000, -0.003858503);0,577119100;4,463854;4,487047;;;-0,1493226;1,361024;0,5149448
0,4333333;0,05842769129;0,008310398;(-0.144271600, 1.366809000, 0.518120300);(358.72, 333.99, 80.49);(-0.040670620, 1.589555000, -0.003970798);0,576999300;4,464911;4,484515;;;-0,1442716;1,366809;0,5181203
0,4444444;0,06688413829;0,008456447;(-0.139020100, 1.372493000, 0.521529400);(358.03, 334.69, 80.57);(-0.040410240, 1.589720000, -0.004076179);0,577211100;4,465907;4,481835;;;-0,1390201;1,372493;0,5215294
0,4555556;0,07466925229;0,007785114;(-0.133850600, 1.377696000, 0.524138600);(357.43, 335.31, 80.66);(-0.040159420, 1.589874000, -0.004222568);0,577029500;4,467455;4,479977;;;-0,1338506;1,377696;0,5241386
0,4666667;0,08219162029;0,007522368;(-0.128926300, 1.382770000, 0.526706000);(356.94, 335.91, 80.44);(-0.039890700, 1.590058000, -0.004348930);0,576987700;4,46889;4,478126;;;-0,1289263;1,38277;0,526706
0,4777778;0,08953771629;0,007346096;(-0.124014500, 1.387684000, 0.529093000);(356.55, 336.51, 80.11);(-0.039589560, 1.590157000, -0.004467186);0,576896400;4,470455;4,476476;;;-0,1240145;1,387684;0,529093
0,4888889;0,09665146229;0,007113746;(-0.119002500, 1.392468000, 0.530704700);(356.26, 337.10, 79.73);(-0.039291610, 1.590280000, -0.004604634);0,576228900;4,472692;4,475622;;;-0,1190025;1,392468;0,5307047
0,5;0,10367746029;0,007025998;(-0.114207500, 1.397162000, 0.532788100);(356.15, 337.59, 79.30);(-0.038985150, 1.590389000, -0.004749294);0,576143800;4,474427;4,474282;;;-0,1142075;1,397162;0,5327881
0,5111111;0,11015023229;0,006472772;(-0.109685200, 1.401462000, 0.534505800);(355.83, 338.08, 79.15);(-0.038649730, 1.590477000, -0.004890200);0,575951900;4,476254;4,473281;;;-0,1096852;1,401462;0,5345058
0,5222223;0,11696851029;0,006818278;(-0.105001300, 1.405989000, 0.536520400);(355.44, 338.49, 79.22);(-0.038316150, 1.590482000, -0.004936632);0,575899700;4,477977;4,472019;;;-0,1050013;1,405989;0,5365204
0,5333334;0,12301494529;0,006046435;(-0.100421100, 1.409700000, 0.537865400);(355.06, 338.98, 79.18);(-0.037935750, 1.590565000, -0.005056974);0,575657200;4,480087;4,471477;;;-0,1004211;1,4097;0,5378654
0,5444446;0,12898650229;0,005971557;(-0.095890970, 1.413321000, 0.539290000);(354.68, 339.40, 79.54);(-0.037615060, 1.590738000, -0.005163189);0,575588600;4,4821;4,470864;;;-0,09589097;1,413321;0,53929
0,5555557;0,13469922829;0,005712726;(-0.091549150, 1.416734000, 0.540750700);(354.45, 339.92, 79.49);(-0.037250880, 1.590821000, -0.005168136);0,575571200;4,483955;4,470199;;;-0,09154915;1,416734;0,5407507
0,5666668;0,13987833029;0,005179102;(-0.087424810, 1.419617000, 0.541975800);(354.24, 340.43, 79.28);(-0.036840650, 1.591006000, -0.005246516);0,575660600;4,485812;4,46977;;;-0,08742481;1,419617;0,5419758
0,577778;0,14445896029;0,00458063;(-0.083692300, 1.422071000, 0.542989300);(354.15, 340.93, 79.05);(-0.036446340, 1.591058000, -0.005404290);0,575781300;4,487554;4,469497;;;-0,0836923;1,422071;0,5429893
0,5888891;0,14889626429;0,004437304;(-0.080145170, 1.424566000, 0.543930100);(354.07, 341.34, 78.90);(-0.036057770, 1.591124000, -0.005566474);0,575874900;4,489249;4,469244;;;-0,08014517;1,424566;0,5439301
0,6000003;0,15275109429;0,00385483;(-0.076886260, 1.426557000, 0.544451800);(353.90, 341.74, 78.93);(-0.035578090, 1.591125000, -0.005758401);0,575777800;4,491045;4,469378;;;-0,07688626;1,426557;0,5444518
0,6111114;0,15661852029;0,003867426;(-0.073687460, 1.428619000, 0.545140600);(353.72, 342.07, 79.10);(-0.035193030, 1.591139000, -0.005956706);0,575849600;4,492683;4,469331;;;-0,07368746;1,428619;0,5451406
0,6222225;0,15988089129;0,003262371;(-0.070912190, 1.430297000, 0.545494600);(353.54, 342.36, 79.29);(-0.034825110, 1.591170000, -0.006135877);0,575741700;4,494286;4,46954;;;-0,07091219;1,430297;0,5454946
0,6333337;0,16254249229;0,002661601;(-0.068507460, 1.431396000, 0.545801300);(353.41, 342.57, 79.61);(-0.034453900, 1.591302000, -0.006352957);0,575850700;4,495636;4,469761;;;-0,06850746;1,431396;0,5458013
0,6444448;0,16484534629;0,002302854;(-0.066364250, 1.432202000, 0.546044800);(353.36, 342.76, 79.70);(-0.034083580, 1.591358000, -0.006543096);0,575956500;4,496843;4,470007;;;-0,06636425;1,432202;0,5460448
0,655556;0,16718207329;0,002336727;(-0.064197290, 1.433056000, 0.546235200);(353.41, 342.93, 79.58);(-0.033871610, 1.591357000, -0.006610807);0,575862600;4,498113;4,470307;;;-0,06419729;1,433056;0,5462352
0,6666671;0,16891747729;0,001735404;(-0.062495370, 1.433345000, 0.546412900);(353.44, 343.08, 79.60);(-0.033527150, 1.591359000, -0.006764468);0,576032200;4,499046;4,470559;;;-0,06249537;1,433345;0,5464129
0,6777782;0,17040229429;0,001484817;(-0.061026660, 1.433519000, 0.546282500);(353.56, 343.11, 79.72);(-0.033121470, 1.591248000, -0.006923612);0,575928800;4,500065;4,471056;;;-0,06102666;1,433519;0,5462825
0,6888894;0,17193572529;0,001533431;(-0.059519160, 1.433800000, 0.546274200);(353.65, 343.12, 79.92);(-0.032781040, 1.591179000, -0.007101592);0,575940800;4,501024;4,471436;;;-0,05951916;1,4338;0,5462742
0,7000005;0,17338560029;0,001449875;(-0.058076230, 1.433817000, 0.546133600);(353.67, 343.19, 80.07);(-0.032478140, 1.591110000, -0.007255610);0,575878400;4,502018;4,471955;;;-0,05807623;1,433817;0,5461336
0,7111117;0,17487918829;0,001493588;(-0.056617760, 1.434138000, 0.546151300);(353.60, 343.39, 80.06);(-0.032103270, 1.591048000, -0.007441338);0,575922200;4,502933;4,472293;;;-0,05661776;1,434138;0,5461513
0,7222228;0,17594452129;0,001065333;(-0.055610620, 1.434043000, 0.545817400);(353.54, 343.57, 80.06);(-0.031759590, 1.591001000, -0.007653888);0,575790900;4,503799;4,472893;;;-0,05561062;1,434043;0,5458174
0,7333339;0,17688928139;0,0009447601;(-0.054677940, 1.434111000, 0.545682700);(353.50, 343.71, 80.15);(-0.031424170, 1.590930000, -0.007894929);0,575830800;4,504483;4,473265;;;-0,05467794;1,434111;0,5456827
0,7444451;0,17786081529;0,0009715339;(-0.053715090, 1.434188000, 0.545578800);(353.51, 343.78, 80.27);(-0.031110890, 1.590881000, -0.008114751);0,575882100;4,505162;4,473614;;;-0,05371509;1,434188;0,5455788
0,7555562;0,17863678009;0,0007759648;(-0.052971530, 1.433977000, 0.545508600);(353.47, 343.87, 80.27);(-0.030841610, 1.590887000, -0.008758541);0,576474000;4,505648;4,473905;;;-0,05297153;1,433977;0,5455086
0,7666674;0,17951869649;0,0008819164;(-0.052107240, 1.433803000, 0.545493500);(353.32, 343.99, 80.01);(-0.030679740, 1.590748000, -0.008957561);0,576634200;4,506168;4,47417;;;-0,05210724;1,433803;0,5454935
0,7777785;0,18040343019;0,0008847337;(-0.051253850, 1.433574000, 0.545446000);(353.24, 344.13, 80.02);(-0.030436460, 1.590648000, -0.009178933);0,576813900;4,506702;4,474471;;;-0,05125385;1,433574;0,545446
0,7888896;0,18115414759;0,0007507174;(-0.050884310, 1.432932000, 0.545322600);(353.23, 344.25, 80.10);(-0.030250150, 1.590668000, -0.009317692);0,577002800;4,506952;4,47476;;;-0,05088431;1,432932;0,5453226
0,8000008;0,18189157499;0,0007374274;(-0.050509670, 1.432310000, 0.545197000);(353.37, 344.28, 80.03);(-0.030063600, 1.590742000, -0.009352800);0,577099900;4,507209;4,475049;;;-0,05050967;1,43231;0,545197
0,8111119;0,18235172979;0,0004601548;(-0.050400820, 1.431920000, 0.544977400);(353.45, 344.28, 80.00);(-0.029878720, 1.590706000, -0.009487446);0,577118000;4,507403;4,475332;;;-0,05040082;1,43192;0,5449774
0,8222231;0,18283543309;0,0004837033;(-0.050101060, 1.431637000, 0.544724500);(353.54, 344.15, 80.04);(-0.029726330, 1.590722000, -0.009564217);0,577026000;4,507753;4,475686;;;-0,05010106;1,431637;0,5447245
0,8333342;0,18325591679;0,0004204837;(-0.049839400, 1.431388000, 0.544510100);(353.56, 344.05, 80.03);(-0.029609610, 1.590722000, -0.009718951);0,577032400;4,508052;4,475989;;;-0,0498394;1,431388;0,5445101
0,8444453;0,18377159569;0,0005156789;(-0.049384440, 1.431172000, 0.544398000);(353.55, 343.93, 80.05);(-0.029503230, 1.590799000, -0.010035450);0,577297400;4,508395;4,476243;;;-0,04938444;1,431172;0,544398
0,8555565;0,18443015829;0,0006585626;(-0.048733120, 1.431149000, 0.544492500);(353.54, 343.95, 80.17);(-0.029184080, 1.591063000, -0.010142740);0,577559500;4,508717;4,47633;;;-0,04873312;1,431149;0,5444925
0,8666676;0,18497780849;0,0005476502;(-0.048245300, 1.430914000, 0.544574700);(353.47, 344.21, 80.11);(-0.029099140, 1.591123000, -0.010271010);0,577829800;4,508924;4,47641;;;-0,0482453;1,430914;0,5445747
0,8777788;0,18550891749;0,000531109;(-0.047921430, 1.430498000, 0.544637900);(353.39, 344.43, 80.05);(-0.029042490, 1.591044000, -0.010166050);0,577874500;4,509027;4,476483;;;-0,04792143;1,430498;0,5446379
0,8888899;0,18601717489;0,0005082574;(-0.047702280, 1.430039000, 0.544623600);(353.42, 344.54, 80.10);(-0.028979560, 1.591099000, -0.010232740);0,578062500;4,50912;4,476607;;;-0,04770228;1,430039;0,5446236
0,900001;0,18520698219;0,0008101927;(-0.047943020, 1.429320000, 0.544340400);(353.45, 344.61, 80.20);(-0.029007330, 1.591050000, -0.010440520);0,578184200;4,509113;4,476893;;;-0,04794302;1,42932;0,5443404
0,9111122;0,18460003279;0,0006069494;(-0.048129220, 1.428778000, 0.544139300);(353.57, 344.55, 80.30);(-0.028983460, 1.590976000, -0.010345990);0,578038600;4,509096;4,477096;;;-0,04812922;1,428778;0,5441393
0,9222233;0,18395623339;0,0006437994;(-0.048545130, 1.428306000, 0.544276700);(353.71, 344.45, 80.24);(-0.028841540, 1.591033000, -0.010417520);0,578406300;4,50868;4,476905;;;-0,04854513;1,428306;0,5442767
0,9333345;0,18351251599;0,0004437174;(-0.048764040, 1.427946000, 0.544137600);(353.82, 344.34, 80.20);(-0.028801280, 1.591024000, -0.010508470);0,578468000;4,508615;4,477019;;;-0,04876404;1,427946;0,5441376
0,9444456;0,18380769219;0,0002951762;(-0.048916650, 1.427789000, 0.543939500);(353.89, 344.26, 80.16);(-0.028743820, 1.591108000, -0.010510740);0,578355600;4,508658;4,477185;;;-0,04891665;1,427789;0,5439395
0,9555568;0,18338322419;0,000424468;(-0.049127820, 1.427481000, 0.543738500);(353.89, 344.15, 80.10);(-0.028734810, 1.591131000, -0.010570820);0,578321900;4,508652;4,477355;;;-0,04912782;1,427481;0,5437385
