time;total distance traveled;distance to prev position;ray position;hmd position;distance to prev target;distance to current target
(-2.809815000, 0.921698300, 4.072298000);(-1.255135000, 1.928850000, 4.826364000);0,2444444;0,2444444

0;-0,003083475;0,003083475;(-2.814193000, 0.931014800, 4.070336000);(-0.042374030, 1.584497000, 0.000775520);0,01047898;1,999478;;;-2,814193;0,9310148;4,070336
0,01111111;-0,007406803;0,004323328;(-2.810310000, 0.931436100, 4.072191000);(-0.042472310, 1.584487000, 0.000646714);0,009750898;1,99554;;;-2,81031;0,9314361;4,072191
0,02222222;-0,004515368;0,002891435;(-2.807700000, 0.931409600, 4.073435000);(-0.042518840, 1.584515000, 0.000549022);0,01000371;1,99305;;;-2,8077;0,9314096;4,073435
0,03333334;0,000462379;0,004977747;(-2.803306000, 0.932422500, 4.075542000);(-0.042624370, 1.584551000, 0.000464562);0,01295783;1,988324;;;-2,803306;0,9324225;4,075542
0,04444445;0,004386932;0,003924553;(-2.799764000, 0.932518100, 4.077230000);(-0.042729170, 1.584613000, 0.000376049);0,01556982;1,984882;;;-2,799764;0,9325181;4,07723
0,05555556;0,007812049;0,003425117;(-2.796724000, 0.933126400, 4.078686000);(-0.042898290, 1.584633000, 0.000401322);0,01851452;1,981662;;;-2,796724;0,9331264;4,078686
0,06666667;0,010042067;0,002230018;(-2.795203000, 0.931655900, 4.079391000);(-0.042960220, 1.584675000, 0.000314180);0,01905201;1,980953;;;-2,795203;0,9316559;4,079391
0,07777778;0,011751684;0,001709617;(-2.794216000, 0.930336100, 4.079845000);(-0.043010580, 1.584662000, 0.000294868);0,01936259;1,980679;;;-2,794216;0,9303361;4,079845
0,08888889;0,009576072;0,002175612;(-2.794684000, 0.928226400, 4.079593000);(-0.043071410, 1.584679000, 0.000199024);0,01802208;1,982202;;;-2,794684;0,9282264;4,079593
0,1;0,002690970;0,006885102;(-2.800894000, 0.927976900, 4.076632000);(-0.043194660, 1.584675000, 0.000003520);0,01173807;1,98827;;;-2,800894;0,9279769;4,076632
0,1111111;-0,003895806;0,006586776;(-2.806789000, 0.927147000, 4.073812000);(-0.043263330, 1.584708000, -0.000093516);0,006413884;1,994335;;;-2,806789;0,927147;4,073812
0,1222222;0,003940682;0,007836488;(-2.813861000, 0.926966700, 4.070441000);(-0.043300860, 1.584714000, -0.000169035);0,0068973;2,001204;;;-2,813861;0,9269667;4,070441
0,1333333;0,010256615;0,006315933;(-2.819283000, 0.928956500, 4.067884000);(-0.043346540, 1.584750000, -0.000277575);0,01271993;2,005401;;;-2,819283;0,9289565;4,067884
0,1444445;0,011269825;0,00101321;(-2.820172000, 0.928723200, 4.067458000);(-0.043292260, 1.584769000, -0.000476833);0,01341764;2,006372;;;-2,820172;0,9287232;4,067458
0,1555556;-0,001542215;0,01281204;(-2.808995000, 0.931952700, 4.072825000);(-0.043330660, 1.584776000, -0.000626978);0,0103006;1,994017;;;-2,808995;0,9319527;4,072825
0,1666667;0,006837693;0,008379908;(-2.801683000, 0.934057500, 4.076336000);(-0.043352560, 1.584813000, -0.000794586);0,01533564;1,985942;;;-2,801683;0,9340575;4,076336
0,1777778;0,016862443;0,01002475;(-2.792922000, 0.936512100, 4.080544000);(-0.043494720, 1.584873000, -0.000839349);0,02393384;1,976302;;;-2,792922;0,9365121;4,080544
0,1888889;0,020334483;0,00347204;(-2.790395000, 0.938550700, 4.081774000);(-0.043525570, 1.584963000, -0.000984009);0,02740347;1,972848;;;-2,790395;0,9385507;4,081774
0,2;0,021712582;0,001378099;(-2.789505000, 0.939508100, 4.082211000);(-0.043491530, 1.585097000, -0.001132008);0,02877424;1,97151;;;-2,789505;0,9395081;4,082211
0,2111111;0,023527429;0,001814847;(-2.788011000, 0.940243800, 4.082932000);(-0.043490340, 1.585276000, -0.001260336);0,03053597;1,969706;;;-2,788011;0,9402438;4,082932
0,2222222;0,030261115;0,006733686;(-2.783096000, 0.944174300, 4.085327000);(-0.043483680, 1.585406000, -0.001457449);0,03726726;1,963004;;;-2,783096;0,9441743;4,085327
0,2333333;0,042132495;0,01187138;(-2.773546000, 0.949502100, 4.089947000);(-0.043428040, 1.585573000, -0.001578029);0,04898974;1,951154;;;-2,773546;0,9495021;4,089947
0,2444444;0,063845755;0,02171326;(-2.755286000, 0.957282100, 4.098750000);(-0.043354260, 1.585793000, -0.001695689);0,07028089;1,929719;;;-2,755286;0,9572821;4,09875
0,2555556;0,093288485;0,02944273;(-2.730382000, 0.967417200, 4.110749000);(-0.043257910, 1.586057000, -0.001873966);0,09938969;1,900739;;;-2,730382;0,9674172;4,110749
0,2666667;0,122911305;0,02962282;(-2.706484000, 0.980561000, 4.122309000);(-0.043175300, 1.586269000, -0.002047237);0,1290087;1,871192;;;-2,706484;0,980561;4,122309
0,2777778;0,158567845;0,03565654;(-2.678637000, 0.998269700, 4.135811000);(-0.043066640, 1.586432000, -0.002240594);0,1646358;1,835538;;;-2,678637;0,9982697;4,135811
0,2888889;0,193288125;0,03472028;(-2.654212000, 1.019875000, 4.147735000);(-0.042956620, 1.586610000, -0.002452310);0,1988506;1,801163;;;-2,654212;1,019875;4,147735
0,3;0,231514695;0,03822657;(-2.627028000, 1.043250000, 4.160996000);(-0.042836430, 1.586778000, -0.002617296);0,2367561;1,763261;;;-2,627028;1,04325;4,160996
0,3111111;0,271512735;0,03999804;(-2.597905000, 1.066711000, 4.175184000);(-0.042711400, 1.586983000, -0.002821978);0,2766228;1,72347;;;-2,597905;1,066711;4,175184
0,3222222;0,318609135;0,0470964;(-2.561683000, 1.091143000, 4.192765000);(-0.042516380, 1.587162000, -0.002918418);0,3237183;1,676385;;;-2,561683;1,091143;4,192765
0,3333333;0,362732595;0,04412346;(-2.526795000, 1.112217000, 4.209666000);(-0.042340210, 1.587398000, -0.003063377);0,3677874;1,632276;;;-2,526795;1,112217;4,209666
0,3444445;0,412776055;0,05004346;(-2.487328000, 1.136321000, 4.228790000);(-0.042133070, 1.587558000, -0.003185984);0,417792;1,582244;;;-2,487328;1,136321;4,22879
0,3555556;0,466025005;0,05324895;(-2.446955000, 1.164969000, 4.248405000);(-0.041946980, 1.587863000, -0.003262993);0,4710217;1,529047;;;-2,446955;1,164969;4,248405
0,3666667;0,517190675;0,05116567;(-2.408866000, 1.193671000, 4.266933000);(-0.041762500, 1.588134000, -0.003354844);0,5221229;1,478021;;;-2,408866;1,193671;4,266933
0,3777778;0,576270755;0,05908008;(-2.366153000, 1.228782000, 4.287749000);(-0.041659430, 1.588449000, -0.003304180);0,5809953;1,419353;;;-2,366153;1,228782;4,287749
0,3888889;0,627670805;0,05140005;(-2.327172000, 1.256418000, 4.306688000);(-0.041455510, 1.588699000, -0.003345069);0,6323926;1,368024;;;-2,327172;1,256418;4,306688
0,4;0,681021355;0,05335055;(-2.285656000, 1.283202000, 4.326822000);(-0.041367890, 1.588934000, -0.003607210);0,6857182;1,314678;;;-2,285656;1,283202;4,326822
0,4111111;0,746185125;0,06516377;(-2.235541000, 1.317011000, 4.351148000);(-0.041186560, 1.589167000, -0.003678020);0,7508792;1,249549;;;-2,235541;1,317011;4,351148
0,4222222;0,817578875;0,07139375;(-2.181795000, 1.356074000, 4.377273000);(-0.040911190, 1.589402000, -0.003858503);0,8222533;1,178327;;;-2,181795;1,356074;4,377273
0,4333333;0,907988665;0,09040979;(-2.116742000, 1.410261000, 4.408986000);(-0.040670620, 1.589555000, -0.003970798);0,9123611;1,088809;;;-2,116742;1,410261;4,408986
0,4444444;0,985199145;0,07721048;(-2.062639000, 1.458598000, 4.435404000);(-0.040410240, 1.589720000, -0.004076179);0,9891303;1,012941;;;-2,062639;1,458598;4,435404
0,4555556;1,067990275;0,08279113;(-2.009501000, 1.516479000, 4.461490000);(-0.040159420, 1.589874000, -0.004222568);1,070391;0,9339436;;;-2,009501;1,516479;4,46149
0,4666667;1,142684585;0,07469431;(-1.961287000, 1.568391000, 4.485150000);(-0.039890700, 1.590058000, -0.004348930);1,143966;0,8631385;;;-1,961287;1,568391;4,48515
0,4777778;1,209439495;0,06675491;(-1.915092000, 1.610966000, 4.507725000);(-0.039589560, 1.590157000, -0.004467186);1,210461;0,7988268;;;-1,915092;1,610966;4,507725
0,4888889;1,271178585;0,06173909;(-1.869128000, 1.645593000, 4.530084000);(-0.039291610, 1.590280000, -0.004604634);1,272197;0,738243;;;-1,869128;1,645593;4,530084
0,5;1,328806275;0,05762769;(-1.823421000, 1.672829000, 4.552221000);(-0.038985150, 1.590389000, -0.004749294);1,329472;0,6809182;;;-1,823421;1,672829;4,552221
0,5111111;1,373956105;0,04514983;(-1.784767000, 1.686911000, 4.570824000);(-0.038649730, 1.590477000, -0.004890200);1,372881;0,635881;;;-1,784767;1,686911;4,570824
0,5222223;1,425208975;0,05125287;(-1.746741000, 1.715869000, 4.589325000);(-0.038316150, 1.590482000, -0.004936632);1,424132;0,5858533;;;-1,746741;1,715869;4,589325
0,5333334;1,475831885;0,05062291;(-1.713834000, 1.750787000, 4.605467000);(-0.037935750, 1.590565000, -0.005056974);1,474053;0,5393572;;;-1,713834;1,750787;4,605467
0,5444446;1,529981875;0,05414999;(-1.675796000, 1.784557000, 4.624038000);(-0.037615060, 1.590738000, -0.005163189);1,528052;0,4885808;;;-1,675796;1,784557;4,624038
0,5555557;1,580019815;0,05003794;(-1.642210000, 1.817805000, 4.640481000);(-0.037250880, 1.590821000, -0.005168136);1,577701;0,4435202;;;-1,64221;1,817805;4,640481
0,5666668;1,629248435;0,04922862;(-1.602454000, 1.839557000, 4.659711000);(-0.036840650, 1.591006000, -0.005246516);1,626419;0,395445;;;-1,602454;1,839557;4,659711
0,577778;1,677932595;0,04868416;(-1.562592000, 1.859811000, 4.678971000);(-0.036446340, 1.591058000, -0.005404290);1,674417;0,3478803;;;-1,562592;1,859811;4,678971
0,5888891;1,721879885;0,04394729;(-1.524093000, 1.870191000, 4.697450000);(-0.036057770, 1.591124000, -0.005566474);1,715673;0,3039706;;;-1,524093;1,870191;4,69745
0,6000003;1,759100495;0,03722061;(-1.491565000, 1.879321000, 4.713068000);(-0.035578090, 1.591125000, -0.005758401);1,750831;0,266811;;;-1,491565;1,879321;4,713068
0,6111114;1,797052175;0,03795168;(-1.460737000, 1.895687000, 4.727973000);(-0.035193030, 1.591139000, -0.005956706);1,788456;0,2303321;;;-1,460737;1,895687;4,727973
0,6222225;1,830255855;0,03320368;(-1.434869000, 1.912299000, 4.740518000);(-0.034825110, 1.591170000, -0.006135877);1,821615;0,1998696;;;-1,434869;1,912299;4,740518
0,6333337;1,860884525;0,03062867;(-1.411434000, 1.928404000, 4.751897000);(-0.034453900, 1.591302000, -0.006352957);1,852237;0,1731321;;;-1,411434;1,928404;4,751897
0,6444448;1,884101885;0,02321736;(-1.393878000, 1.940977000, 4.760427000);(-0.034083580, 1.591358000, -0.006543096);1,875454;0,1540915;;;-1,393878;1,940977;4,760427
0,655556;1,901433825;0,01733194;(-1.378987000, 1.946204000, 4.767591000);(-0.033871610, 1.591357000, -0.006610807);1,892172;0,1381828;;;-1,378987;1,946204;4,767591
0,6666671;1,917480605;0,01604678;(-1.364690000, 1.943521000, 4.774366000);(-0.033527150, 1.591359000, -0.006764468);1,904051;0,1221521;;;-1,36469;1,943521;4,774366
0,6777782;1,931695425;0,01421482;(-1.351964000, 1.941609000, 4.780404000);(-0.033121470, 1.591248000, -0.006923612);1,914932;0,107939;;;-1,351964;1,941609;4,780404
0,6888894;1,922378555;0,00931687;(-1.348271000, 1.933215000, 4.782052000);(-0.032781040, 1.591179000, -0.007101592);1,913904;0,1032323;;;-1,348271;1,933215;4,782052
0,7000005;1,915312487;0,007066068;(-1.346526000, 1.926409000, 4.782793000);(-0.032478140, 1.591110000, -0.007255610);1,911926;0,1012753;;;-1,346526;1,926409;4,782793
0,7111117;1,922109356;0,006796869;(-1.340511000, 1.925028000, 4.785640000);(-0.032103270, 1.591048000, -0.007441338);1,916868;0,09466782;;;-1,340511;1,925028;4,78564
0,7222228;1,940183826;0,01807447;(-1.325027000, 1.930635000, 4.793091000);(-0.031759590, 1.591001000, -0.007653888);1,934448;0,0774284;;;-1,325027;1,930635;4,793091
0,7333339;1,957120026;0,0169362;(-1.310695000, 1.936444000, 4.799996000);(-0.031424170, 1.590930000, -0.007894929);1,951054;0,06196625;;;-1,310695;1,936444;4,799996
0,7444451;1,968803866;0,01168384;(-1.300487000, 1.939323000, 4.804897000);(-0.031110890, 1.590881000, -0.008114751);1,962226;0,05125711;;;-1,300487;1,939323;4,804897
0,7555562;1,975484245;0,006680379;(-1.294458000, 1.939113000, 4.807767000);(-0.030841610, 1.590887000, -0.008758541);1,96783;0,04469313;;;-1,294458;1,939113;4,807767
0,7666674;1,984078377;0,008594132;(-1.287431000, 1.942710000, 4.811163000);(-0.030679740, 1.590748000, -0.008957561);1,976371;0,03829033;;;-1,287431;1,94271;4,811163
0,7777785;1,999567737;0,01548936;(-1.277994000, 1.954080000, 4.815810000);(-0.030436460, 1.590648000, -0.009178933);1,991255;0,0356436;;;-1,277994;1,95408;4,81581
0,7888896;2,013099547;0,01353181;(-1.267227000, 1.960404000, 4.821024000);(-0.030250150, 1.590668000, -0.009317692);2,004764;0,03421029;;;-1,267227;1,960404;4,821024
0,8000008;2,023345107;0,01024556;(-1.258020000, 1.961335000, 4.825422000);(-0.030063600, 1.590742000, -0.009352800);2,013978;0,03262667;;;-1,25802;1,961335;4,825422
0,8111119;2,011698907;0,0116462;(-1.255566000, 1.949996000, 4.826440000);(-0.029878720, 1.590706000, -0.009487446);2,010427;0,02115069;;;-1,255566;1,949996;4,82644
0,8222231;2,004374175;0,007324732;(-1.255382000, 1.942674000, 4.826430000);(-0.029726330, 1.590722000, -0.009564217);2,00683;0,01382611;;;-1,255382;1,942674;4,82643
0,8333342;1,991674865;0,01269931;(-1.264571000, 1.935138000, 4.821952000);(-0.029609610, 1.590722000, -0.009718951);1,994197;0,0121672;;;-1,264571;1,935138;4,821952
0,8444453;1,984043665;0,0076312;(-1.271299000, 1.933538000, 4.818726000);(-0.029503230, 1.590799000, -0.010035450);1,986959;0,01848204;;;-1,271299;1,933538;4,818726
0,8555565;1,974767711;0,009275954;(-1.279674000, 1.933598000, 4.814737000);(-0.029184080, 1.591063000, -0.010142740);1,979012;0,02756536;;;-1,279674;1,933598;4,814737
0,8666676;1,976542670;0,001774959;(-1.278263000, 1.934431000, 4.815420000);(-0.029099140, 1.591123000, -0.010271010);1,980785;0,02618761;;;-1,278263;1,934431;4,81542
0,8777788;1,998932150;0,02238948;(-1.258846000, 1.940528000, 4.824752000);(-0.029042490, 1.591044000, -0.010166050);2,002425;0,01235879;;;-1,258846;1,940528;4,824752
0,8888899;2,017778690;0,01884654;(-1.242839000, 1.946816000, 4.832461000);(-0.028979560, 1.591099000, -0.010232740);2,020923;0,02260896;;;-1,242839;1,946816;4,832461
0,900001;2,027283059;0,009504369;(-1.234566000, 1.944242000, 4.836368000);(-0.029007330, 1.591050000, -0.010440520);2,027513;0,02757006;;;-1,234566;1,944242;4,836368
0,9111122;2,033178127;0,005895068;(-1.229860000, 1.941458000, 4.838573000);(-0.028983460, 1.590976000, -0.010345990);2,030602;0,03077126;;;-1,22986;1,941458;4,838573
0,9222233;2,022307607;0,01087052;(-1.233857000, 1.931557000, 4.836537000);(-0.028841540, 1.591033000, -0.010417520);2,021761;0,02373958;;;-1,233857;1,931557;4,836537
0,9333345;2,007423547;0,01488406;(-1.241530000, 1.919387000, 4.832719000);(-0.028801280, 1.591024000, -0.010508470);2,008269;0,01774935;;;-1,24153;1,919387;4,832719
0,9444456;1,994700507;0,01272304;(-1.249505000, 1.910282000, 4.828799000);(-0.028743820, 1.591108000, -0.010510740);1,996036;0,01955489;;;-1,249505;1,910282;4,828799
0,9555568;1,985818527;0,00888198;(-1.255587000, 1.904532000, 4.825825000);(-0.028734810, 1.591131000, -0.010570820);1,987308;0,02432778;;;-1,255587;1,904532;4,825825
