time;total distance traveled;distance to prev position;ray position;hmd position;distance to prev target;distance to current target
(-2.594735000, 2.863881000, 4.043364000);(-3.946304000, 3.196843000, 2.607260000);0,2555556;0,2333333

0;-0,003845574;0,003845574;(-2.593752000, 2.850984000, 4.044644000);(-0.029498390, 1.614047000, -0.061593600);0,01299792;2,003769;;;-2,593752;2,850984;4,044644
0,01111111;-0,007910614;0,00406504;(-2.594621000, 2.854829000, 4.043653000);(-0.029494120, 1.613966000, -0.061761800);0,009057159;2,001812;;;-2,594621;2,854829;4,043653
0,02222222;-0,013465198;0,005554584;(-2.595279000, 2.860287000, 4.042855000);(-0.029591200, 1.614017000, -0.061854780);0,003670707;1,999869;;;-2,595279;2,860287;4,042855
0,03333334;-0,005494561;0,007970637;(-2.600713000, 2.859199000, 4.037127000);(-0.029586620, 1.613981000, -0.062038960);0,009826723;1,99227;;;-2,600713;2,859199;4,037127
0,04444445;0,006083059;0,01157762;(-2.608019000, 2.854479000, 4.029485000);(-0.029809170, 1.614035000, -0.061892510);0,02138867;1,982662;;;-2,608019;2,854479;4,029485
0,05555556;0,021794559;0,0157115;(-2.618020000, 2.848374000, 4.019018000);(-0.029797650, 1.614021000, -0.062024660);0,03708594;1,969475;;;-2,61802;2,848374;4,019018
0,06666667;0,028832584;0,007038025;(-2.621897000, 2.844092000, 4.014997000);(-0.029766900, 1.614031000, -0.062149110);0,04397773;1,964743;;;-2,621897;2,844092;4,014997
0,07777778;0,031097473;0,002264889;(-2.622796000, 2.842226000, 4.014081000);(-0.029835550, 1.614010000, -0.062343780);0,04597667;1,963816;;;-2,622796;2,842226;4,014081
0,08888889;0,027613330;0,003484143;(-2.620405000, 2.842463000, 4.016604000);(-0.029877270, 1.613968000, -0.062612950);0,04282236;1,967192;;;-2,620405;2,842463;4,016604
0,1;0,011245970;0,01636736;(-2.609942000, 2.848662000, 4.027558000);(-0.029798270, 1.613970000, -0.062779720);0,02669629;1,980995;;;-2,609942;2,848662;4,027558
0,1111111;0,003315030;0,00793094;(-2.606144000, 2.854422000, 4.031469000);(-0.029746010, 1.613986000, -0.062891660);0,01900309;1,98536;;;-2,606144;2,854422;4,031469
0,1222222;-0,000632710;0,00394774;(-2.604664000, 2.857759000, 4.032973000);(-0.029690560, 1.614034000, -0.063073810);0,01562198;1,986865;;;-2,604664;2,857759;4,032973
0,1333333;0,003715861;0,004348571;(-2.607641000, 2.857330000, 4.029832000);(-0.029621390, 1.614038000, -0.063175560);0,0198141;1,982675;;;-2,607641;2,85733;4,029832
0,1444445;0,009815387;0,006099526;(-2.611749000, 2.856047000, 4.025509000);(-0.029602700, 1.614065000, -0.063255010);0,02587712;1,977021;;;-2,611749;2,856047;4,025509
0,1555556;0,012687462;0,002872075;(-2.612817000, 2.853611000, 4.024426000);(-0.029534950, 1.614035000, -0.063378870);0,02812614;1,975944;;;-2,612817;2,853611;4,024426
0,1666667;0,010958889;0,001728573;(-2.612004000, 2.852368000, 4.025309000);(-0.029440920, 1.614003000, -0.063499990);0,02750936;1,977343;;;-2,612004;2,852368;4,025309
0,1777778;0,013357833;0,002398944;(-2.613186000, 2.850674000, 4.024089000);(-0.029348470, 1.613993000, -0.063634340);0,02977263;1,975966;;;-2,613186;2,850674;4,024089
0,1888889;0,011595814;0,001762019;(-2.612661000, 2.852272000, 4.024615000);(-0.029246580, 1.613992000, -0.063755990);0,02841943;1,976418;;;-2,612661;2,852272;4,024615
0,2;0,005801016;0,005794798;(-2.610912000, 2.857511000, 4.026368000);(-0.028969750, 1.614035000, -0.064125240);0,02431365;1,97795;;;-2,610912;2,857511;4,026368
0,2111111;-0,011260794;0,01706181;(-2.604106000, 2.871533000, 4.033307000);(-0.028881710, 1.614113000, -0.064289750);0,01573226;1,985179;;;-2,604106;2,871533;4,033307
0,2222222;-0,001113904;0,01014689;(-2.601926000, 2.881212000, 4.035432000);(-0.028867640, 1.614329000, -0.064414500);0,02037175;1,986618;;;-2,601926;2,881212;4,035432
0,2333333;0,012167176;0,01328108;(-2.606822000, 2.892321000, 4.030046000);(-0.028807440, 1.614483000, -0.064608870);0,03364996;1,977692;;;-2,606822;2,892321;4,030046
0,2444444;0,032967146;0,02079997;(-2.620228000, 2.899257000, 4.015734000);(-0.029220350, 1.614670000, -0.064481500);0,05162125;1,957252;;;-2,620228;2,899257;4,015734
0,2555556;0,055499706;0,02253256;(-2.635400000, 2.903424000, 3.999604000);(-0.029452900, 1.614898000, -0.064508260);0,07163934;1,934732;;;-2,6354;2,903424;3,999604
0,2666667;0,097411766;0,04191206;(-2.664153000, 2.900628000, 3.969238000);(-0.029504910, 1.615079000, -0.064718070);0,1079987;1,893843;;;-2,664153;2,900628;3,969238
0,2777778;0,153208306;0,05579654;(-2.702125000, 2.907498000, 3.928937000);(-0.029486220, 1.615332000, -0.064985750);0,1628756;1,838079;;;-2,702125;2,907498;3,928937
0,2888889;0,229010336;0,07580203;(-2.752693000, 2.924597000, 3.875119000);(-0.029564870, 1.615631000, -0.065137150);0,2386285;1,762468;;;-2,752693;2,924597;3,875119
0,3;0,304170446;0,07516011;(-2.802974000, 2.940701000, 3.821625000);(-0.029646300, 1.615927000, -0.065334500);0,3137397;1,687453;;;-2,802974;2,940701;3,821625
0,3111111;0,398856286;0,09468584;(-2.867887000, 2.945509000, 3.752861000);(-0.029840350, 1.616125000, -0.065522610);0,4070224;1,593284;;;-2,867887;2,945509;3,752861
0,3222222;0,473824016;0,07496773;(-2.919161000, 2.951535000, 3.698503000);(-0.029898970, 1.616337000, -0.065867420);0,4815235;1,518555;;;-2,919161;2,951535;3,698503
0,3333333;0,543139916;0,0693159;(-2.966683000, 2.955023000, 3.648161000);(-0.030054730, 1.616554000, -0.066041890);0,5503062;1,449694;;;-2,966683;2,955023;3,648161
0,3444445;0,608407366;0,06526745;(-3.011219000, 2.961703000, 3.600920000);(-0.030248340, 1.616786000, -0.066246570);0,6154547;1,384571;;;-3,011219;2,961703;3,60092
0,3555556;0,677479376;0,06907201;(-3.058112000, 2.971341000, 3.551130000);(-0.030329750, 1.616940000, -0.066451850);0,6845148;1,315533;;;-3,058112;2,971341;3,55113
0,3666667;0,762430216;0,08495084;(-3.115264000, 2.987407000, 3.490366000);(-0.030473380, 1.617028000, -0.066642700);0,7694253;1,230597;;;-3,115264;2,987407;3,490366
0,3777778;0,854467056;0,09203684;(-3.177663000, 3.001030000, 3.424097000);(-0.030659310, 1.617117000, -0.066867410);0,8614556;1,138585;;;-3,177663;3,00103;3,424097
0,3888889;0,948062346;0,09359529;(-3.241784000, 3.006717000, 3.356154000);(-0.030764620, 1.617105000, -0.067043960);0,9546366;1,045629;;;-3,241784;3,006717;3,356154
0,4;1,041846486;0,09378414;(-3.305928000, 2.996663000, 3.288479000);(-0.031023190, 1.617056000, -0.066972910);1,045599;0,9561453;;;-3,305928;2,996663;3,288479
0,4111111;1,132443496;0,09059701;(-3.367742000, 2.984882000, 3.223302000);(-0.031096400, 1.617152000, -0.067083000);1,133438;0,8713039;;;-3,367742;2,984882;3,223302
0,4222222;1,228244176;0,09580068;(-3.431331000, 2.958938000, 3.156511000);(-0.031224250, 1.617143000, -0.067200540);1,222881;0,7896031;;;-3,431331;2,958938;3,156511
0,4333333;1,315478556;0,08723438;(-3.490644000, 2.945295000, 3.094015000);(-0.031297380, 1.617144000, -0.067334950);1,307878;0,7126243;;;-3,490644;2,945295;3,094015
0,4444444;1,393227506;0,07774895;(-3.543199000, 2.930382000, 3.038693000);(-0.031311170, 1.617205000, -0.067429240);1,383246;0,6477892;;;-3,543199;2,930382;3,038693
0,4555556;1,466104026;0,07287652;(-3.593053000, 2.922721000, 2.986093000);(-0.031348360, 1.617130000, -0.067517400);1,455309;0,5860409;;;-3,593053;2,922721;2,986093
0,4666667;1,527781896;0,06167787;(-3.635368000, 2.918706000, 2.941400000);(-0.031383960, 1.617129000, -0.067592800);1,516657;0,5345005;;;-3,635368;2,918706;2,9414
0,4777778;1,587613516;0,05983162;(-3.676437000, 2.915462000, 2.898010000);(-0.031414790, 1.617006000, -0.067602520);1,576254;0,4863531;;;-3,676437;2,915462;2,89801
0,4888889;1,649567336;0,06195382;(-3.718993000, 2.913581000, 2.853024000);(-0.031514120, 1.616855000, -0.067767860);1,638089;0,4385291;;;-3,718993;2,913581;2,853024
0,5;1,693431776;0,04386444;(-3.745623000, 2.933583000, 2.824478000);(-0.031583530, 1.616843000, -0.067889810);1,677821;0,3959328;;;-3,745623;2,933583;2,824478
0,5111111;1,740706716;0,04727494;(-3.776102000, 2.949306000, 2.791940000);(-0.031656250, 1.616785000, -0.067979990);1,723075;0,3526332;;;-3,776102;2,949306;2,79194
0,5222223;1,778518736;0,03781202;(-3.797622000, 2.970055000, 2.768786000);(-0.031779730, 1.616681000, -0.068184730);1,755779;0,315642;;;-3,797622;2,970055;2,768786
0,5333334;1,813886696;0,03536796;(-3.819762000, 2.984186000, 2.745100000);(-0.031853180, 1.616641000, -0.068294530);1,789037;0,2832592;;;-3,819762;2,984186;2,7451
0,5444446;1,856442726;0,04255603;(-3.846558000, 3.000672000, 2.716443000);(-0.032005200, 1.616358000, -0.068493780);1,829342;0,2456694;;;-3,846558;3,000672;2,716443
0,5555557;1,907470956;0,05102823;(-3.879585000, 3.017124000, 2.681195000);(-0.032065920, 1.616286000, -0.068659250);1,878783;0,2054675;;;-3,879585;3,017124;2,681195
0,5666668;1,965172836;0,05770188;(-3.915751000, 3.040030000, 2.642506000);(-0.032192440, 1.616067000, -0.068834960);1,933524;0,1636035;;;-3,915751;3,04003;2,642506
0,8666676;2,159416136;0,1942433;(-3.976360000, 3.211857000, 2.575183000);(-0.033988610, 1.614706000, -0.073798120);2,045857;0,04645095;;;-3,97636;3,211857;2,575183
0,8777788;2,136997396;0,02241874;(-3.965180000, 3.227495000, 2.586719000);(-0.033917200, 1.614622000, -0.073853550);2,032769;0,04144635;;;-3,96518;3,227495;2,586719
0,8888899;2,115301116;0,02169628;(-3.953354000, 3.240931000, 2.598980000);(-0.033831850, 1.614677000, -0.073883120);2,018478;0,04540882;;;-3,953354;3,240931;2,59898
0,900001;2,100301256;0,01499986;(-3.943463000, 3.245332000, 2.609363000);(-0.033794210, 1.614698000, -0.073993860);2,005226;0,04861732;;;-3,943463;3,245332;2,609363
0,9111122;2,086540026;0,01376123;(-3.934811000, 3.239956000, 2.618616000);(-0.033678240, 1.614732000, -0.073985160);1,991768;0,04604175;;;-3,934811;3,239956;2,618616
0,9222233;2,074879836;0,01166019;(-3.929857000, 3.230893000, 2.624026000);(-0.033531500, 1.614753000, -0.073951660);1,982868;0,04136482;;;-3,929857;3,230893;2,624026
0,9333345;2,071096190;0,003783646;(-3.928652000, 3.227564000, 2.625363000);(-0.033363830, 1.614794000, -0.073912620);1,980487;0,03978848;;;-3,928652;3,227564;2,625363
0,9444456;2,080465001;0,009368811;(-3.935053000, 3.228419000, 2.618575000);(-0.033208650, 1.614816000, -0.073886690);1,989815;0,03537888;;;-3,935053;3,228419;2,618575
0,9555568;2,098059661;0,01759466;(-3.945814000, 3.236217000, 2.607044000);(-0.033233980, 1.614658000, -0.073811350);2,006754;0,03937775;;;-3,945814;3,236217;2,607044
0,9666679;2,113325891;0,01526623;(-3.955449000, 3.242058000, 2.596743000);(-0.033103240, 1.614668000, -0.073770340);2,0217;0,04731376;;;-3,955449;3,242058;2,596743
0,977779;2,121918040;0,008592149;(-3.960955000, 3.245044000, 2.590862000);(-0.033027270, 1.614679000, -0.073815050);2,030174;0,05298003;;;-3,960955;3,245044;2,590862
0,9888902;2,125867740;0,0039497;(-3.963217000, 3.242817000, 2.588511000);(-0.032873700, 1.614658000, -0.073750730);2,032962;0,05245198;;;-3,963217;3,242817;2,588511
1,000001;2,119399453;0,006468287;(-3.962510000, 3.236446000, 2.589376000);(-0.032743820, 1.614786000, -0.073664250);2,030688;0,04637753;;;-3,96251;3,236446;2,589376
1,011112;2,103256143;0,01614331;(-3.956993000, 3.222554000, 2.595473000);(-0.032574190, 1.614758000, -0.073570430);2,020094;0,03023626;;;-3,956993;3,222554;2,595473
1,022224;2,097650491;0,005605652;(-3.957485000, 3.216986000, 2.595055000);(-0.032272920, 1.614730000, -0.073364560);2,019745;0,0260713;;;-3,957485;3,216986;2,595055
1,033335;2,101828902;0,004178411;(-3.959433000, 3.213878000, 2.593053000);(-0.032068500, 1.614718000, -0.073282660);2,021955;0,02577611;;;-3,959433;3,213878;2,593053
1,044446;2,105211873;0,003382971;(-3.960997000, 3.216349000, 2.591352000);(-0.032055030, 1.614811000, -0.073227700);2,024659;0,02914507;;;-3,960997;3,216349;2,591352
1,055557;2,100231237;0,004980636;(-3.958903000, 3.220329000, 2.593493000);(-0.031849720, 1.614738000, -0.073173820);2,022408;0,02999743;;;-3,958903;3,220329;2,593493
1,066668;2,092437485;0,007793752;(-3.953800000, 3.218075000, 2.598935000);(-0.031705630, 1.614726000, -0.073119700);2,014668;0,02400557;;;-3,9538;3,218075;2,598935
