time;total distance traveled;distance to prev position;ray position;hmd position;distance to prev target;distance to current target
(-3.585513000, 1.930055000, 3.441162000);(-1.922032000, 2.029295000, 4.547047000);0,2888889;0,2555556

0;-0,006742537;0,006742537;(-3.558372000, 1.915856000, 3.459478000);(-0.061233850, 1.595074000, -0.068225930);0,03568909;1,968066;;;-3,558372;1,915856;3,459478
0,01111111;0,003468633;0,01021117;(-3.550665000, 1.920249000, 3.464534000);(-0.061413570, 1.595022000, -0.068219950);0,04309047;1,958614;;;-3,550665;1,920249;3,464534
0,02222222;0,010570776;0,007102143;(-3.547532000, 1.926308000, 3.466515000);(-0.061504240, 1.594970000, -0.068205190);0,04581879;1,954586;;;-3,547532;1,926308;3,466515
0,03333334;0,013117363;0,002546587;(-3.546608000, 1.928610000, 3.467091000);(-0.061691750, 1.595026000, -0.068215420);0,04677625;1,953379;;;-3,546608;1,92861;3,467091
0,04444445;0,010458730;0,002658633;(-3.548780000, 1.929095000, 3.465637000);(-0.061807680, 1.595043000, -0.068194440);0,04415041;1,955964;;;-3,54878;1,929095;3,465637
0,05555556;-0,005770730;0,01622946;(-3.561590000, 1.923796000, 3.457198000);(-0.061925810, 1.595058000, -0.068042390);0,02947267;1,971561;;;-3,56159;1,923796;3,457198
0,06666667;-0,019657410;0,01388668;(-3.572339000, 1.918565000, 3.450131000);(-0.062036960, 1.595106000, -0.067965460);0,01964732;1,984691;;;-3,572339;1,918565;3,450131
0,07777778;-0,008953230;0,01070418;(-3.579242000, 1.911718000, 3.445653000);(-0.062222230, 1.595039000, -0.067944880);0,01989315;1,993298;;;-3,579242;1,911718;3,445653
0,08888889;0,000587577;0,009540807;(-3.584219000, 1.904227000, 3.442470000);(-0.062328190, 1.595072000, -0.067881650);0,0258937;1,999649;;;-3,584219;1,904227;3,44247
0,1;0,004350084;0,003762507;(-3.583589000, 1.900549000, 3.442952000);(-0.062435210, 1.595099000, -0.067810240);0,029623;1,999093;;;-3,583589;1,900549;3,442952
0,1111111;0,013085175;0,008735091;(-3.576385000, 1.901818000, 3.447727000);(-0.062543710, 1.595055000, -0.067805340);0,03039326;1,990387;;;-3,576385;1,901818;3,447727
0,1222222;0,026356635;0,01327146;(-3.565989000, 1.906423000, 3.454570000);(-0.062630530, 1.595047000, -0.067745870);0,03345775;1,977675;;;-3,565989;1,906423;3,45457
0,1333333;0,037836425;0,01147979;(-3.556912000, 1.910118000, 3.460549000);(-0.062781050, 1.594815000, -0.067723800);0,0398922;1,966599;;;-3,556912;1,910118;3,460549
0,1444445;0,049069875;0,01123345;(-3.549529000, 1.917095000, 3.465345000);(-0.062854650, 1.594821000, -0.067704980);0,0452505;1,9574;;;-3,549529;1,917095;3,465345
0,1555556;0,053540286;0,004470411;(-3.548229000, 1.921298000, 3.466138000);(-0.062895860, 1.594852000, -0.067705700);0,04572294;1,955644;;;-3,548229;1,921298;3,466138
0,1666667;0,037385956;0,01615433;(-3.561675000, 1.920945000, 3.457191000);(-0.062980800, 1.594845000, -0.067615580);0,03013602;1,97179;;;-3,561675;1,920945;3,457191
0,1777778;0,027191946;0,01019401;(-3.570149000, 1.920324000, 3.451560000);(-0.063105750, 1.594980000, -0.067535330);0,02094864;1,981983;;;-3,570149;1,920324;3,45156
0,1888889;0,007735496;0,01945645;(-3.585710000, 1.914752000, 3.441295000);(-0.063194510, 1.595038000, -0.067465910);0,01530475;2,000908;;;-3,58571;1,914752;3,441295
0,2;0,015565775;0,007830279;(-3.591905000, 1.912245000, 3.437213000);(-0.063284460, 1.595075000, -0.067410890);0,01932948;2,008459;;;-3,591905;1,912245;3,437213
0,2111111;0,019774102;0,004208327;(-3.595279000, 1.913337000, 3.434948000);(-0.063420340, 1.595078000, -0.067214780);0,02033406;2,012453;;;-3,595279;1,913337;3,434948
0,2222222;0,016808543;0,002965559;(-3.594317000, 1.916079000, 3.435541000);(-0.063569860, 1.595150000, -0.067105290);0,01744824;2,01117;;;-3,594317;1,916079;3,435541
0,2333333;0,002655633;0,01415291;(-3.584642000, 1.924263000, 3.441842000);(-0.063635330, 1.595223000, -0.067073750);0,005896296;1,999195;;;-3,584642;1,924263;3,441842
0,2444444;0,021028013;0,01837238;(-3.570269000, 1.930705000, 3.451301000);(-0.063632460, 1.595287000, -0.066957900);0,01831954;1,981682;;;-3,570269;1,930705;3,451301
0,2555556;0,042094253;0,02106624;(-3.555067000, 1.941379000, 3.461238000);(-0.063653100, 1.595265000, -0.066864070);0,03818701;1,963037;;;-3,555067;1,941379;3,461238
0,2666667;0,077929833;0,03583558;(-3.528059000, 1.956903000, 3.478952000);(-0.063623070, 1.595291000, -0.066742960);0,07382291;1,930127;;;-3,528059;1,956903;3,478952
0,2777778;0,103729873;0,02580004;(-3.506702000, 1.959862000, 3.493121000);(-0.063536210, 1.595388000, -0.066554060);0,09899142;1,904406;;;-3,506702;1,959862;3,493121
0,2888889;0,131122643;0,02739277;(-3.483907000, 1.960783000, 3.508284000);(-0.063414570, 1.595394000, -0.066403220);0,1255916;1,877013;;;-3,483907;1,960783;3,508284
0,3;0,153686433;0,02256379;(-3.465135000, 1.961764000, 3.520765000);(-0.063457060, 1.595430000, -0.066265100);0,1477592;1,85445;;;-3,465135;1,961764;3,520765
0,3111111;0,175373173;0,02168674;(-3.447774000, 1.967904000, 3.532219000);(-0.063359710, 1.595425000, -0.066242170);0,1693986;1,833449;;;-3,447774;1,967904;3,532219
0,3222222;0,200738203;0,02536503;(-3.428682000, 1.978954000, 3.544740000);(-0.063256820, 1.595402000, -0.066162520);0,1942045;1,81029;;;-3,428682;1,978954;3,54474
0,3333333;0,228012493;0,02727429;(-3.407820000, 1.989952000, 3.558441000);(-0.063210010, 1.595303000, -0.065907660);0,2211711;1,785065;;;-3,40782;1,989952;3,558441
0,3444445;0,264512083;0,03649959;(-3.379721000, 2.004156000, 3.576904000);(-0.063101220, 1.595316000, -0.065819020);0,2574242;1,75119;;;-3,379721;2,004156;3,576904
0,3555556;0,303711643;0,03919956;(-3.348263000, 2.014928000, 3.597664000);(-0.063031750, 1.595304000, -0.065820390);0,2966206;1,71338;;;-3,348263;2,014928;3,597664
0,3666667;0,370688933;0,06697729;(-3.292925000, 2.023708000, 3.634359000);(-0.062884840, 1.595276000, -0.065682600);0,3629103;1,64693;;;-3,292925;2,023708;3,634359
0,3777778;0,431750873;0,06106194;(-3.242271000, 2.029348000, 3.667988000);(-0.062874440, 1.595340000, -0.065604220);0,4232309;1,586119;;;-3,242271;2,029348;3,667988
0,3888889;0,517222703;0,08547183;(-3.171124000, 2.029826000, 3.715352000);(-0.062722680, 1.595305000, -0.065556180);0,5068064;1,500649;;;-3,171124;2,029826;3,715352
0,4;0,604233143;0,08701044;(-3.098696000, 2.030218000, 3.763569000);(-0.062650400, 1.595319000, -0.065505740);0,5924268;1,41364;;;-3,098696;2,030218;3,763569
0,4111111;0,682856663;0,07862352;(-3.033279000, 2.033337000, 3.807073000);(-0.062552570, 1.595368000, -0.065542650);0,6704624;1,335084;;;-3,033279;2,033337;3,807073
0,4222222;0,740669593;0,05781293;(-2.985679000, 2.042395000, 3.838609000);(-0.062434820, 1.595416000, -0.065497640);0,7282752;1,278046;;;-2,985679;2,042395;3,838609
0,4333333;0,797900703;0,05723111;(-2.938201000, 2.047649000, 3.870131000);(-0.062323260, 1.595479000, -0.065405780);0,7854012;1,221128;;;-2,938201;2,047649;3,870131
0,4444444;0,848492443;0,05059174;(-2.896089000, 2.047970000, 3.898166000);(-0.062213420, 1.595593000, -0.065306020);0,8355011;1,170548;;;-2,896089;2,04797;3,898166
0,4555556;0,906657413;0,05816497;(-2.848227000, 2.039736000, 3.930176000);(-0.062105330, 1.595660000, -0.065225190);0,8914901;1,112869;;;-2,848227;2,039736;3,930176
0,4666667;0,973743823;0,06708641;(-2.793238000, 2.028682000, 3.966980000);(-0.061998930, 1.595744000, -0.065140610);0,9559873;1,046651;;;-2,793238;2,028682;3,96698
0,4777778;1,042854653;0,06911083;(-2.736014000, 2.022240000, 4.005193000);(-0.061930210, 1.595867000, -0.065153070);1,023854;0,9778661;;;-2,736014;2,02224;4,005193
0,4888889;1,112690643;0,06983599;(-2.677998000, 2.018484000, 4.043886000);(-0.061770650, 1.595901000, -0.064994040);1,093014;0,9081701;;;-2,677998;2,018484;4,043886
0,5;1,177250413;0,06455977;(-2.624307000, 2.021836000, 4.079578000);(-0.061735330, 1.595907000, -0.064775470);1,157548;0,8436661;;;-2,624307;2,021836;4,079578
0,5111111;1,238280503;0,06103009;(-2.573627000, 2.026654000, 4.113239000);(-0.061700110, 1.595917000, -0.064639690);1,218578;0,7827979;;;-2,573627;2,026654;4,113239
0,5222223;1,297177173;0,05889667;(-2.524633000, 2.029353000, 4.145814000);(-0.061477740, 1.595921000, -0.064490310);1,277443;0,7239587;;;-2,524633;2,029353;4,145814
0,5333334;1,357798713;0,06062154;(-2.474172000, 2.030182000, 4.179399000);(-0.061223360, 1.595892000, -0.064342330);1,337945;0,6633434;;;-2,474172;2,030182;4,179399
0,5444446;1,419567483;0,06176877;(-2.422801000, 2.033380000, 4.213548000);(-0.060960650, 1.595949000, -0.064120000);1,399698;0,6016708;;;-2,422801;2,03338;4,213548
0,5555557;1,477371173;0,05780369;(-2.374737000, 2.031224000, 4.245587000);(-0.060777110, 1.595894000, -0.063896720);1,457159;0,5438969;;;-2,374737;2,031224;4,245587
0,5666668;1,533875733;0,05650456;(-2.327734000, 2.029697000, 4.276910000);(-0.060417350, 1.595879000, -0.063600420);1,513411;0,4874097;;;-2,327734;2,029697;4,27691
0,577778;1,587210763;0,05333503;(-2.283695000, 2.023447000, 4.306341000);(-0.060049910, 1.595887000, -0.063228370);1,565882;0,4344814;;;-2,283695;2,023447;4,306341
0,5888891;1,642180893;0,05497013;(-2.238186000, 2.018254000, 4.336732000);(-0.059634730, 1.595860000, -0.062886300);1,620221;0,3798783;;;-2,238186;2,018254;4,336732
0,6000003;1,694579463;0,05239857;(-2.194837000, 2.012952000, 4.365686000);(-0.059202060, 1.595981000, -0.062477170);1,672004;0,3279957;;;-2,194837;2,012952;4,365686
0,6111114;1,747038953;0,05245949;(-2.151332000, 2.008925000, 4.394723000);(-0.058725310, 1.595949000, -0.062075730);1,724057;0,2760364;;;-2,151332;2,008925;4,394723
0,6222225;1,795392163;0,04835321;(-2.111111000, 2.007564000, 4.421527000);(-0.058210030, 1.596000000, -0.061799650);1,772282;0,2279878;;;-2,111111;2,007564;4,421527
0,6333337;1,841833703;0,04644154;(-2.072486000, 2.006069000, 4.447270000);(-0.057660710, 1.596027000, -0.061458650);1,818593;0,1820203;;;-2,072486;2,006069;4,44727
0,6444448;1,878573123;0,03673942;(-2.041955000, 2.008543000, 4.467556000);(-0.057221980, 1.596022000, -0.061047550);1,855321;0,1453653;;;-2,041955;2,008543;4,467556
0,655556;1,910723243;0,03215012;(-2.015366000, 2.012491000, 4.485192000);(-0.056686480, 1.596058000, -0.060768900);1,887368;0,1132235;;;-2,015366;2,012491;4,485192
0,6666671;1,938296803;0,02757356;(-1.992442000, 2.011373000, 4.500475000);(-0.056089980, 1.596067000, -0.060396250);1,914845;0,08630045;;;-1,992442;2,011373;4,500475
0,6777782;1,963201783;0,02490498;(-1.972234000, 2.006044000, 4.514022000);(-0.055557270, 1.595947000, -0.059976040);1,938935;0,06443279;;;-1,972234;2,006044;4,514022
0,6888894;1,983224263;0,02002248;(-1.955648000, 2.004267000, 4.525096000);(-0.055003910, 1.596023000, -0.059688270);1,958795;0,04731112;;;-1,955648;2,004267;4,525096
0,7000005;1,993436443;0,01021218;(-1.947214000, 2.003088000, 4.530732000);(-0.054282810, 1.596074000, -0.059365930);1,968888;0,03983875;;;-1,947214;2,003088;4,530732
0,7111117;2,004764473;0,01132803;(-1.938087000, 2.000346000, 4.536857000);(-0.053720650, 1.595938000, -0.058975040);1,979772;0,03463628;;;-1,938087;2,000346;4,536857
0,7222228;2,023897753;0,01913328;(-1.922162000, 2.000256000, 4.547462000);(-0.053054420, 1.595831000, -0.058595480);1,99889;0,02904288;;;-1,922162;2,000256;4,547462
0,7333339;2,044999453;0,0211017;(-1.904797000, 2.003627000, 4.558966000);(-0.052493200, 1.595766000, -0.058235700);2,019828;0,03313534;;;-1,904797;2,003627;4,558966
0,7444451;2,059639703;0,01464025;(-1.893987000, 2.010511000, 4.566044000);(-0.051840570, 1.595696000, -0.057984650);2,033001;0,03873338;;;-1,893987;2,010511;4,566044
0,7555562;2,064773193;0,00513349;(-1.892174000, 2.015179000, 4.567171000);(-0.051224990, 1.595654000, -0.057600260);2,035323;0,03867509;;;-1,892174;2,015179;4,567171
0,7666674;2,057672025;0,007101168;(-1.894951000, 2.021415000, 4.565214000);(-0.050602500, 1.595648000, -0.057284650);2,032201;0,03354879;;;-1,894951;2,021415;4,565214
0,7777785;2,054860637;0,002811388;(-1.895077000, 2.024220000, 4.565082000);(-0.049997570, 1.595652000, -0.056971790);2,032151;0,03282688;;;-1,895077;2,02422;4,565082
0,7888896;2,050513413;0,004347224;(-1.898691000, 2.024382000, 4.562673000);(-0.049437240, 1.595710000, -0.056660590);2,027819;0,02851447;;;-1,898691;2,024382;4,562673
0,8000008;2,057966892;0,007453479;(-1.896555000, 2.017410000, 4.564215000);(-0.048878450, 1.595715000, -0.056362450);2,030138;0,0329406;;;-1,896555;2,01741;4,564215
0,8111119;2,066461183;0,008494291;(-1.891561000, 2.011455000, 4.567643000);(-0.048290420, 1.595664000, -0.055925190);2,035941;0,04087713;;;-1,891561;2,011455;4,567643
0,8222231;2,068906324;0,002445141;(-1.889534000, 2.011689000, 4.568989000);(-0.047753320, 1.595712000, -0.055708830);2,038383;0,04298347;;;-1,889534;2,011689;4,568989
0,8333342;2,065047186;0,003859138;(-1.890768000, 2.015237000, 4.568107000);(-0.047316150, 1.595707000, -0.055479230);2,037013;0,0402316;;;-1,890768;2,015237;4,568107
0,8444453;2,060320793;0,004726393;(-1.892638000, 2.019373000, 4.566790000);(-0.046819640, 1.595688000, -0.055251420);2,034906;0,03677266;;;-1,892638;2,019373;4,56679
0,8555565;2,055493494;0,004827299;(-1.896185000, 2.021600000, 4.564389000);(-0.046679600, 1.595670000, -0.054839200);2,030726;0,03206283;;;-1,896185;2,0216;4,564389
0,8666676;2,048942496;0,006550998;(-1.899961000, 2.016830000, 4.561957000);(-0.046286030, 1.595652000, -0.054623250);2,02603;0,02940788;;;-1,899961;2,01683;4,561957
0,8777788;2,056512997;0,007570501;(-1.898959000, 2.009369000, 4.562754000);(-0.045940070, 1.595616000, -0.054416720);2,026999;0,03429459;;;-1,898959;2,009369;4,562754
0,8888899;2,060439107;0,00392611;(-1.896672000, 2.006591000, 4.564324000);(-0.045652120, 1.595611000, -0.054292620);2,029664;0,03817213;;;-1,896672;2,006591;4,564324
