time;total distance traveled;distance to prev position;ray position;hmd position;distance to prev target;distance to current target
(0.170210200, 0.124994000, 4.742861000);(2.115177000, 0.276423800, 4.302209000);0,2555556;0,2444444

0;-0,006043169;0,006043169;(0.167137300, 0.142079800, 4.743359000);(-0.002824218, 1.576268000, -0.017457780);0,01736699;2,001879;;;0,1671373;0,1420798;4,743359
0,01111111;-0,029274329;0,02323116;(0.178191600, 0.121772800, 4.741097000);(-0.002748669, 1.576291000, -0.017409440);0,008785867;1,992097;;;0,1781916;0,1217728;4,741097
0,02222222;-0,029274329;0;(0.178191600, 0.121772800, 4.741097000);(-0.002737195, 1.576305000, -0.017558750);0,008785867;1,992097;;;0,1781916;0,1217728;4,741097
0,03333334;-0,024141901;0,005132428;(0.177919400, 0.116649000, 4.741217000);(-0.002718345, 1.576345000, -0.017630220);0,01147928;1,992793;;;0,1779194;0,116649;4,741217
0,04444445;-0,032845661;0,00870376;(0.169429300, 0.116748200, 4.743132000);(-0.002710001, 1.576365000, -0.017809270);0,00828719;2,00146;;;0,1694293;0,1167482;4,743132
0,05555556;-0,040310908;0,007465247;(0.165531600, 0.123063600, 4.743939000);(-0.002596424, 1.576407000, -0.017901360);0,005174782;2,004934;;;0,1655316;0,1230636;4,743939
0,06666667;-0,031864004;0,008446904;(0.168886100, 0.130769600, 4.743093000);(-0.002535046, 1.576520000, -0.018018420);0,005929971;2,00091;;;0,1688861;0,1307696;4,743093
0,07777778;-0,025568184;0,00629582;(0.173460300, 0.134958600, 4.742013000);(-0.002369494, 1.576545000, -0.018123690);0,01051539;1,995922;;;0,1734603;0,1349586;4,742013
0,08888889;-0,021284452;0,004283732;(0.177580800, 0.135660000, 4.741076000);(-0.002296315, 1.576732000, -0.018087090);0,01308728;1,991657;;;0,1775808;0,13566;4,741076
0,1;-0,026088814;0,004804362;(0.177648600, 0.130856300, 4.741116000);(-0.002225907, 1.576790000, -0.018105630);0,009630268;1,991945;;;0,1776486;0,1308563;4,741116
0,1111111;-0,032866228;0,006777414;(0.173603200, 0.125506500, 4.742089000);(-0.002089293, 1.576854000, -0.018121660);0,003517176;1,996492;;;0,1736032;0,1255065;4,742089
0,1222222;-0,028266161;0,004600067;(0.171338500, 0.121541400, 4.742646000);(-0.001956434, 1.576963000, -0.018169820);0,003638642;1,99912;;;0,1713385;0,1215414;4,742646
0,1333333;-0,022694611;0,00557155;(0.168227900, 0.116981100, 4.743401000);(-0.001811938, 1.577036000, -0.018212080);0,008272127;2,002669;;;0,1682279;0,1169811;4,743401
0,1444445;-0,0221438331;0,0005507779;(0.168324900, 0.116439200, 4.743384000);(-0.001724676, 1.577133000, -0.018279850);0,008775773;2,002614;;;0,1683249;0,1164392;4,743384
0,1555556;-0,0256806491;0,003536816;(0.171367700, 0.118098100, 4.742679000);(-0.001487048, 1.577149000, -0.018404420);0,006994746;1,999369;;;0,1713677;0,1180981;4,742679
0,1666667;-0,0211549931;0,004525656;(0.175732000, 0.118768600, 4.741686000);(-0.001351492, 1.577199000, -0.018444660);0,008403935;1,994854;;;0,175732;0,1187686;4,741686
0,1777778;-0,0129946511;0,008160342;(0.183678500, 0.118269700, 4.739899000);(-0.001312331, 1.577285000, -0.018487990);0,01534235;1,986774;;;0,1836785;0,1182697;4,739899
0,1888889;-0,0070036551;0,005990996;(0.189437300, 0.119274800, 4.738588000);(-0.001184748, 1.577330000, -0.018531860);0,02050976;1,980807;;;0,1894373;0,1192748;4,738588
0,2;-0,0045625801;0,002441075;(0.191623500, 0.120236300, 4.738083000);(-0.000985996, 1.577374000, -0.018586700);0,0224498;1,978494;;;0,1916235;0,1202363;4,738083
0,2111111;-0,0101034391;0,005540859;(0.186894500, 0.117565800, 4.739182000);(-0.000808672, 1.577531000, -0.018615250);0,01863021;1,983546;;;0,1868945;0,1175658;4,739182
0,2222222;-0,0077446911;0,002358748;(0.187191700, 0.115226200, 4.739141000);(-0.000492306, 1.577659000, -0.018559400);0,01994044;1,983437;;;0,1871917;0,1152262;4,739141
0,2333333;0,0031827389;0,01092743;(0.197454200, 0.112245600, 4.736859000);(-0.000052870, 1.577779000, -0.018636050);0,03067213;1,973204;;;0,1974542;0,1122456;4,736859
0,2444444;0,0163654489;0,01318271;(0.210299300, 0.111593200, 4.733968000);(0.000325187, 1.577931000, -0.018619720);0,04319503;1,960139;;;0,2102993;0,1115932;4,733968
0,2555556;0,0377351789;0,02136973;(0.230684800, 0.116005700, 4.729317000);(0.000772610, 1.578109000, -0.018590390);0,06262109;1,938934;;;0,2306848;0,1160057;4,729317
0,2666667;0,0621757289;0,02444055;(0.252597000, 0.125578700, 4.724262000);(0.001239165, 1.578220000, -0.018592360);0,08446209;1,915747;;;0,252597;0,1255787;4,724262
0,2777778;0,0899128289;0,0277371;(0.277487300, 0.136389000, 4.718522000);(0.001666679, 1.578254000, -0.018370390);0,1105922;1,889452;;;0,2774873;0,136389;4,718522
0,2888889;0,1320991489;0,04218632;(0.315531900, 0.152370500, 4.709753000);(0.002105861, 1.578302000, -0.018324790);0,1515388;1,849379;;;0,3155319;0,1523705;4,709753
0,3;0,1793408389;0,04724169;(0.358445600, 0.169475500, 4.699873000);(0.002623528, 1.578308000, -0.018393220);0,1981392;1,80435;;;0,3584456;0,1694755;4,699873
0,3111111;0,2262086489;0,04686781;(0.402199200, 0.182952900, 4.689845000);(0.003246009, 1.578335000, -0.018487400);0,2449263;1,758775;;;0,4021992;0,1829529;4,689845
0,3222222;0,2637837189;0,03757507;(0.438077500, 0.190546300, 4.681661000);(0.003867313, 1.578324000, -0.018546400);0,2824809;1,721633;;;0,4380775;0,1905463;4,681661
0,3333333;0,3040311189;0,0402474;(0.477172000, 0.194138900, 4.672797000);(0.004526361, 1.578288000, -0.018624370);0,3223593;1,681418;;;0,477172;0,1941389;4,672797
0,3444445;0,3505462489;0,04651513;(0.522538500, 0.193158200, 4.662571000);(0.005241051, 1.578219000, -0.018679740);0,3677338;1,63502;;;0,5225385;0,1931582;4,662571
0,3555556;0,4046197689;0,05407352;(0.575278400, 0.192123100, 4.650681000);(0.005916938, 1.578121000, -0.018742270);0,4208133;1,581084;;;0,5752784;0,1921231;4,650681
0,3666667;0,4616929389;0,05707317;(0.630844900, 0.188443700, 4.638184000);(0.006824791, 1.577881000, -0.018898430);0,476621;1,524422;;;0,6308449;0,1884437;4,638184
0,3777778;0,5153047089;0,05361177;(0.683141600, 0.188254500, 4.626384000);(0.007560223, 1.577781000, -0.019002500);0,5297806;1,470914;;;0,6831416;0,1882545;4,626384
0,3888889;0,5690270089;0,0537223;(0.735487100, 0.190672200, 4.614543000);(0.008251771, 1.577639000, -0.019009650);0,583367;1,417198;;;0,7354871;0,1906722;4,614543
0,4;0,6247421389;0,05571513;(0.789555200, 0.196185200, 4.602279000);(0.009034321, 1.577636000, -0.019010610);0,6390773;1,361526;;;0,7895552;0,1961852;4,602279
0,4111111;0,6845934689;0,05985133;(0.847311000, 0.204787100, 4.589147000);(0.009749755, 1.577536000, -0.019054480);0,6988996;1,301902;;;0,847311;0,2047871;4,589147
0,4222222;0,7443379089;0,05974444;(0.905297100, 0.210619900, 4.575994000);(0.010541140, 1.577451000, -0.019052690);0,7586364;1,242215;;;0,9052971;0,2106199;4,575994
0,4333333;0,8107649689;0,06642706;(0.969875000, 0.215920900, 4.561360000);(0.011222620, 1.577448000, -0.019122900);0,8250297;1,175813;;;0,969875;0,2159209;4,56136
0,4444444;0,8781913289;0,06742636;(1.035563000, 0.219167200, 4.546499000);(0.011993380, 1.577413000, -0.019175950);0,8923352;1,108387;;;1,035563;0,2191672;4,546499
0,4555556;0,9482052189;0,07001389;(1.103828000, 0.221115500, 4.531072000);(0.012714970, 1.577300000, -0.019133210);0,9621522;1,038395;;;1,103828;0,2211155;4,531072
0,4666667;1,0208867189;0,0726815;(1.174727000, 0.220627800, 4.515078000);(0.013327020, 1.577331000, -0.019151570);1,034449;0,9658536;;;1,174727;0,2206278;4,515078
0,4777778;1,0906362489;0,06974953;(1.242756000, 0.219307500, 4.499741000);(0.013980550, 1.577321000, -0.019164800);1,103792;0,8963253;;;1,242756;0,2193075;4,499741
0,4888889;1,1600802989;0,06944405;(1.310486000, 0.217907700, 4.484472000);(0.014468330, 1.577463000, -0.019153240);1,172871;0,8271462;;;1,310486;0,2179077;4,484472
0,5;1,2295883489;0,06950805;(1.378290000, 0.217580300, 4.469175000);(0.015041320, 1.577539000, -0.019142990);1,242148;0,7578544;;;1,37829;0,2175803;4,469175
0,5111111;1,2961133589;0,06652501;(1.443178000, 0.218199800, 4.454525000);(0.015610440, 1.577607000, -0.019132920);1,308539;0,6914999;;;1,443178;0,2181998;4,454525
0,5222223;1,3583010689;0,06218771;(1.502312000, 0.231919500, 4.441023000);(0.016064600, 1.577748000, -0.019043570);1,370049;0,629963;;;1,502312;0,2319195;4,441023
0,5333334;1,4111425789;0,05284151;(1.549548000, 0.252946200, 4.430122000);(0.016558420, 1.577869000, -0.018975440);1,420124;0,5803867;;;1,549548;0,2529462;4,430122
0,5444446;1,4611029889;0,04996041;(1.592746000, 0.275962600, 4.420110000);(0.017011640, 1.577901000, -0.019085470);1,466482;0,5355697;;;1,592746;0,2759626;4,42011
0,5555557;1,5173474289;0,05624444;(1.644177000, 0.295413100, 4.408281000);(0.017436680, 1.577801000, -0.019178160);1,521041;0,4831691;;;1,644177;0,2954131;4,408281
0,5666668;1,5756091789;0,05826175;(1.699125000, 0.310152200, 4.395712000);(0.017829180, 1.577759000, -0.019318520);1,578726;0,4277613;;;1,699125;0,3101522;4,395712
0,577778;1,6276139589;0,05200478;(1.749831000, 0.308460600, 4.384288000);(0.018214850, 1.577715000, -0.019451800);1,630165;0,3758203;;;1,749831;0,3084606;4,384288
0,5888891;1,6694115389;0,04179758;(1.788988000, 0.296711800, 4.375587000);(0.018983990, 1.577456000, -0.019682230);1,668778;0,334955;;;1,788988;0,2967118;4,375587
0,6000003;1,7076104489;0,03819891;(1.825465000, 0.288817000, 4.367445000);(0.019401830, 1.577371000, -0.019742430);1,705181;0,2972244;;;1,825465;0,288817;4,367445
0,6111114;1,7315183889;0,02390794;(1.846972000, 0.279515400, 4.362699000);(0.019771810, 1.577299000, -0.019811690);1,726247;0,2749592;;;1,846972;0,2795154;4,362699
0,6222225;1,7526978089;0,02117942;(1.867511000, 0.281745800, 4.358038000);(0.020205560, 1.577214000, -0.019887030);1,747424;0,253936;;;1,867511;0,2817458;4,358038
0,6333337;1,7786161889;0,02591838;(1.891176000, 0.290805800, 4.352593000);(0.020427820, 1.577255000, -0.019877020);1,772435;0,2300472;;;1,891176;0,2908058;4,352593
0,6444448;1,8130129389;0,03439675;(1.921932000, 0.304476100, 4.345497000);(0.020981280, 1.577120000, -0.020090760);1,805171;0,2000112;;;1,921932;0,3044761;4,345497
0,655556;1,8481659589;0,03515302;(1.953788000, 0.317400900, 4.338159000);(0.021293400, 1.577083000, -0.020189050);1,839009;0,1703461;;;1,953788;0,3174009;4,338159
0,6666671;1,8812907389;0,03312478;(1.981776000, 0.333882300, 4.331655000);(0.021448360, 1.577002000, -0.020117640);1,869357;0,1482037;;;1,981776;0,3338823;4,331655
0,6777782;1,9092742889;0,02798355;(2.007579000, 0.342946600, 4.325727000);(0.021752090, 1.576971000, -0.020237270);1,896688;0,1286692;;;2,007579;0,3429466;4,325727
0,6888894;1,9395467289;0,03027244;(2.036233000, 0.335555700, 4.319346000);(0.022090230, 1.577036000, -0.020460970);1,925031;0,1001118;;;2,036233;0,3355557;4,319346
0,7000005;1,9701104889;0,03056376;(2.063418000, 0.322937100, 4.313356000);(0.022424640, 1.576970000, -0.020498520);1,951382;0,07047479;;;2,063418;0,3229371;4,313356
0,7111117;2,0038815089;0,03377102;(2.074795000, 0.291216600, 4.311152000);(0.022826700, 1.576718000, -0.020585840);1,959961;0,04392592;;;2,074795;0,2912166;4,311152
0,7222228;2,0188422689;0,01496076;(2.085119000, 0.280616700, 4.308944000);(0.023069800, 1.576497000, -0.020919620);1,969614;0,03108678;;;2,085119;0,2806167;4,308944
0,7333339;2,0106590229;0,008183246;(2.084685000, 0.272447200, 4.309135000);(0.023340170, 1.576429000, -0.021307650);1,968521;0,03152026;;;2,084685;0,2724472;4,309135
0,7444451;2,0132746289;0,002615606;(2.086770000, 0.270933900, 4.308682000);(0.023325830, 1.576361000, -0.021257820);1,970536;0,02964784;;;2,08677;0,2709339;4,308682
0,7555562;2,0208683849;0,007593756;(2.094070000, 0.272204200, 4.307020000);(0.023561290, 1.576308000, -0.021517160);1,978096;0,02205577;;;2,09407;0,2722042;4,30702
0,7666674;2,0361514149;0,01528303;(2.108577000, 0.275688900, 4.303707000);(0.023882060, 1.576236000, -0.021731440);1,993196;0,00680772;;;2,108577;0,2756889;4,303707
0,7777785;2,0589862349;0,02283482;(2.127233000, 0.288115900, 4.299354000);(0.024165900, 1.576263000, -0.021938270);2,013267;0,01703541;;;2,127233;0,2881159;4,299354
0,7888896;2,0773887349;0,0184025;(2.141682000, 0.298997600, 4.295969000);(0.024357110, 1.576490000, -0.022215190);2,028963;0,03537019;;;2,141682;0,2989976;4,295969
0,8000008;2,0848445809;0,007455846;(2.147298000, 0.303721000, 4.294647000);(0.024631820, 1.576537000, -0.022353120);2,03512;0,04282591;;;2,147298;0,303721;4,294647
0,8111119;2,0890813469;0,004236766;(2.151226000, 0.305026900, 4.293746000);(0.024771650, 1.576652000, -0.022260140);2,03925;0,04678999;;;2,151226;0,3050269;4,293746
0,8222231;2,0812147179;0,007866629;(2.150111000, 0.297247200, 4.294086000);(0.024997590, 1.576714000, -0.022389420);2,037419;0,04147243;;;2,150111;0,2972472;4,294086
0,8333342;2,0890418399;0,007827122;(2.151394000, 0.289528700, 4.293885000);(0.025463820, 1.576630000, -0.022429110);2,038073;0,03940443;;;2,151394;0,2895287;4,293885
0,8444453;2,0745395599;0,01450228;(2.149337000, 0.275186800, 4.294514000);(0.025673330, 1.576668000, -0.022524180);2,034826;0,03503766;;;2,149337;0,2751868;4,294514
0,8555565;2,0649259549;0,009613605;(2.147354000, 0.265796200, 4.295069000);(0.025893020, 1.576697000, -0.022618660);2,032103;0,03463101;;;2,147354;0,2657962;4,295069
0,8666676;2,0688876589;0,003961704;(2.150612000, 0.263656200, 4.294358000);(0.026065750, 1.576749000, -0.022728750);2,035282;0,03847418;;;2,150612;0,2636562;4,294358
0,8777788;2,0717909539;0,002903295;(2.152962000, 0.262029900, 4.293847000);(0.026243260, 1.576775000, -0.022830020);2,037571;0,04128917;;;2,152962;0,2620299;4,293847
0,8888899;2,0743895559;0,002598602;(2.154609000, 0.264000800, 4.293453000);(0.026328330, 1.577022000, -0.022987010);2,039394;0,04225952;;;2,154609;0,2640008;4,293453
0,900001;2,0685231609;0,005866395;(2.151519000, 0.268946200, 4.294094000);(0.026464270, 1.577151000, -0.022962870);2,03659;0,03798034;;;2,151519;0,2689462;4,294094
0,9111122;2,0633356719;0,005187489;(2.146872000, 0.271011900, 4.295118000);(0.026619120, 1.577208000, -0.023006330);2,031991;0,03292635;;;2,146872;0,2710119;4,295118
