time;total distance traveled;distance to prev position;ray position;hmd position;distance to prev target;distance to current target
(-3.854008000, 3.372751000, 2.575275000);(-2.594735000, 2.863881000, 4.043364000);0,2777778;0,02222222
True

0;-0,01245696;0,01245696;(-3.855657000, 3.374348000, 2.573330000);(-0.031841830, 1.619721000, -0.074123440);0,003008946;2,002873;;;-3,855657;3,374348;2,57333
0,01111111;-0,00098105;0,01147591;(-3.856689000, 3.385684000, 2.571876000);(-0.031883730, 1.619781000, -0.074083510);0,01363863;2,007506;;;-3,856689;3,385684;2,571876
0,02222222;0,02102179;0,02200284;(-3.863932000, 3.404501000, 2.563067000);(-0.031939490, 1.619781000, -0.074011740);0,03543424;2,023464;;;-3,863932;3,404501;2,563067
0,2333333;0,00234222;0,01867957;(-3.870179000, 3.388285000, 2.556215000);(-0.034108860, 1.618538000, -0.071683350);0,02942957;2,028144;;;-3,870179;3,388285;2,556215
0,2444444;-0,02022366;0,02256588;(-3.855558000, 3.385556000, 2.573186000);(-0.034217160, 1.618430000, -0.071483910);0,01306684;2,005802;;;-3,855558;3,385556;2,573186
0,2555556;-0,00000114;0,02022252;(-3.842924000, 3.379900000, 2.587929000);(-0.034314230, 1.618103000, -0.071264560);0,01827754;1,985584;;;-3,842924;3,3799;2,587929
0,2666667;0,02832057;0,02832171;(-3.824982000, 3.373319000, 2.608830000);(-0.034364950, 1.617848000, -0.071089920);0,0443707;1,957274;;;-3,824982;3,373319;2,60883
0,2777778;0,06168690;0,03336633;(-3.804644000, 3.361752000, 2.632618000);(-0.034411720, 1.617678000, -0.070977270);0,07645924;1,924047;;;-3,804644;3,361752;2,632618
0,2888889;0,09759716;0,03591026;(-3.783641000, 3.346230000, 2.657266000);(-0.034381310, 1.617498000, -0.070788860);0,1112534;1,888763;;;-3,783641;3,34623;2,657266
0,3;0,14353501;0,04593785;(-3.756835000, 3.326184000, 2.688729000);(-0.034354380, 1.617229000, -0.070675850);0,1564692;1,843702;;;-3,756835;3,326184;2,688729
0,3111111;0,19194468;0,04840967;(-3.728698000, 3.304725000, 2.721764000);(-0.034306280, 1.616976000, -0.070559500);0,2044232;1,796342;;;-3,728698;3,304725;2,721764
0,3222222;0,26238694;0,07044226;(-3.687390000, 3.274615000, 2.770231000);(-0.034252180, 1.616756000, -0.070438440);0,2745907;1,72727;;;-3,68739;3,274615;2,770231
0,3333333;0,32935898;0,06697204;(-3.647547000, 3.247833000, 2.816927000);(-0.034349860, 1.616586000, -0.070337360);0,3415059;1,661318;;;-3,647547;3,247833;2,816927
0,3444445;0,42104881;0,09168983;(-3.591272000, 3.217611000, 2.882706000);(-0.034329510, 1.616325000, -0.070172490);0,4331419;1,570139;;;-3,591272;3,217611;2,882706
0,3555556;0,50030635;0,07925754;(-3.542016000, 3.194183000, 2.940210000);(-0.034320980, 1.616189000, -0.070131960);0,5122525;1,491103;;;-3,542016;3,194183;2,94021
0,3666667;0,59943537;0,09912902;(-3.479496000, 3.169536000, 3.013083000);(-0.034343750, 1.616049000, -0.070096020);0,6109256;1,392016;;;-3,479496;3,169536;3,013083
0,3777778;0,71331457;0,1138792;(-3.407338000, 3.143161000, 3.097142000);(-0.034416640, 1.616033000, -0.070018830);0,7242721;1,278146;;;-3,407338;3,143161;3,097142
0,3888889;0,80671719;0,09340262;(-3.348335000, 3.120478000, 3.165904000);(-0.034409220, 1.615953000, -0.069976390);0,8174279;1,184775;;;-3,348335;3,120478;3,165904
0,4;0,90198896;0,09527177;(-3.287517000, 3.101289000, 3.236682000);(-0.034392190, 1.615888000, -0.069927750);0,9121748;1,089515;;;-3,287517;3,101289;3,236682
0,4111111;0,98965145;0,08766249;(-3.231893000, 3.081453000, 3.301469000);(-0.034341420, 1.615882000, -0.069792330);0,9996188;1,001856;;;-3,231893;3,081453;3,301469
0,4222222;1,07383083;0,08417938;(-3.178051000, 3.065232000, 3.364111000);(-0.034319720, 1.615828000, -0.069714070);1,083396;0,9177058;;;-3,178051;3,065232;3,364111
0,4333333;1,14510040;0,07126957;(-3.131942000, 3.055919000, 3.417652000);(-0.034576340, 1.615745000, -0.069381890);1,153845;0,8467501;;;-3,131942;3,055919;3,417652
0,4444444;1,20759546;0,06249506;(-3.091504000, 3.047818000, 3.464606000);(-0.034571970, 1.615772000, -0.069235560);1,21569;0,784584;;;-3,091504;3,047818;3,464606
0,4555556;1,27817486;0,0705794;(-3.045832000, 3.038690000, 3.517637000);(-0.034558690, 1.615756000, -0.069092390);1,285609;0,7144477;;;-3,045832;3,03869;3,517637
0,4666667;1,34553814;0,06736328;(-3.001858000, 3.035484000, 3.568567000);(-0.034486290, 1.615765000, -0.068751280);1,351494;0,6485594;;;-3,001858;3,035484;3,568567
0,4777778;1,41755023;0,07201209;(-2.955041000, 3.028740000, 3.622866000);(-0.034537450, 1.615741000, -0.068456470);1,422649;0,5777694;;;-2,955041;3,02874;3,622866
0,4888889;1,48477642;0,06722619;(-2.913308000, 3.008657000, 3.671594000);(-0.034471930, 1.615732000, -0.068216030);1,489763;0,5105507;;;-2,913308;3,008657;3,671594
0,5;1,54806445;0,06328803;(-2.874310000, 2.988453000, 3.717161000);(-0.034326150, 1.615742000, -0.068050210);1,552866;0,4473132;;;-2,87431;2,988453;3,717161
0,5111111;1,60891834;0,06085389;(-2.835260000, 2.977678000, 3.762572000);(-0.034218720, 1.615731000, -0.067782760);1,613568;0,3868414;;;-2,83526;2,977678;3,762572
0,5222223;1,66543555;0,05651721;(-2.798299000, 2.977308000, 3.805326000);(-0.034180650, 1.615744000, -0.067408620);1,668509;0,3331156;;;-2,798299;2,977308;3,805326
0,5333334;1,72671796;0,06128241;(-2.758213000, 2.979125000, 3.851644000);(-0.034066230, 1.615763000, -0.067102370);1,727664;0,2770609;;;-2,758213;2,979125;3,851644
0,5444446;1,78504564;0,05832768;(-2.720371000, 2.987590000, 3.895215000);(-0.033912610, 1.615858000, -0.066568080);1,782056;0,2302959;;;-2,720371;2,98759;3,895215
0,5555557;1,83816726;0,05312162;(-2.685757000, 2.983799000, 3.935333000);(-0.033762500, 1.615808000, -0.066179870);1,834625;0,1852998;;;-2,685757;2,983799;3,935333
0,5666668;1,88751066;0,0493434;(-2.654065000, 2.975284000, 3.972182000);(-0.033596750, 1.615596000, -0.065802280);1,88393;0,1449052;;;-2,654065;2,975284;3,972182
0,577778;1,93061523;0,04310457;(-2.626610000, 2.966192000, 4.004144000);(-0.033399410, 1.615524000, -0.065408350);1,927034;0,114113;;;-2,62661;2,966192;4,004144
0,5888891;1,96187385;0,03125862;(-2.606237000, 2.964044000, 4.027754000);(-0.033137270, 1.615468000, -0.064952670);1,957975;0,102022;;;-2,606237;2,964044;4,027754
0,6000003;1,98325158;0,02137773;(-2.592775000, 2.970191000, 4.043181000);(-0.032855480, 1.615384000, -0.064480480);1,976742;0,1063276;;;-2,592775;2,970191;4,043181
0,6111114;2,01188995;0,02863837;(-2.574837000, 2.978925000, 4.063726000);(-0.032550840, 1.615274000, -0.063995420);2,001715;0,1185143;;;-2,574837;2,978925;4,063726
0,6222225;2,03530183;0,02341188;(-2.559522000, 2.979280000, 4.081430000);(-0.032142400, 1.615170000, -0.063523710);2,024602;0,1265145;;;-2,559522;2,97928;4,08143
0,6333337;2,06521893;0,0299171;(-2.540368000, 2.973650000, 4.103712000);(-0.031726610, 1.615074000, -0.063050690);2,054519;0,1365538;;;-2,540368;2,97365;4,103712
0,6444448;2,08555833;0,0203394;(-2.535905000, 2.954614000, 4.109313000);(-0.031271660, 1.614925000, -0.062605560);2,06531;0,1266597;;;-2,535905;2,954614;4,109313
0,655556;2,06573779;0,01982054;(-2.539338000, 2.935414000, 4.105784000);(-0.030819260, 1.614814000, -0.062160320);2,06448;0,1099188;;;-2,539338;2,935414;4,105784
0,6666671;2,07819742;0,01245963;(-2.540290000, 2.923018000, 4.104968000);(-0.030456260, 1.614718000, -0.061872840);2,065931;0,1012742;;;-2,54029;2,923018;4,104968
0,6777782;2,05645082;0,0217466;(-2.547707000, 2.904268000, 4.096822000);(-0.029982850, 1.614699000, -0.061519920);2,059369;0,08185684;;;-2,547707;2,904268;4,096822
0,6888894;2,06869950;0,01224868;(-2.545933000, 2.892374000, 4.099148000);(-0.029768460, 1.614655000, -0.061044520);2,064948;0,0794064;;;-2,545933;2,892374;4,099148
0,7000005;2,078032519;0,009333019;(-2.540527000, 2.888180000, 4.105496000);(-0.029362560, 1.614566000, -0.060679620);2,074033;0,08596126;;;-2,540527;2,88818;4,105496
0,7111117;2,090642679;0,01261016;(-2.532375000, 2.890329000, 4.114874000);(-0.028972890, 1.614497000, -0.060370870);2,085619;0,09849833;;;-2,532375;2,890329;4,114874
0,7222228;2,103834549;0,01319187;(-2.525813000, 2.899069000, 4.122262000);(-0.028601000, 1.614429000, -0.060071650);2,093237;0,1105139;;;-2,525813;2,899069;4,122262
0,7333339;2,094158486;0,009676063;(-2.527393000, 2.908394000, 4.120219000);(-0.028266350, 1.614343000, -0.059834540);2,088632;0,1114587;;;-2,527393;2,908394;4,120219
0,7444451;2,086718717;0,007439769;(-2.532214000, 2.907238000, 4.114672000);(-0.028015460, 1.614266000, -0.059612400);2,081726;0,1042759;;;-2,532214;2,907238;4,114672
0,7555562;2,068303687;0,01841503;(-2.543679000, 2.901280000, 4.101550000);(-0.028049020, 1.614300000, -0.059161730);2,066098;0,08597124;;;-2,543679;2,90128;4,10155
0,7666674;2,048186207;0,02011748;(-2.555733000, 2.892890000, 4.087801000);(-0.027761720, 1.614304000, -0.058953530);2,050248;0,06585895;;;-2,555733;2,89289;4,087801
0,7777785;2,015726347;0,03245986;(-2.574960000, 2.878608000, 4.065893000);(-0.027506200, 1.614115000, -0.058928310);2,025359;0,03339909;;;-2,57496;2,878608;4,065893
0,7888896;1,985859707;0,02986664;(-2.591733000, 2.862850000, 4.046858000);(-0.027286630, 1.614043000, -0.058857860);2,004717;0,004720269;;;-2,591733;2,86285;4,046858
0,8000008;1,959438297;0,02642141;(-2.605969000, 2.847490000, 4.030748000);(-0.027510950, 1.614110000, -0.058738410);1,987939;0,02353769;;;-2,605969;2,84749;4,030748
0,8111119;1,936080957;0,02335734;(-2.615144000, 2.828574000, 4.020572000);(-0.027534530, 1.614144000, -0.058688880);1,979846;0,0467184;;;-2,615144;2,828574;4,020572
0,8222231;1,948351347;0,01227039;(-2.616444000, 2.816434000, 4.019348000);(-0.027438490, 1.614165000, -0.058692280);1,981514;0,05743923;;;-2,616444;2,816434;4,019348
0,8333342;1,954481675;0,006130328;(-2.613538000, 2.812289000, 4.022804000);(-0.027596680, 1.614185000, -0.058547080);1,987013;0,05863465;;;-2,613538;2,812289;4,022804
0,8444453;1,962384578;0,007902903;(-2.608604000, 2.814777000, 4.028454000);(-0.027487100, 1.614228000, -0.058570450);1,993513;0,05315858;;;-2,608604;2,814777;4,028454
0,8555565;1,972500578;0,010116;(-2.603940000, 2.822076000, 4.033680000);(-0.027657710, 1.614235000, -0.058400870);1,998214;0,04388852;;;-2,60394;2,822076;4,03368
0,8666676;1,982203233;0,009702655;(-2.600941000, 2.830705000, 4.036949000);(-0.027550920, 1.614241000, -0.058556980);2,00012;0,0343559;;;-2,600941;2,830705;4,036949
0,8777788;1,993551573;0,01134834;(-2.596401000, 2.839803000, 4.041989000);(-0.027569530, 1.614200000, -0.058613130);2,00421;0,02417508;;;-2,596401;2,839803;4,041989
0,8888899;2,005526923;0,01197535;(-2.589734000, 2.846265000, 4.049552000);(-0.027613490, 1.614182000, -0.058708850);2,012229;0,01932915;;;-2,589734;2,846265;4,049552
0,900001;2,019480983;0,01395406;(-2.581148000, 2.851227000, 4.059369000);(-0.027722280, 1.614162000, -0.058734780);2,023535;0,02451312;;;-2,581148;2,851227;4,059369
0,9111122;2,029564643;0,01008366;(-2.575085000, 2.855362000, 4.066285000);(-0.027747330, 1.614260000, -0.058958120);2,031365;0,03136951;;;-2,575085;2,855362;4,066285
0,9222233;2,032944059;0,003379416;(-2.573324000, 2.857451000, 4.068273000);(-0.027959420, 1.614073000, -0.059390010);2,033403;0,03347011;;;-2,573324;2,857451;4,068273
0,9333345;2,028441973;0,004502086;(-2.575820000, 2.854996000, 4.065443000);(-0.027990640, 1.613998000, -0.059554160);2,030378;0,03040077;;;-2,57582;2,854996;4,065443
0,9444456;2,020831932;0,007610041;(-2.580420000, 2.851964000, 4.060193000);(-0.028120600, 1.613971000, -0.059893790);2,024407;0,02510307;;;-2,58042;2,851964;4,060193
0,9555568;2,010151272;0,01068066;(-2.585363000, 2.844286000, 4.054653000);(-0.028281910, 1.613878000, -0.060058060);2,019231;0,02447946;;;-2,585363;2,844286;4,054653
0,9666679;2,001950682;0,00820059;(-2.588569000, 2.837627000, 4.051099000);(-0.028395930, 1.613827000, -0.060281220);2,01637;0,02805593;;;-2,588569;2,837627;4,051099
0,977779;1,997327711;0,004622971;(-2.591065000, 2.834952000, 4.048273000);(-0.028609180, 1.613857000, -0.060508910);2,013448;0,02957119;;;-2,591065;2,834952;4,048273
0,9888902;1,992226793;0,005100918;(-2.591968000, 2.839838000, 4.047117000);(-0.028744600, 1.613770000, -0.060679980);2,010736;0,02449152;;;-2,591968;2,839838;4,047117
1,000001;1,988358101;0,003868692;(-2.593006000, 2.843337000, 4.045835000);(-0.028841750, 1.613777000, -0.060850210);2,008221;0,02076428;;;-2,593006;2,843337;4,045835
1,011112;1,995885034;0,007526933;(-2.589802000, 2.849136000, 4.049407000);(-0.029158420, 1.613808000, -0.060993560);2,011332;0,01668185;;;-2,589802;2,849136;4,049407
1,022224;2,000261369;0,004376335;(-2.587449000, 2.851690000, 4.052070000);(-0.029283280, 1.613822000, -0.061155860);2,0141;0,01665855;;;-2,587449;2,85169;4,05207
1,033335;1,9994272608;0,0008341082;(-2.587765000, 2.852361000, 4.051689000);(-0.029351160, 1.613955000, -0.061287290);2,013448;0,0158301;;;-2,587765;2,852361;4,051689
1,044446;1,9937822418;0,005645019;(-2.591321000, 2.850742000, 4.047614000);(-0.029544190, 1.614108000, -0.061338130);2,008645;0,01422544;;;-2,591321;2,850742;4,047614
