time;total distance traveled;distance to prev position;ray position;hmd position;distance to prev target;distance to current target
(-1.010760000, 0.723911200, 4.770552000);(-2.658983000, 1.702244000, 4.199389000);0,2;0,2444444
True

0;-0,003791817;0,003791817;(-1.002637000, 0.717485100, 4.773371000);(-0.016526300, 1.573971000, -0.009780942);0,01073387;2,010643;;;-1,002637;0,7174851;4,773371
0,01111111;-0,011672479;0,007880662;(-1.009545000, 0.714528100, 4.770994000);(-0.016715830, 1.574002000, -0.009848295);0,009471759;2,005732;;;-1,009545;0,7145281;4,770994
0,02222222;0,002916561;0,01458904;(-1.022325000, 0.709034700, 4.766599000);(-0.016859000, 1.573961000, -0.009859620);0,01925352;1,996707;;;-1,022325;0,7090347;4,766599
0,03333334;0,008269717;0,005353156;(-1.027357000, 0.709602000, 4.764862000);(-0.016974570, 1.573931000, -0.009903906);0,02264056;1,991808;;;-1,027357;0,709602;4,764862
0,04444445;0,015755537;0,00748582;(-1.034130000, 0.711764900, 4.762519000);(-0.017083070, 1.573974000, -0.010067760);0,02753569;1,984518;;;-1,03413;0,7117649;4,762519
0,05555556;0,020178289;0,004422752;(-1.037151000, 0.714819700, 4.761469000);(-0.017169330, 1.574075000, -0.010045350);0,02935365;1,980222;;;-1,037151;0,7148197;4,761469
0,06666667;0,011438094;0,008740195;(-1.034809000, 0.723203400, 4.762256000);(-0.017263490, 1.574008000, -0.010130340);0,02544958;1,978201;;;-1,034809;0,7232034;4,762256
0,07777778;0,002936530;0,008501564;(-1.029113000, 0.729206200, 4.764206000);(-0.017173230, 1.573951000, -0.010177190);0,02012848;1,980479;;;-1,029113;0,7292062;4,764206
0,08888889;-0,004148723;0,007085253;(-1.022725000, 0.731339600, 4.766405000);(-0.017237010, 1.573888000, -0.010193170);0,01468116;1,985322;;;-1,022725;0,7313396;4,766405
0,1;-0,018921443;0,01477272;(-1.008884000, 0.733320700, 4.771174000);(-0.017237010, 1.573888000, -0.010193170);0,009614853;1,997142;;;-1,008884;0,7333207;4,771174
0,1111111;-0,018921443;0;(-1.008884000, 0.733320700, 4.771174000);(-0.017335570, 1.573830000, -0.010289070);0,009614853;1,997142;;;-1,008884;0,7333207;4,771174
0,1222222;-0,005243243;0,0136782;(-0.995955000, 0.733155400, 4.775636000);(-0.017501640, 1.573921000, -0.010479390);0,01817923;2,009192;;;-0,995955;0,7331554;4,775636
0,1333333;-0,009213802;0,003970559;(-0.995617700, 0.729201200, 4.775763000);(-0.017504460, 1.573883000, -0.010594540);0,01686477;2,011418;;;-0,9956177;0,7292012;4,775763
0,1444445;-0,022431012;0,01321721;(-1.008038000, 0.727751300, 4.771481000);(-0.017569070, 1.573832000, -0.010647590);0,004797786;2,000636;;;-1,008038;0,7277513;4,771481
0,1555556;-0,008425492;0,01400552;(-1.021247000, 0.726794900, 4.766926000);(-0.017613980, 1.573959000, -0.010806680);0,01146524;1,988913;;;-1,021247;0,7267949;4,766926
0,1666667;0,001642538;0,01006803;(-1.030745000, 0.727429900, 4.763647000);(-0.017717380, 1.574051000, -0.010867830);0,02143542;1,97985;;;-1,030745;0,7274299;4,763647
0,1777778;0,008327966;0,006685428;(-1.037065000, 0.727455500, 4.761467000);(-0.017820870, 1.574143000, -0.010937270);0,02805481;1,974021;;;-1,037065;0,7274555;4,761467
0,1888889;0,014234324;0,005906358;(-1.042632000, 0.727911500, 4.759545000);(-0.017928750, 1.574276000, -0.010918910);0,03395522;1,968677;;;-1,042632;0,7279115;4,759545
0,2;0,018400686;0,004166362;(-1.046518000, 0.728586100, 4.758203000);(-0.017928750, 1.574276000, -0.010918910);0,0381179;1,964771;;;-1,046518;0,7285861;4,758203
0,2111111;0,018400686;0;(-1.046518000, 0.728586100, 4.758203000);(-0.018169420, 1.574404000, -0.011202450);0,0381179;1,964771;;;-1,046518;0,7285861;4,758203
0,2222222;0,021763652;0,003362966;(-1.048913000, 0.730794500, 4.757370000);(-0.018386260, 1.574679000, -0.011301160);0,040949;1,961474;;;-1,048913;0,7307945;4,75737
0,2333333;0,032037392;0,01027374;(-1.057289000, 0.725585700, 4.754494000);(-0.018423020, 1.574919000, -0.011468710);0,04925016;1,956381;;;-1,057289;0,7255857;4,754494
0,2444444;0,043392322;0,01135493;(-1.068013000, 0.726050500, 4.750793000);(-0.018701120, 1.575358000, -0.011516390);0,06060486;1,946326;;;-1,068013;0,7260505;4,750793
0,2555556;0,062068812;0,01867649;(-1.084667000, 0.732235600, 4.745031000);(-0.019101620, 1.575804000, -0.011545000);0,07863157;1,927981;;;-1,084667;0,7322356;4,745031
0,2666667;0,083016722;0,02094791;(-1.101969000, 0.742409100, 4.739035000);(-0.019487300, 1.576215000, -0.011670230);0,09825817;1,907037;;;-1,101969;0,7424091;4,739035
0,2777778;0,124912152;0,04189543;(-1.137760000, 0.760315400, 4.726641000);(-0.019931740, 1.576719000, -0.011913830);0,1392211;1,865299;;;-1,13776;0,7603154;4,726641
0,2888889;0,156906072;0,03199392;(-1.166523000, 0.770179700, 4.716692000);(-0.020365000, 1.577179000, -0.012069280);0,171184;1,834061;;;-1,166523;0,7701797;4,716692
0,3;0,202982502;0,04607643;(-1.209033000, 0.780184700, 4.702000000);(-0.020792920, 1.577655000, -0.012312710);0,2172059;1,790297;;;-1,209033;0,7801847;4,702
0,3111111;0,254757452;0,05177495;(-1.256844000, 0.791218700, 4.685476000);(-0.021125220, 1.578022000, -0.012650190);0,2689341;1,741333;;;-1,256844;0,7912187;4,685476
0,3222222;0,307146682;0,05238923;(-1.303165000, 0.809714500, 4.669447000);(-0.021615510, 1.578370000, -0.012952860);0,3210684;1,689913;;;-1,303165;0,8097145;4,669447
0,3333333;0,369413172;0,06226649;(-1.355363000, 0.838445500, 4.651365000);(-0.022014950, 1.578799000, -0.013318120);0,3821976;1,627837;;;-1,355363;0,8384455;4,651365
0,3444445;0,424975182;0,05556201;(-1.403499000, 0.860634100, 4.634700000);(-0.022565000, 1.579318000, -0.013597070);0,4374849;1,572909;;;-1,403499;0,8606341;4,6347
0,3555556;0,481919322;0,05694414;(-1.450836000, 0.887706300, 4.618299000);(-0.022991800, 1.579937000, -0.013763490);0,4936359;1,516106;;;-1,450836;0,8877063;4,618299
0,3666667;0,532496762;0,05057744;(-1.489605000, 0.917271400, 4.604848000);(-0.023506300, 1.580426000, -0.013943730);0,5423453;1,465614;;;-1,489605;0,9172714;4,604848
0,3777778;0,588791122;0,05629436;(-1.522357000, 0.961612400, 4.593435000);(-0.024055550, 1.580931000, -0.014197170);0,5912727;1,412702;;;-1,522357;0,9616124;4,593435
0,3888889;0,640819442;0,05202832;(-1.559399000, 0.995806500, 4.580567000);(-0.024590740, 1.581439000, -0.014524580);0,641113;1,361409;;;-1,559399;0,9958065;4,580567
0,4;0,696262792;0,05544335;(-1.596500000, 1.034935000, 4.567667000);(-0.025117430, 1.581988000, -0.014757270);0,6935343;1,307593;;;-1,5965;1,034935;4,567667
0,4111111;0,759896722;0,06363393;(-1.637248000, 1.081710000, 4.553489000);(-0.025736830, 1.582503000, -0.015014470);0,753408;1,246752;;;-1,637248;1,08171;4,553489
0,4222222;0,826711662;0,06681494;(-1.680222000, 1.130638000, 4.538538000);(-0.026327380, 1.582971000, -0.015234410);0,8169677;1,183101;;;-1,680222;1,130638;4,538538
0,4333333;0,896720332;0,07000867;(-1.725636000, 1.181521000, 4.522739000);(-0.026812010, 1.583279000, -0.015713450);0,884232;1,116621;;;-1,725636;1,181521;4,522739
0,4444444;0,964977532;0,0682572;(-1.772487000, 1.228413000, 4.506455000);(-0.027448410, 1.583703000, -0.016044910);0,9510511;1,051037;;;-1,772487;1,228413;4,506455
0,4555556;1,036346922;0,07136939;(-1.824308000, 1.274069000, 4.488460000);(-0.028089900, 1.584072000, -0.016404920);1,021816;0,9816204;;;-1,824308;1,274069;4,48846
0,4666667;1,105105042;0,06875812;(-1.873701000, 1.318719000, 4.471304000);(-0.028711880, 1.584288000, -0.016843610);1,08996;0,9152576;;;-1,873701;1,318719;4,471304
0,4777778;1,173775292;0,06867025;(-1.927682000, 1.356814000, 4.452583000);(-0.029306890, 1.584581000, -0.017213820);1,158627;0,8474848;;;-1,927682;1,356814;4,452583
0,4888889;1,232546882;0,05877159;(-1.973365000, 1.390220000, 4.436736000);(-0.029667010, 1.584798000, -0.017664010);1,217378;0,7897872;;;-1,973365;1,39022;4,436736
0,5;1,286494692;0,05394781;(-2.011251000, 1.426300000, 4.423573000);(-0.030190130, 1.585008000, -0.018071830);1,270719;0,7388909;;;-2,011251;1,4263;4,423573
0,5111111;1,342302302;0,05580761;(-2.052547000, 1.460993000, 4.409236000);(-0.030555100, 1.585308000, -0.018367470);1,326333;0,685567;;;-2,052547;1,460993;4,409236
0,5222223;1,403505392;0,06120309;(-2.100213000, 1.495641000, 4.392703000);(-0.031015370, 1.585507000, -0.018789110);1,387531;0,626322;;;-2,100213;1,495641;4,392703
0,5333334;1,464484172;0,06097878;(-2.154388000, 1.516425000, 4.373958000);(-0.031501850, 1.585715000, -0.019206100);1,446808;0,5653479;;;-2,154388;1,516425;4,373958
0,5444446;1,522123282;0,05763911;(-2.200600000, 1.546923000, 4.357936000);(-0.031975110, 1.585859000, -0.019647180);1,504433;0,5092905;;;-2,2006;1,546923;4,357936
0,5555557;1,577775542;0,05565226;(-2.245426000, 1.576015000, 4.342397000);(-0.032390620, 1.585875000, -0.020068940);1,560063;0,4554278;;;-2,245426;1,576015;4,342397
0,5666668;1,628045712;0,05027017;(-2.287278000, 1.599789000, 4.327896000);(-0.032756770, 1.585949000, -0.020466920);1,610157;0,4064181;;;-2,287278;1,599789;4,327896
0,577778;1,673609012;0,0455633;(-2.327182000, 1.616903000, 4.314085000);(-0.033089330, 1.585956000, -0.020934640);1,654922;0,361289;;;-2,327182;1,616903;4,314085
0,5888891;1,716563672;0,04295466;(-2.365306000, 1.631658000, 4.300894000);(-0.033403050, 1.586053000, -0.021420950);1,696873;0,3186406;;;-2,365306;1,631658;4,300894
0,6000003;1,749416242;0,03285257;(-2.394964000, 1.641377000, 4.290636000);(-0.033687050, 1.586141000, -0.021837830);1,728607;0,2858964;;;-2,394964;1,641377;4,290636
0,6111114;1,776762492;0,02734625;(-2.418234000, 1.653266000, 4.282577000);(-0.033964970, 1.586204000, -0.022317050);1,755792;0,2593817;;;-2,418234;1,653266;4,282577
0,6222225;1,806272372;0,02950988;(-2.436316000, 1.675722000, 4.276281000);(-0.034307260, 1.586254000, -0.022778330);1,783944;0,2370575;;;-2,436316;1,675722;4,276281
0,6333337;1,834269212;0,02799684;(-2.449204000, 1.700164000, 4.271773000);(-0.034450760, 1.586313000, -0.023428140);1,808583;0,2219255;;;-2,449204;1,700164;4,271773
0,6444448;1,866784732;0,03251552;(-2.468113000, 1.725782000, 4.265183000);(-0.034709100, 1.586440000, -0.023871240);1,839299;0,2032593;;;-2,468113;1,725782;4,265183
0,655556;1,902321312;0,03553658;(-2.485957000, 1.755875000, 4.258950000);(-0.034958380, 1.586545000, -0.024321320);1,871601;0,1906874;;;-2,485957;1,755875;4,25895
0,6666671;1,936152802;0,03383149;(-2.509058000, 1.779251000, 4.250921000);(-0.035181720, 1.586636000, -0.024789390);1,904903;0,1762475;;;-2,509058;1,779251;4,250921
0,6777782;1,967310272;0,03115747;(-2.536897000, 1.789401000, 4.241290000);(-0.035389070, 1.586684000, -0.025272910);1,935066;0,1557468;;;-2,536897;1,789401;4,24129
0,6888894;2,000583902;0,03327363;(-2.562769000, 1.770455000, 4.232411000);(-0.035558980, 1.586754000, -0.025844990);1,947712;0,1224762;;;-2,562769;1,770455;4,232411
0,7000005;2,040127862;0,03954396;(-2.582962000, 1.737160000, 4.225529000);(-0.035713290, 1.586946000, -0.026005210);1,948215;0,0876447;;;-2,582962;1,73716;4,225529
0,7111117;2,074229642;0,03410178;(-2.601869000, 1.709522000, 4.219076000);(-0.035882270, 1.587030000, -0.026606380);1,9512;0,06084893;;;-2,601869;1,709522;4,219076
0,7222228;2,097185742;0,0229561;(-2.619536000, 1.696177000, 4.213015000);(-0.036060340, 1.587050000, -0.027005430);1,960691;0,04217232;;;-2,619536;1,696177;4,213015
0,7333339;2,110791032;0,01360529;(-2.632317000, 1.694642000, 4.208609000);(-0.036198590, 1.587042000, -0.027483820);1,971686;0,02922135;;;-2,632317;1,694642;4,208609
0,7444451;2,130219832;0,0194288;(-2.643512000, 1.710034000, 4.204707000);(-0.036271100, 1.587121000, -0.028043390);1,989598;0,01811894;;;-2,643512;1,710034;4,204707
0,7555562;2,157552882;0,02733305;(-2.652982000, 1.735456000, 4.201375000);(-0.036409970, 1.587064000, -0.028435290);2,01099;0,03380879;;;-2,652982;1,735456;4,201375
0,7666674;2,181650192;0,02409731;(-2.666063000, 1.755173000, 4.196812000);(-0.036473160, 1.586998000, -0.028920590);2,032906;0,05346298;;;-2,666063;1,755173;4,196812
0,7777785;2,195457432;0,01380724;(-2.675137000, 1.765090000, 4.193656000);(-0.036608140, 1.587096000, -0.029231660);2,046219;0,0651418;;;-2,675137;1,76509;4,193656
0,7888896;2,189441081;0,006016351;(-2.674346000, 1.759133000, 4.193944000);(-0.036788530, 1.587109000, -0.029550790);2,042469;0,05917785;;;-2,674346;1,759133;4,193944
0,8000008;2,172938481;0,0165026;(-2.673473000, 1.742657000, 4.194287000);(-0.037036080, 1.587058000, -0.029952400);2,033356;0,04323418;;;-2,673473;1,742657;4,194287
0,8111119;2,157135681;0,0158028;(-2.674255000, 1.726875000, 4.194057000);(-0.037206640, 1.587126000, -0.030491050);2,026203;0,02946783;;;-2,674255;1,726875;4,194057
0,8222231;2,168611361;0,01147568;(-2.681592000, 1.718416000, 4.191548000);(-0.037364070, 1.587143000, -0.030801830);2,028784;0,02888214;;;-2,681592;1,718416;4,191548
0,8333342;2,164852718;0,003758643;(-2.682496000, 1.714780000, 4.191245000);(-0.037487830, 1.587137000, -0.031071900);2,027836;0,02786314;;;-2,682496;1,71478;4,191245
0,8444453;2,151248808;0,01360391;(-2.674393000, 1.725351000, 4.194014000);(-0.037598780, 1.587203000, -0.031330700);2,025575;0,02829016;;;-2,674393;1,725351;4,194014
0,8555565;2,137409068;0,01383974;(-2.666527000, 1.736417000, 4.196700000);(-0.037727330, 1.587178000, -0.031467610);2,023868;0,03509909;;;-2,666527;1,736417;4,1967
0,8666676;2,150317268;0,0129082;(-2.661975000, 1.748397000, 4.198239000);(-0.037835870, 1.587108000, -0.031692080);2,02574;0,04626435;;;-2,661975;1,748397;4,198239
0,8777788;2,159882304;0,009565036;(-2.659150000, 1.757486000, 4.199191000);(-0.038004500, 1.587065000, -0.032014370);2,027786;0,05524243;;;-2,65915;1,757486;4,199191
0,8888899;2,149764114;0,01011819;(-2.649641000, 1.756402000, 4.202475000);(-0.038171840, 1.587092000, -0.032396070);2,018584;0,05504486;;;-2,649641;1,756402;4,202475
0,900001;2,145423335;0,004340779;(-2.645590000, 1.755710000, 4.203874000);(-0.038311820, 1.586873000, -0.032682300);2,014548;0,05530067;;;-2,64559;1,75571;4,203874
0,9111122;2,137267558;0,008155777;(-2.648044000, 1.747977000, 4.203047000);(-0.038388710, 1.586781000, -0.032924770);2,012826;0,04716495;;;-2,648044;1,747977;4,203047
0,9222233;2,145923416;0,008655858;(-2.655789000, 1.745179000, 4.200382000);(-0.038433430, 1.586774000, -0.033096190);2,018465;0,04306485;;;-2,655789;1,745179;4,200382
0,9333345;2,167035836;0,02111242;(-2.675732000, 1.744352000, 4.193503000);(-0.038485650, 1.586717000, -0.033299380);2,036276;0,04569799;;;-2,675732;1,744352;4,193503
0,9444456;2,185663596;0,01862776;(-2.693340000, 1.744083000, 4.187429000);(-0.038291790, 1.586631000, -0.033293360);2,052281;0,05544364;;;-2,69334;1,744083;4,187429
0,9555568;2,196242896;0,0105793;(-2.702564000, 1.739987000, 4.184257000);(-0.038343880, 1.586563000, -0.033531190);2,058726;0,05960599;;;-2,702564;1,739987;4,184257
0,9666679;2,199676490;0,003433594;(-2.705613000, 1.738808000, 4.183208000);(-0.038320850, 1.586555000, -0.033607900);2,06095;0,06142593;;;-2,705613;1,738808;4,183208
0,977779;2,197851562;0,001824928;(-2.704155000, 1.739785000, 4.183708000);(-0.038393730, 1.586657000, -0.033756190);2,06009;0,06079244;;;-2,704155;1,739785;4,183708
0,9888902;2,189909809;0,007941753;(-2.697895000, 1.735407000, 4.185880000);(-0.038380850, 1.586665000, -0.033850960);2,052167;0,0528812;;;-2,697895;1,735407;4,18588
1,000001;2,180706355;0,009203454;(-2.689897000, 1.731790000, 4.188648000);(-0.038291460, 1.586687000, -0.033888400);2,043021;0,04409141;;;-2,689897;1,73179;4,188648
1,011112;2,166805665;0,01390069;(-2.677059000, 1.728836000, 4.193085000);(-0.038268310, 1.586730000, -0.033965760);2,029752;0,03276645;;;-2,677059;1,728836;4,193085
1,022224;2,153491635;0,01331403;(-2.668975000, 1.718639000, 4.195900000);(-0.038190600, 1.586765000, -0.034064470);2,017272;0,01951434;;;-2,668975;1,718639;4,1959
1,033335;2,143576287;0,009915348;(-2.662059000, 1.711952000, 4.198303000);(-0.038109380, 1.586835000, -0.034174740);2,007606;0,01024168;;;-2,662059;1,711952;4,198303
1,044446;2,135575281;0,008001006;(-2.656124000, 1.706998000, 4.200364000);(-0.038140800, 1.586866000, -0.034289180);1,999699;0,005632248;;;-2,656124;1,706998;4,200364
1,055557;2,133548436;0,002026845;(-2.654223000, 1.706744000, 4.201020000);(-0.038070630, 1.586791000, -0.034436280);1,997824;0,00675012;;;-2,654223;1,706744;4,20102
1,066668;2,140067264;0,006518828;(-2.660339000, 1.705936000, 4.198912000);(-0.037876200, 1.586724000, -0.034436520);2,003062;0,003962321;;;-2,660339;1,705936;4,198912
1,077779;2,149029509;0,008962245;(-2.666204000, 1.699464000, 4.196905000);(-0.037763950, 1.586811000, -0.034509420);2,00531;0,008126744;;;-2,666204;1,699464;4,196905
1,08889;2,166039319;0,01700981;(-2.679073000, 1.689254000, 4.192491000);(-0.037686190, 1.586867000, -0.034454460);2,01229;0,02489848;;;-2,679073;1,689254;4,192491
1,100002;2,175789570;0,009750251;(-2.684641000, 1.681479000, 4.190590000);(-0.037632410, 1.586866000, -0.034483430);2,013745;0,03416044;;;-2,684641;1,681479;4,19059
1,111113;2,172088812;0,003700758;(-2.681443000, 1.682983000, 4.191689000);(-0.037596040, 1.586859000, -0.034519970);2,011488;0,03057322;;;-2,681443;1,682983;4,191689
1,122224;2,164972763;0,007116049;(-2.674957000, 1.684875000, 4.193923000);(-0.037522980, 1.586842000, -0.034579690);2,006366;0,02422239;;;-2,674957;1,684875;4,193923
1,133335;2,146575993;0,01839677;(-2.659666000, 1.693651000, 4.199176000);(-0.037509760, 1.586801000, -0.034521640);1,996436;0,008622441;;;-2,659666;1,693651;4,199176
1,144446;2,129225643;0,01735035;(-2.644145000, 1.699273000, 4.204516000);(-0.037467980, 1.586819000, -0.034559540);1,984861;0,01597777;;;-2,644145;1,699273;4,204516
1,155557;2,115168403;0,01405724;(-2.631048000, 1.696902000, 4.209041000);(-0.037430200, 1.586764000, -0.034668860);1,971634;0,03003387;;;-2,631048;1,696902;4,209041
1,166668;2,106324529;0,008843874;(-2.622720000, 1.697682000, 4.211912000);(-0.037453140, 1.586693000, -0.034687280);1,964363;0,03863465;;;-2,62272;1,697682;4,211912
1,17778;2,094241459;0,01208307;(-2.625711000, 1.686018000, 4.210910000);(-0.037473090, 1.586669000, -0.034736330);1,961355;0,03876899;;;-2,625711;1,686018;4,21091
1,188891;2,087477839;0,00676362;(-2.627294000, 1.679463000, 4.210381000);(-0.037342350, 1.586709000, -0.034749500);1,959606;0,04054547;;;-2,627294;1,679463;4,210381
1,200002;2,094471226;0,006993387;(-2.632320000, 1.674915000, 4.208658000);(-0.037340470, 1.586663000, -0.034766130);1,962038;0,03928939;;;-2,63232;1,674915;4,208658
