time;total distance traveled;distance to prev position;ray position;hmd position;distance to prev target;distance to current target
(-3.704555000, 2.157544000, 3.329118000);(-2.984108000, 0.368908900, 3.859911000);0,3444445;0,3111111

0;-0,007445144;0,007445144;(-3.706252000, 2.181167000, 3.328047000);(-0.066976520, 1.599520000, -0.036361030);0,02370807;2,022041;;;-3,706252;2,181167;3,328047
0,01111111;-0,000662088;0,006783056;(-3.706835000, 2.187914000, 3.327667000);(-0.066976520, 1.599520000, -0.036361030);0,03049026;2,028398;;;-3,706835;2,187914;3,327667
0,02222222;-0,000662088;0;(-3.706835000, 2.187914000, 3.327667000);(-0.066201730, 1.600062000, -0.036590630);0,03049026;2,028398;;;-3,706835;2,187914;3,327667
0,03333334;0,006455172;0,00711726;(-3.709582000, 2.194158000, 3.325638000);(-0.065919760, 1.600158000, -0.036680040);0,03712163;2,035509;;;-3,709582;2,194158;3,325638
0,04444445;0,015056143;0,008600971;(-3.716430000, 2.194119000, 3.320434000);(-0.065712230, 1.600211000, -0.036768550);0,03942332;2,039295;;;-3,71643;2,194119;3,320434
0,05555556;0,019941328;0,004885185;(-3.720320000, 2.194215000, 3.317480000);(-0.065563720, 1.600327000, -0.036838940);0,04157856;2,041564;;;-3,72032;2,194215;3,31748
0,06666667;0,018845945;0,001095383;(-3.720739000, 2.193258000, 3.317153000);(-0.065563720, 1.600327000, -0.036838940);0,04099506;2,040946;;;-3,720739;2,193258;3,317153
0,07777778;0,018845945;0;(-3.720739000, 2.193258000, 3.317153000);(-0.065294830, 1.600432000, -0.037128440);0,04099506;2,040946;;;-3,720739;2,193258;3,317153
0,08888889;0,026679068;0,007833123;(-3.720000000, 2.201030000, 3.317786000);(-0.065294830, 1.600432000, -0.037128440);0,04751901;2,047463;;;-3,72;2,20103;3,317786
0,1;0,026679068;0;(-3.720000000, 2.201030000, 3.317786000);(-0.065123410, 1.600414000, -0.037170460);0,04751901;2,047463;;;-3,72;2,20103;3,317786
0,1111111;0,031235569;0,004556501;(-3.721190000, 2.205343000, 3.316921000);(-0.064964620, 1.600466000, -0.037185840);0,05206006;2,051979;;;-3,72119;2,205343;3,316921
0,1222222;0,035201507;0,003965938;(-3.722113000, 2.209142000, 3.316256000);(-0.064839090, 1.600475000, -0.037268270);0,05600095;2,055887;;;-3,722113;2,209142;3,316256
0,1333333;0,033963003;0,001238504;(-3.721127000, 2.209172000, 3.317006000);(-0.064746320, 1.600405000, -0.037371450);0,05555969;2,055362;;;-3,721127;2,209172;3,317006
0,1444445;0,026990820;0,006972183;(-3.715584000, 2.208743000, 3.321213000);(-0.064581960, 1.600328000, -0.037449410);0,05296685;2,051888;;;-3,715584;2,208743;3,321213
0,1555556;0,021430069;0,005560751;(-3.711373000, 2.206997000, 3.324397000);(-0.064518960, 1.600262000, -0.037529400);0,05014395;2,047989;;;-3,711373;2,206997;3,324397
0,1666667;0,0222080121;0,0007779431;(-3.711760000, 2.207607000, 3.324109000);(-0.064429880, 1.600243000, -0.037587340);0,05082682;2,048749;;;-3,71176;2,207607;3,324109
0,1777778;0,0250777351;0,002869723;(-3.713185000, 2.209860000, 3.323047000);(-0.064322950, 1.600337000, -0.037593120);0,05337011;2,051555;;;-3,713185;2,20986;3,323047
0,1888889;0,0222559271;0,002821808;(-3.715145000, 2.208495000, 3.321544000);(-0.064267160, 1.600359000, -0.037626080);0,05258886;2,051422;;;-3,715145;2,208495;3,321544
0,2;0,0202886931;0,001967234;(-3.713773000, 2.207537000, 3.322578000);(-0.064244700, 1.600420000, -0.037536730);0,05125515;2,049803;;;-3,713773;2,207537;3,322578
0,2111111;0,0179048861;0,002383807;(-3.712067000, 2.206481000, 3.323865000);(-0.064201410, 1.600466000, -0.037529280);0,04978879;2,047912;;;-3,712067;2,206481;3,323865
0,2222222;0,0154185121;0,002486374;(-3.710703000, 2.204669000, 3.324884000);(-0.064150510, 1.600484000, -0.037526780);0,04771292;2,045534;;;-3,710703;2,204669;3,324884
0,2333333;0,0147057844;0,0007127277;(-3.710145000, 2.204536000, 3.325307000);(-0.064060030, 1.600487000, -0.037544600);0,04747729;2,045106;;;-3,710145;2,204536;3,325307
0,2444444;0,0107327874;0,003972997;(-3.706999000, 2.204097000, 3.327693000);(-0.063928870, 1.600521000, -0.037674600);0,04663948;2,042974;;;-3,706999;2,204097;3,327693
0,2555556;0,0032653604;0,007467427;(-3.701705000, 2.200660000, 3.331684000);(-0.063842560, 1.600501000, -0.037673880);0,04328652;2,036979;;;-3,701705;2,20066;3,331684
0,2666667;-0,0068213896;0,01008675;(-3.694839000, 2.195378000, 3.336852000);(-0.063732830, 1.600397000, -0.037675550);0,03982039;2,028478;;;-3,694839;2,195378;3,336852
0,2777778;-0,0131160666;0,006294677;(-3.690458000, 2.192291000, 3.340152000);(-0.063651280, 1.600405000, -0.037646470);0,03908762;2,023314;;;-3,690458;2,192291;3,340152
0,2888889;-0,0052790746;0,007836992;(-3.684646000, 2.189397000, 3.344541000);(-0.063547780, 1.600361000, -0.037574100);0,04060608;2,017557;;;-3,684646;2,189397;3,344541
0,3;0,0047650754;0,01004415;(-3.676737000, 2.187852000, 3.350536000);(-0.063465100, 1.600362000, -0.037526300);0,04638131;2,011903;;;-3,676737;2,187852;3,350536
0,3111111;0,0211663754;0,0164013;(-3.663751000, 2.186022000, 3.360386000);(-0.063415210, 1.600232000, -0.037446670);0,05876809;2,003332;;;-3,663751;2,186022;3,360386
0,3222222;0,0399455054;0,01877913;(-3.649287000, 2.181159000, 3.371332000);(-0.063361140, 1.600170000, -0.037349510);0,07344569;1,991337;;;-3,649287;2,181159;3,371332
0,3333333;0,0640234154;0,02407791;(-3.632839000, 2.168674000, 3.383714000);(-0.063318610, 1.599967000, -0.037251640);0,09081732;1,971489;;;-3,632839;2,168674;3,383714
0,3444445;0,0888828454;0,02485943;(-3.617620000, 2.152670000, 3.395128000);(-0.063219340, 1.599988000, -0.037049110);0,1092641;1,949145;;;-3,61762;2,15267;3,395128
0,3555556;0,1138885154;0,02500567;(-3.606394000, 2.131940000, 3.403466000);(-0.063122810, 1.599694000, -0.036864210);0,1257726;1,924542;;;-3,606394;2,13194;3,403466
0,3666667;0,1447434654;0,03085495;(-3.595344000, 2.104305000, 3.411604000);(-0.063053920, 1.599382000, -0.036634020);0,1468514;1,893724;;;-3,595344;2,104305;3,411604
0,3777778;0,1825715154;0,03782805;(-3.582281000, 2.070129000, 3.421213000);(-0.062927780, 1.598987000, -0.036242180);0,1762776;1,855914;;;-3,582281;2,070129;3,421213
0,3888889;0,2222015654;0,03963005;(-3.568162000, 2.034589000, 3.431610000);(-0.062874210, 1.598474000, -0.036112600);0,2102984;1,816329;;;-3,568162;2,034589;3,43161
0,4;0,2699931954;0,04779163;(-3.549730000, 1.992650000, 3.445226000);(-0.062776610, 1.597909000, -0.035890630);0,2542476;1,768736;;;-3,54973;1,99265;3,445226
0,4111111;0,3208763954;0,0508832;(-3.528815000, 1.948925000, 3.460711000);(-0.062652070, 1.597181000, -0.035664610);0,3028581;1,718289;;;-3,528815;1,948925;3,460711
0,4222222;0,3785702354;0,05769384;(-3.508642000, 1.896951000, 3.475556000);(-0.062602210, 1.596443000, -0.035445150);0,3573996;1,660656;;;-3,508642;1,896951;3,475556
0,4333333;0,4399847354;0,0614145;(-3.492878000, 1.838707000, 3.486993000);(-0.062492170, 1.595753000, -0.035287550);0,4139914;1,599444;;;-3,492878;1,838707;3,486993
0,4444444;0,5108999054;0,07091517;(-3.479803000, 1.769630000, 3.496286000);(-0.062410920, 1.595056000, -0.035059800);0,4784726;1,529691;;;-3,479803;1,76963;3,496286
0,4555556;0,5791237254;0,06822382;(-3.467916000, 1.702978000, 3.504698000);(-0.062347360, 1.594319000, -0.034964260);0,5417159;1,46287;;;-3,467916;1,702978;3,504698
0,4666667;0,6577423454;0,07861862;(-3.455626000, 1.625806000, 3.513319000);(-0.062241010, 1.593480000, -0.034822400);0,615338;1,386451;;;-3,455626;1,625806;3,513319
0,4777778;0,7260261754;0,06828383;(-3.437563000, 1.561276000, 3.526445000);(-0.062215370, 1.592494000, -0.034647460);0,6824646;1,318545;;;-3,437563;1,561276;3,526445
0,4888889;0,7878324054;0,06180623;(-3.416986000, 1.504989000, 3.541556000);(-0.062160210, 1.591609000, -0.034467510);0,7440792;1,256746;;;-3,416986;1,504989;3,541556
0,5;0,8413190754;0,05348667;(-3.393818000, 1.459947000, 3.558742000);(-0.062117900, 1.590787000, -0.034247450);0,7974491;1,203715;;;-3,393818;1,459947;3,558742
0,5111111;0,8859868654;0,04466779;(-3.372412000, 1.424126000, 3.574673000);(-0.062052830, 1.590120000, -0.033957410);0,8417351;1,16001;;;-3,372412;1,424126;3,574673
0,5222223;0,9296571854;0,04367032;(-3.356727000, 1.385042000, 3.586228000);(-0.062008420, 1.589498000, -0.033674770);0,8853524;1,116366;;;-3,356727;1,385042;3,586228
0,5333334;0,9802432854;0,0505861;(-3.343858000, 1.337018000, 3.595560000);(-0.061994580, 1.588856000, -0.033410010);0,9350698;1,066085;;;-3,343858;1,337018;3,59556
0,5444446;1,0347815854;0,0545383;(-3.336166000, 1.283290000, 3.600905000);(-0.061985210, 1.588295000, -0.033134510);0,9868625;1,013471;;;-3,336166;1,28329;3,600905
0,5555557;1,0924231254;0,05764154;(-3.326502000, 1.226875000, 3.607724000);(-0.062010870, 1.587822000, -0.032851870);1,042444;0,9575689;;;-3,326502;1,226875;3,607724
0,5666668;1,1488695154;0,05644639;(-3.314013000, 1.172566000, 3.616709000);(-0.062000120, 1.587421000, -0.032595030);1,097913;0,9021361;;;-3,314013;1,172566;3,616709
0,577778;1,2065878554;0,05771834;(-3.296366000, 1.119150000, 3.629621000);(-0.062154190, 1.587081000, -0.032267150);1,155501;0,8446304;;;-3,296366;1,11915;3,629621
0,5888891;1,2605607054;0,05397285;(-3.274335000, 1.072655000, 3.645928000);(-0.062200500, 1.586644000, -0.032046670);1,209314;0,790746;;;-3,274335;1,072655;3,645928
0,6000003;1,3105165854;0,04995588;(-3.252900000, 1.030423000, 3.661823000);(-0.062236650, 1.586350000, -0.031740600);1,259001;0,7410061;;;-3,2529;1,030423;3,661823
0,6111114;1,3558639854;0,0453474;(-3.236527000, 0.989892700, 3.673887000);(-0.062291570, 1.586016000, -0.031469340);1,304348;0,6956589;;;-3,236527;0,9898927;3,673887
0,6222225;1,3934646654;0,03760068;(-3.227016000, 0.954174100, 3.680782000);(-0.062350640, 1.585677000, -0.031182460);1,34157;0,6585037;;;-3,227016;0,9541741;3,680782
0,6333337;1,4342960254;0,04083136;(-3.218609000, 0.914673900, 3.686803000);(-0.062328390, 1.585298000, -0.030876210);1,381596;0,6187218;;;-3,218609;0,9146739;3,686803
0,6444448;1,4776325154;0,04333649;(-3.206566000, 0.873978900, 3.695575000);(-0.062443220, 1.584800000, -0.030634570);1,424718;0,5758385;;;-3,206566;0,8739789;3,695575
0,655556;1,5238508954;0,04621838;(-3.190269000, 0.832426500, 3.707572000);(-0.062647390, 1.584437000, -0.030335960);1,470936;0,5296775;;;-3,190269;0,8324265;3,707572
0,6666671;1,5719928454;0,04814195;(-3.166956000, 0.794047900, 3.724929000);(-0.062726070, 1.584132000, -0.030110530);1,518157;0,4820758;;;-3,166956;0,7940479;3,724929
0,6777782;1,6175974954;0,04560465;(-3.141277000, 0.761623400, 3.744139000);(-0.062733230, 1.583871000, -0.029744440);1,561447;0,4385547;;;-3,141277;0,7616234;3,744139
0,6888894;1,6601102054;0,04251271;(-3.121292000, 0.727171600, 3.759004000);(-0.062828240, 1.583528000, -0.029592090);1,603422;0,3966785;;;-3,121292;0,7271716;3,759004
0,7000005;1,7007596754;0,04064947;(-3.104364000, 0.692406800, 3.771544000);(-0.063011380, 1.583143000, -0.029461320);1,643957;0,3562602;;;-3,104364;0,6924068;3,771544
0,7111117;1,7480472654;0,04728759;(-3.098756000, 0.645609100, 3.775370000);(-0.063105750, 1.582857000, -0.029274930);1,68881;0,3112144;;;-3,098756;0,6456091;3,77537
0,7222228;1,7935130754;0,04546581;(-3.090961000, 0.601156500, 3.780879000);(-0.063213940, 1.582603000, -0.029091230);1,732895;0,2675867;;;-3,090961;0,6011565;3,780879
0,7333339;1,8347607454;0,04124767;(-3.081287000, 0.561672200, 3.787863000);(-0.063395140, 1.582400000, -0.028978580);1,773616;0,2275796;;;-3,081287;0,5616722;3,787863
0,7444451;1,8694830454;0,0347223;(-3.071723000, 0.529027300, 3.794826000);(-0.063492340, 1.582227000, -0.028744390);1,808155;0,1937795;;;-3,071723;0,5290273;3,794826
0,7555562;1,8956562354;0,02617319;(-3.058922000, 0.508284900, 3.804361000);(-0.063646050, 1.582010000, -0.028473430);1,833781;0,1676565;;;-3,058922;0,5082849;3,804361
0,7666674;1,9204111054;0,02475487;(-3.048615000, 0.487112000, 3.811995000);(-0.063765620, 1.581830000, -0.028171230);1,858432;0,1429306;;;-3,048615;0,487112;3,811995
0,7777785;1,9356881654;0,01527706;(-3.039622000, 0.476761900, 3.818732000);(-0.064055650, 1.581617000, -0.027878580);1,872668;0,1281009;;;-3,039622;0,4767619;3,818732
0,7888896;1,9515699454;0,01588178;(-3.031622000, 0.464406200, 3.824696000);(-0.064171940, 1.581464000, -0.027620130);1,888161;0,1123275;;;-3,031622;0,4644062;3,824696
0,8000008;1,9599124154;0,00834247;(-3.025038000, 0.463256300, 3.829688000);(-0.064265800, 1.581310000, -0.027307320);1,892861;0,1071921;;;-3,025038;0,4632563;3,829688
0,8111119;1,9673657654;0,00745335;(-3.019498000, 0.460544800, 3.833873000);(-0.064296100, 1.581175000, -0.026986060);1,89839;0,1016249;;;-3,019498;0,4605448;3,833873
0,8222231;1,9746556464;0,007289881;(-3.014776000, 0.456273100, 3.837421000);(-0.064274940, 1.581100000, -0.026737090);1,904859;0,09528282;;;-3,014776;0,4562731;3,837421
0,8333342;1,9831425924;0,008486946;(-3.011817000, 0.448621900, 3.839598000);(-0.064327700, 1.580959000, -0.026463500);1,913345;0,08680223;;;-3,011817;0,4486219;3,839598
0,8444453;1,9954745224;0,01233193;(-3.010562000, 0.436382800, 3.840438000);(-0.064300050, 1.580960000, -0.026151110);1,924959;0,07504523;;;-3,010562;0,4363828;3,840438
0,8555565;2,0111443124;0,01566979;(-3.012442000, 0.420905700, 3.838866000);(-0.064332800, 1.580836000, -0.025808920);1,937724;0,06284418;;;-3,012442;0,4209057;3,838866
0,8666676;2,0248560024;0,01371169;(-3.011711000, 0.407220200, 3.839293000);(-0.064292940, 1.580709000, -0.025480440);1,95037;0,05152456;;;-3,011711;0,4072202;3,839293
0,8777788;2,0405309524;0,01567495;(-3.010638000, 0.391596300, 3.839963000);(-0.064252670, 1.580555000, -0.025121500);1,964956;0,04020589;;;-3,010638;0,3915963;3,839963
0,8888899;2,0556306224;0,01509967;(-3.009845000, 0.376524600, 3.840425000);(-0.064179850, 1.580368000, -0.024817340);1,97891;0,03316812;;;-3,009845;0,3765246;3,840425
0,900001;2,0710030024;0,01537238;(-3.010732000, 0.361199400, 3.839610000);(-0.063990970, 1.580203000, -0.024509480);1,992196;0,03435718;;;-3,010732;0,3611994;3,83961
0,9111122;2,0826024324;0,01159943;(-3.007224000, 0.350444600, 3.842175000);(-0.063891870, 1.580009000, -0.024219920);2,003772;0,03449489;;;-3,007224;0,3504446;3,842175
0,9222233;2,0909587444;0,008356312;(-3.000684000, 0.348864400, 3.847130000);(-0.063760820, 1.579958000, -0.023926790);2,008754;0,02898129;;;-3,000684;0,3488644;3,84713
0,9333345;2,0992722084;0,008313464;(-2.994430000, 0.351544100, 3.851907000);(-0.063656110, 1.579821000, -0.023696240);2,009781;0,02172905;;;-2,99443;0,3515441;3,851907
0,9444456;2,1011897404;0,001917532;(-2.994066000, 0.349679400, 3.852166000);(-0.063675680, 1.579722000, -0.023412280);2,011653;0,02299837;;;-2,994066;0,3496794;3,852166
0,9555568;2,1031503864;0,001960646;(-2.993719000, 0.347765400, 3.852412000);(-0.063616670, 1.579654000, -0.023199670);2,013559;0,0244063;;;-2,993719;0,3477654;3,852412
0,9666679;2,1007607534;0,002389633;(-2.995344000, 0.349020700, 3.851189000);(-0.063546050, 1.579520000, -0.022983840);2,01154;0,02445131;;;-2,995344;0,3490207;3,851189
0,977779;2,0980673154;0,002693438;(-2.997277000, 0.347867400, 3.849710000);(-0.063574170, 1.579514000, -0.022665550);2,011513;0,02683724;;;-2,997277;0,3478674;3,84971
0,9888902;2,1003594964;0,002292181;(-2.997258000, 0.345575300, 3.849702000);(-0.063528280, 1.579495000, -0.022425230);2,01358;0,02866378;;;-2,997258;0,3455753;3,849702
1,000001;2,1055570034;0,005197507;(-2.997879000, 0.340441200, 3.849183000);(-0.063556930, 1.579516000, -0.022214110);2,01785;0,03339387;;;-2,997879;0,3404412;3,849183
1,011112;2,1149813864;0,009424383;(-2.995662000, 0.331422300, 3.850784000);(-0.063533400, 1.579470000, -0.022015500);2,027162;0,04027468;;;-2,995662;0,3314223;3,850784
1,022224;2,1244911384;0,009509752;(-2.991981000, 0.323085800, 3.853503000);(-0.063473310, 1.579570000, -0.021789840);2,036658;0,04693418;;;-2,991981;0,3230858;3,853503
1,033335;2,1301489054;0,005657767;(-2.988350000, 0.319711200, 3.856230000);(-0.063425700, 1.579493000, -0.021589750);2,041672;0,04951728;;;-2,98835;0,3197112;3,85623
1,044446;2,1264258214;0,003723084;(-2.986839000, 0.322903200, 3.857409000);(-0.063338940, 1.579341000, -0.021341610);2,039635;0,04615458;;;-2,986839;0,3229032;3,857409
1,055557;2,1186894154;0,007736406;(-2.984268000, 0.329915500, 3.859426000);(-0.063260320, 1.579293000, -0.021218230);2,034764;0,03899676;;;-2,984268;0,3299155;3,859426
1,066668;2,1075390754;0,01115034;(-2.982413000, 0.340806100, 3.860937000);(-0.063242560, 1.579288000, -0.021119530);2,026044;0,02817248;;;-2,982413;0,3408061;3,860937
1,077779;2,0976763134;0,009862762;(-2.980779000, 0.350440900, 3.862269000);(-0.063207800, 1.579163000, -0.021021060);2,018346;0,0189131;;;-2,980779;0,3504409;3,862269
