time;total distance traveled;distance to prev position;ray position;hmd position;distance to prev target;distance to current target
(-2.851025000, 2.573911000, 3.971284000);(-4.242972000, 2.300405000, 2.561434000);0,3;0,2777778

0;-0,01305347;0,01305347;(-2.865097000, 2.597351000, 3.957120000);(-0.039944570, 1.602801000, -0.034776330);0,03079046;1,983597;;;-2,865097;2,597351;3,95712
0,01111111;-0,008792126;0,004261344;(-2.863001000, 2.600389000, 3.959251000);(-0.040126760, 1.602798000, -0.034837660);0,0314532;1,987008;;;-2,863001;2,600389;3,959251
0,02222222;-0,010552014;0,001759888;(-2.862124000, 2.599145000, 3.960135000);(-0.040352280, 1.602774000, -0.034884630);0,02973648;1,988051;;;-2,862124;2,599145;3,960135
0,03333334;-0,017121317;0,006569303;(-2.862609000, 2.592613000, 3.959622000);(-0.040551730, 1.602791000, -0.035010750);0,02489994;1,986382;;;-2,862609;2,592613;3,959622
0,04444445;-0,023095365;0,005974048;(-2.863948000, 2.586956000, 3.958247000);(-0.040605300, 1.602797000, -0.035232120);0,02252033;1,983659;;;-2,863948;2,586956;3,958247
0,05555556;-0,020025636;0,003069729;(-2.866081000, 2.586499000, 3.956087000);(-0.040731330, 1.602859000, -0.035291010);0,02482142;1,980589;;;-2,866081;2,586499;3,956087
0,06666667;-0,017900518;0,002125118;(-2.867448000, 2.585649000, 3.954700000);(-0.040861940, 1.602932000, -0.035485140);0,02612574;1,978539;;;-2,867448;2,585649;3,9547
0,07777778;-0,021141445;0,003240927;(-2.865796000, 2.583412000, 3.956364000);(-0.040923950, 1.602952000, -0.035524300);0,02304492;1,980539;;;-2,865796;2,583412;3,956364
0,08888889;-0,022868107;0,001726662;(-2.864710000, 2.582639000, 3.957461000);(-0.041036610, 1.602949000, -0.035538850);0,02131968;1,981957;;;-2,86471;2,582639;3,957461
0,1;-0,026875082;0,004006975;(-2.862658000, 2.585376000, 3.959548000);(-0.041115570, 1.603007000, -0.035634810);0,02011202;1,985245;;;-2,862658;2,585376;3,959548
0,1111111;-0,020882345;0,005992737;(-2.861380000, 2.591082000, 3.960861000);(-0.041225520, 1.602999000, -0.035652340);0,02259864;1,987885;;;-2,86138;2,591082;3,960861
0,1222222;-0,016926552;0,003955793;(-2.863444000, 2.593738000, 3.958781000);(-0.041262530, 1.603016000, -0.035694420);0,02652745;1,985376;;;-2,863444;2,593738;3,958781
0,1333333;-0,013972623;0,002953929;(-2.864485000, 2.596298000, 3.957736000);(-0.041235260, 1.602966000, -0.035692390);0,0294263;1,984298;;;-2,864485;2,596298;3,957736
0,1444445;-0,016382790;0,002410167;(-2.862856000, 2.596954000, 3.959387000);(-0.041237350, 1.602954000, -0.035869060);0,02850461;1,986689;;;-2,862856;2,596954;3,959387
0,1555556;-0,013696426;0,002686364;(-2.862149000, 2.599442000, 3.960112000);(-0.041225830, 1.603153000, -0.035801820);0,03000689;1,988063;;;-2,862149;2,599442;3,960112
0,1666667;-0,008093579;0,005602847;(-2.865852000, 2.597552000, 3.956356000);(-0.041341030, 1.603179000, -0.036013240);0,03164849;1,982564;;;-2,865852;2,597552;3,956356
0,1777778;-0,004943234;0,003150345;(-2.867658000, 2.595736000, 3.954522000);(-0.041370790, 1.603138000, -0.036128580);0,03215516;1,979748;;;-2,867658;2,595736;3,954522
0,1888889;-0,006651593;0,001708359;(-2.868160000, 2.594185000, 3.954009000);(-0.041423150, 1.602999000, -0.036254580);0,03167139;1,978808;;;-2,86816;2,594185;3,954009
0,2;-0,008232143;0,00158055;(-2.867049000, 2.594209000, 3.955133000);(-0.041460670, 1.603021000, -0.036356090);0,0304901;1,980374;;;-2,867049;2,594209;3,955133
0,2111111;-0,016329341;0,008097198;(-2.861359000, 2.594311000, 3.960893000);(-0.041510600, 1.603025000, -0.036414920);0,02511835;1,988397;;;-2,861359;2,594311;3,960893
0,2222222;-0,024672293;0,008342952;(-2.855496000, 2.594139000, 3.966827000);(-0.041540870, 1.603063000, -0.036531030);0,02119078;1,996621;;;-2,855496;2,594139;3,966827
0,2333333;-0,033504910;0,008832617;(-2.849802000, 2.590604000, 3.972579000);(-0.041588390, 1.603080000, -0.036680930);0,01678764;2,004113;;;-2,849802;2,590604;3,972579
0,2444444;-0,039624896;0,006119986;(-2.848335000, 2.584845000, 3.974043000);(-0.041556320, 1.603061000, -0.036866600);0,0115933;2,005338;;;-2,848335;2,584845;3,974043
0,2555556;-0,050842806;0,01121791;(-2.855085000, 2.579072000, 3.967191000);(-0.041635460, 1.603080000, -0.037064970);0,007738541;1,995003;;;-2,855085;2,579072;3,967191
0,2666667;-0,028056356;0,02278645;(-2.870674000, 2.573907000, 3.951394000);(-0.041636760, 1.603225000, -0.037104420);0,02795905;1,972306;;;-2,870674;2,573907;3,951394
0,2777778;-0,000095116;0,02796124;(-2.890080000, 2.569564000, 3.931737000);(-0.041745550, 1.603320000, -0.037269530);0,05575066;1,944349;;;-2,89008;2,569564;3,931737
0,2888889;0,049661374;0,04975649;(-2.924905000, 2.565176000, 3.896472000);(-0.041928130, 1.603373000, -0.037336940);0,1055058;1,894658;;;-2,924905;2,565176;3,896472
0,3;0,097925994;0,04826462;(-2.958690000, 2.560971000, 3.862261000);(-0.042030510, 1.603459000, -0.037562310);0,1537701;1,846463;;;-2,95869;2,560971;3,862261
0,3111111;0,168051974;0,07012598;(-3.007673000, 2.553387000, 3.812655000);(-0.042308380, 1.603511000, -0.037814380);0,223882;1,776377;;;-3,007673;2,553387;3,812655
0,3222222;0,234451584;0,06639961;(-3.053611000, 2.541854000, 3.766119000);(-0.042559010, 1.603629000, -0.037983890);0,2901063;1,710012;;;-3,053611;2,541854;3,766119
0,3333333;0,298440654;0,06398907;(-3.097953000, 2.531336000, 3.721200000);(-0.042813620, 1.603660000, -0.038184280);0,3540178;1,646041;;;-3,097953;2,531336;3,7212
0,3444445;0,372883064;0,07444241;(-3.149163000, 2.516267000, 3.669313000);(-0.043172470, 1.603752000, -0.038443260);0,428247;1,571754;;;-3,149163;2,516267;3,669313
0,3555556;0,448239984;0,07535692;(-3.199532000, 2.493152000, 3.618251000);(-0.043642720, 1.603835000, -0.038699560);0,5026046;1,497591;;;-3,199532;2,493152;3,618251
0,3666667;0,519535414;0,07129543;(-3.247728000, 2.473816000, 3.569401000);(-0.044247430, 1.603976000, -0.038940070);0,5734998;1,427088;;;-3,247728;2,473816;3,569401
0,3777778;0,596227184;0,07669177;(-3.300633000, 2.459333000, 3.515802000);(-0.044809620, 1.604043000, -0.039236960);0,6501844;1,350584;;;-3,300633;2,459333;3,515802
0,3888889;0,667333014;0,07110583;(-3.348966000, 2.441427000, 3.466818000);(-0.045430670, 1.604028000, -0.039531170);0,7210982;1,280178;;;-3,348966;2,441427;3,466818
0,4;0,733727744;0,06639473;(-3.392936000, 2.419352000, 3.422236000);(-0.046010490, 1.603988000, -0.039879970);0,7867717;1,215603;;;-3,392936;2,419352;3,422236
0,4111111;0,800241604;0,06651386;(-3.438002000, 2.401830000, 3.376562000);(-0.046600990, 1.603992000, -0.040136870);0,8531402;1,150086;;;-3,438002;2,40183;3,376562
0,4222222;0,865275004;0,0650334;(-3.482747000, 2.388719000, 3.331226000);(-0.047180810, 1.604008000, -0.040391080);0,9181736;1,085505;;;-3,482747;2,388719;3,331226
0,4333333;0,930173164;0,06489816;(-3.528219000, 2.383811000, 3.285183000);(-0.047773280, 1.603966000, -0.040755320);0,9825804;1,020608;;;-3,528219;2,383811;3,285183
0,4444444;0,994311734;0,06413857;(-3.573216000, 2.380137000, 3.239625000);(-0.048395810, 1.603918000, -0.041153190);1,046152;0,95649;;;-3,573216;2,380137;3,239625
0,4555556;1,059340024;0,06502829;(-3.618644000, 2.373172000, 3.193620000);(-0.048987470, 1.603828000, -0.041571550);1,110989;0,8914816;;;-3,618644;2,373172;3,19362
0,4666667;1,119166964;0,05982694;(-3.660570000, 2.368781000, 3.151168000);(-0.049554730, 1.603767000, -0.041969110);1,170484;0,8316568;;;-3,66057;2,368781;3,151168
0,4777778;1,170629794;0,05146283;(-3.696258000, 2.360546000, 3.115016000);(-0.050197820, 1.603721000, -0.042437610);1,221941;0,7803625;;;-3,696258;2,360546;3,115016
0,4888889;1,225883254;0,05525346;(-3.734792000, 2.353833000, 3.075990000);(-0.050789920, 1.603655000, -0.042854720);1,277118;0,7251683;;;-3,734792;2,353833;3,07599
0,5;1,270782124;0,04489887;(-3.766321000, 2.352119000, 3.044070000);(-0.051436880, 1.603621000, -0.043135520);1,321622;0,6802998;;;-3,766321;2,352119;3,04407
0,5111111;1,316349794;0,04556767;(-3.798299000, 2.349749000, 3.011694000);(-0.052007480, 1.603571000, -0.043499640);1,366891;0,6347462;;;-3,798299;2,349749;3,011694
0,5222223;1,369080084;0,05273029;(-3.835348000, 2.348584000, 2.974190000);(-0.052569740, 1.603521000, -0.043929150);1,419105;0,5821052;;;-3,835348;2,348584;2,97419
0,5333334;1,423486234;0,05440615;(-3.873567000, 2.350411000, 2.935512000);(-0.053148820, 1.603444000, -0.044289400);1,472538;0,5281053;;;-3,873567;2,350411;2,935512
0,5444446;1,477225214;0,05373898;(-3.911217000, 2.346304000, 2.897388000);(-0.053612000, 1.603370000, -0.044634870);1,526127;0,4743764;;;-3,911217;2,346304;2,897388
0,5555557;1,526118704;0,04889349;(-3.944864000, 2.336491000, 2.863298000);(-0.054128570, 1.603246000, -0.044962580);1,574956;0,425784;;;-3,944864;2,336491;2,863298
0,5666668;1,571238264;0,04511956;(-3.975912000, 2.327419000, 2.831841000);(-0.054623560, 1.603132000, -0.045284320);1,620018;0,3810128;;;-3,975912;2,327419;2,831841
0,577778;1,617541004;0,04630274;(-4.008313000, 2.323227000, 2.799030000);(-0.055101530, 1.602997000, -0.045614290);1,666234;0,3347203;;;-4,008313;2,323227;2,79903
0,5888891;1,664504054;0,04696305;(-4.041262000, 2.320581000, 2.765671000);(-0.055556430, 1.602896000, -0.045935920);1,712993;0,2877611;;;-4,041262;2,320581;2,765671
0,6000003;1,707696414;0,04319236;(-4.071495000, 2.316792000, 2.735057000);(-0.055977850, 1.602746000, -0.046250460);1,756108;0,2445766;;;-4,071495;2,316792;2,735057
0,6777782;1,914163814;0,2064674;(-4.215107000, 2.287728000, 2.589594000);(-0.058531540, 1.602059000, -0.048028530);1,962572;0,04159444;;;-4,215107;2,287728;2,589594
0,6888894;1,952373814;0,03821;(-4.241314000, 2.296160000, 2.563097000);(-0.058895480, 1.602066000, -0.048312130);1,99826;0,004850722;;;-4,241314;2,29616;2,563097
0,7000005;1,986418904;0,03404509;(-4.264946000, 2.301580000, 2.539196000);(-0.059159130, 1.602035000, -0.048667130);2,030816;0,03128547;;;-4,264946;2,30158;2,539196
1,022224;2,002149474;0,01573057;(-4.275501000, 2.296937000, 2.528496000);(-0.064513130, 1.599520000, -0.052724300);2,046334;0,04642302;;;-4,275501;2,296937;2,528496
1,033335;1,989281544;0,01286793;(-4.268349000, 2.304788000, 2.535762000);(-0.064470590, 1.599478000, -0.052753150);2,03518;0,0363626;;;-4,268349;2,304788;2,535762
1,044446;1,976541664;0,01273988;(-4.260088000, 2.309675000, 2.544140000);(-0.064460780, 1.599548000, -0.052725140);2,022874;0,02603804;;;-4,260088;2,309675;2,54414
1,055557;1,968711571;0,007830093;(-4.255457000, 2.305429000, 2.548813000);(-0.064390670, 1.599508000, -0.052740630);2,016912;0,0184501;;;-4,255457;2,305429;2,548813
1,066668;1,963757201;0,00495437;(-4.253043000, 2.301850000, 2.551244000);(-0.064298940, 1.599459000, -0.052768110);2,013997;0,01439983;;;-4,253043;2,30185;2,551244
1,077779;1,971434828;0,007677627;(-4.253700000, 2.294232000, 2.550553000);(-0.064288620, 1.599475000, -0.052714530);2,015985;0,0164803;;;-4,2537;2,294232;2,550553
1,08889;1,976264167;0,004829339;(-4.253950000, 2.289417000, 2.550284000);(-0.064211860, 1.599480000, -0.052713100);2,017022;0,01912063;;;-4,25395;2,289417;2,550284
1,100002;1,971049786;0,005214381;(-4.251565000, 2.285449000, 2.552684000);(-0.064198820, 1.599501000, -0.052687820);2,014237;0,01934148;;;-4,251565;2,285449;2,552684
1,111113;1,966469088;0,004580698;(-4.248417000, 2.286395000, 2.555874000);(-0.064247560, 1.599623000, -0.052631680);2,009665;0,01602651;;;-4,248417;2,286395;2,555874
1,122224;1,961846183;0,004622905;(-4.246122000, 2.289659000, 2.558208000);(-0.064250070, 1.599666000, -0.052546320);2,00596;0,01165353;;;-4,246122;2,289659;2,558208
1,133335;1,955354147;0,006492036;(-4.246657000, 2.296108000, 2.557688000);(-0.064178450, 1.599690000, -0.052505610);2,005796;0,006788082;;;-4,246657;2,296108;2,557688
1,144446;1,958175368;0,002821221;(-4.247742000, 2.298473000, 2.556598000);(-0.064109730, 1.599681000, -0.052470390);2,006993;0,00706226;;;-4,247742;2,298473;2,556598
1,155557;1,964990224;0,006814856;(-4.250092000, 2.292543000, 2.554200000);(-0.064046350, 1.599679000, -0.052434150);2,01114;0,01283919;;;-4,250092;2,292543;2,5542
1,166668;1,970900385;0,005910161;(-4.249840000, 2.286643000, 2.554435000);(-0.064002680, 1.599717000, -0.052452270);2,011634;0,016899;;;-4,24984;2,286643;2,554435
1,17778;1,966291474;0,004608911;(-4.247975000, 2.282868000, 2.556309000);(-0.064002360, 1.599730000, -0.052417040);2,00956;0,01894359;;;-4,247975;2,282868;2,556309
1,188891;1,961670427;0,004621047;(-4.244791000, 2.283767000, 2.559535000);(-0.063951520, 1.599751000, -0.052431170);2,004945;0,01684484;;;-4,244791;2,283767;2,559535
