time;total distance traveled;distance to prev position;ray position;hmd position;distance to prev target;distance to current target
(-1.233086000, 0.370996000, 4.656200000);(0.750788300, 0.117547900, 4.653238000);0,2666667;0,3111111

0;-0,006332383;0,006332383;(-1.222141000, 0.358414000, 4.656428000);(-0.063639600, 1.618657000, -0.034974150);0,01667793;1,98758;;;-1,222141;0,358414;4,656428
0,01111111;0,003464764;0,009797147;(-1.230553000, 0.353394500, 4.656573000);(-0.063576430, 1.618661000, -0.034999240);0,01778668;1,995332;;;-1,230553;0,3533945;4,656573
0,02222222;0,005051577;0,001586813;(-1.231988000, 0.352718400, 4.656593000);(-0.063546170, 1.618692000, -0.035029170);0,01831477;1,996677;;;-1,231988;0,3527184;4,656593
0,03333334;-0,004431628;0,009483205;(-1.227723000, 0.361185900, 4.656391000);(-0.063484040, 1.618690000, -0.035033220);0,01118166;1,993459;;;-1,227723;0,3611859;4,656391
0,04444445;0,004333375;0,008765003;(-1.221834000, 0.367675800, 4.656224000);(-0.063460660, 1.618748000, -0.034974630);0,01173089;1,98842;;;-1,221834;0,3676758;4,656224
0,05555556;0,016606965;0,01227359;(-1.215621000, 0.378257600, 4.655968000);(-0.063386990, 1.618786000, -0.034952280);0,01891522;1,983619;;;-1,215621;0,3782576;4,655968
0,06666667;0,028612005;0,01200504;(-1.212824000, 0.389929100, 4.655702000);(-0.063307270, 1.618814000, -0.034966700);0,02773528;1,982415;;;-1,212824;0,3899291;4,655702
0,07777778;0,035308374;0,006696369;(-1.208876000, 0.395336600, 4.655567000);(-0.063075390, 1.618871000, -0.035113510);0,0343358;1,979257;;;-1,208876;0,3953366;4,655567
0,08888889;0,031927913;0,003380461;(-1.208400000, 0.391990500, 4.655638000);(-0.062981050, 1.618878000, -0.035147120);0,03241054;1,978319;;;-1,2084;0,3919905;4,655638
0,1;0,033295149;0,001367236;(-1.207067000, 0.391688600, 4.655639000);(-0.062937780, 1.618798000, -0.035106350);0,03324857;1,976956;;;-1,207067;0,3916886;4,655639
0,1111111;0,015734259;0,01756089;(-1.216367000, 0.376796600, 4.656003000);(-0.062851910, 1.618812000, -0.035142240);0,01769786;1,984166;;;-1,216367;0,3767966;4,656003
0,1222222;0,011595813;0,004138446;(-1.217689000, 0.372876200, 4.656094000);(-0.062783180, 1.618864000, -0.035192900);0,01551146;1,984969;;;-1,217689;0,3728762;4,656094
0,1333333;0,016249251;0,004653438;(-1.213036000, 0.372960700, 4.656072000);(-0.062726530, 1.618908000, -0.035262990);0,02014578;1,980366;;;-1,213036;0,3729607;4,656072
0,1444445;0,022795625;0,006546374;(-1.209198000, 0.378262500, 4.655941000);(-0.062604000, 1.618824000, -0.035324570);0,0249693;1,977253;;;-1,209198;0,3782625;4,655941
0,1555556;0,032965375;0,01016975;(-1.202749000, 0.386123300, 4.655742000);(-0.062635570, 1.618896000, -0.035340000);0,03390194;1,971915;;;-1,202749;0,3861233;4,655742
0,1666667;0,040924604;0,007959229;(-1.200047000, 0.393607700, 4.655567000);(-0.062593010, 1.618894000, -0.035393230);0,0400405;1,970272;;;-1,200047;0,3936077;4,655567
0,1777778;0,049555753;0,008631149;(-1.202156000, 0.401975600, 4.655394000);(-0.062581900, 1.618909000, -0.035462070);0,04378415;1,973549;;;-1,202156;0,4019756;4,655394
0,1888889;0,042567247;0,006988506;(-1.208373000, 0.405167200, 4.655351000);(-0.062564280, 1.619021000, -0.035561020);0,04217966;1,980162;;;-1,208373;0,4051672;4,655351
0,2;0,036153089;0,006414158;(-1.214760000, 0.405752800, 4.655365000);(-0.062504530, 1.619066000, -0.035608760);0,03930091;1,986567;;;-1,21476;0,4057528;4,655365
0,2111111;0,032050082;0,004103007;(-1.216853000, 0.402225100, 4.655452000);(-0.062440470, 1.619124000, -0.035642020);0,03520372;1,98813;;;-1,216853;0,4022251;4,655452
0,2222222;0,036986446;0,004936364;(-1.211983000, 0.401422400, 4.655448000);(-0.062397430, 1.619266000, -0.035779350);0,03703591;1,983194;;;-1,211983;0,4014224;4,655448
0,2333333;0,049739196;0,01275275;(-1.199687000, 0.404803900, 4.655322000);(-0.062274390, 1.619282000, -0.035864520);0,04753105;1,971516;;;-1,199687;0,4048039;4,655322
0,2444444;0,065496586;0,01575739;(-1.184437000, 0.408767600, 4.655170000);(-0.062132530, 1.619293000, -0.035920970);0,06159887;1,957016;;;-1,184437;0,4087676;4,65517
0,2555556;0,076510876;0,01101429;(-1.173638000, 0.410931800, 4.655077000);(-0.062000970, 1.619251000, -0.036031660);0,071625;1,946662;;;-1,173638;0,4109318;4,655077
0,2666667;0,084226758;0,007715882;(-1.165923000, 0.411004400, 4.655043000);(-0.061886010, 1.619186000, -0.036095430);0,07818492;1,939046;;;-1,165923;0,4110044;4,655043
0,2777778;0,090112385;0,005885627;(-1.160043000, 0.410747800, 4.655023000);(-0.061771240, 1.619108000, -0.036159090);0,08316773;1,933195;;;-1,160043;0,4107478;4,655023
0,2888889;0,098184095;0,00807171;(-1.152497000, 0.407882200, 4.655053000);(-0.061647070, 1.618979000, -0.036234370);0,08863669;1,925303;;;-1,152497;0,4078822;4,655053
0,3;0,110122895;0,0119388;(-1.140575000, 0.407243400, 4.655016000);(-0.061560140, 1.618852000, -0.036358170);0,09936529;1,913422;;;-1,140575;0,4072434;4,655016
0,3111111;0,130305175;0,02018228;(-1.120458000, 0.405624200, 4.654965000);(-0.061474470, 1.618653000, -0.036511120);0,1178373;1,893292;;;-1,120458;0,4056242;4,654965
0,3222222;0,153476625;0,02317145;(-1.097287000, 0.405532100, 4.654868000);(-0.061335190, 1.618458000, -0.036449130);0,1401278;1,87038;;;-1,097287;0,4055321;4,654868
0,3333333;0,175241755;0,02176513;(-1.075575000, 0.404007600, 4.654809000);(-0.061312020, 1.618183000, -0.036636050);0,1609385;1,848693;;;-1,075575;0,4040076;4,654809
0,3444445;0,207578275;0,03233652;(-1.043840000, 0.397799300, 4.654809000);(-0.061287070, 1.617956000, -0.036789350);0,191139;1,81638;;;-1,04384;0,3977993;4,654809
0,3555556;0,236126205;0,02854793;(-1.016146000, 0.390871500, 4.654840000);(-0.061441860, 1.617789000, -0.037049820);0,2178526;1,78795;;;-1,016146;0,3908715;4,65484
0,3666667;0,269682545;0,03355634;(-0.983210300, 0.384446800, 4.654840000);(-0.061491130, 1.617644000, -0.037160510);0,2502408;1,75442;;;-0,9832103;0,3844468;4,65484
0,3777778;0,304772745;0,0350902;(-0.948354800, 0.380394900, 4.654779000);(-0.061534850, 1.617541000, -0.037237400);0,2848894;1,719354;;;-0,9483548;0,3803949;4,654779
0,3888889;0,357190305;0,05241756;(-0.896224000, 0.374920700, 4.654675000);(-0.061634450, 1.617476000, -0.037278590);0,3368879;1,667001;;;-0,896224;0,3749207;4,654675
0,4;0,404917265;0,04772696;(-0.848728300, 0.370229300, 4.654574000);(-0.061670000, 1.617390000, -0.037170640);0,3843615;1,619353;;;-0,8487283;0,3702293;4,654574
0,4111111;0,469755095;0,06483783;(-0.783928900, 0.368008100, 4.654346000);(-0.061770930, 1.617326000, -0.037169990);0,4491705;1,555021;;;-0,7839289;0,3680081;4,654346
0,4222222;0,539216915;0,06946182;(-0.714488600, 0.369701900, 4.654012000);(-0.061785630, 1.617378000, -0.037172130);0,5186033;1,486815;;;-0,7144886;0,3697019;4,654012
0,4333333;0,602124545;0,06290763;(-0.651643900, 0.372497100, 4.653683000);(-0.061936330, 1.617311000, -0.037101440);0,5814491;1,425418;;;-0,6516439;0,3724971;4,653683
0,4444444;0,667067915;0,06494337;(-0.586871600, 0.377191500, 4.653304000);(-0.062044990, 1.617245000, -0.037029910);0,6462502;1,362626;;;-0,5868716;0,3771915;4,653304
0,4555556;0,730075765;0,06300785;(-0.523877900, 0.378493000, 4.653006000);(-0.062165520, 1.617197000, -0.036992480);0,7092546;1,301102;;;-0,5238779;0,378493;4,653006
0,4666667;0,792722225;0,06264646;(-0.461306400, 0.375435100, 4.652805000);(-0.062258820, 1.617060000, -0.036931330);0,7717994;1,239226;;;-0,4613064;0,3754351;4,652805
0,4777778;0,849260005;0,05653778;(-0.404965300, 0.370725500, 4.652667000);(-0.062288610, 1.616982000, -0.036836440);0,8281279;1,183159;;;-0,4049653;0,3707255;4,652667
0,4888889;0,905678725;0,05641872;(-0.348782400, 0.365573500, 4.652539000);(-0.062333970, 1.616870000, -0.036758480);0,8843274;1,127197;;;-0,3487824;0,3655735;4,652539
0,5;0,967695865;0,06201714;(-0.287051200, 0.359627100, 4.652405000);(-0.062340660, 1.616795000, -0.036604040);0,9461104;1,065699;;;-0,2870512;0,3596271;4,652405
0,5111111;1,043087395;0,07539153;(-0.212766500, 0.346756200, 4.652368000);(-0.062418980, 1.616712000, -0.036486320);1,020614;0,9904419;;;-0,2127665;0,3467562;4,652368
0,5222223;1,124956285;0,08186889;(-0.131818100, 0.334514200, 4.652287000);(-0.062395700, 1.616638000, -0.036301190);1,101879;0,9088836;;;-0,1318181;0,3345142;4,652287
0,5333334;1,203643465;0,07868718;(-0.053761050, 0.324576300, 4.652171000);(-0.062370700, 1.616523000, -0.036055740);1,180245;0,8307597;;;-0,05376105;0,3245763;4,652171
0,5444446;1,279585955;0,07594249;(0.021840020, 0.317385200, 4.652004000);(-0.062265440, 1.616508000, -0.035864170);1,256077;0,7558453;;;0,02184002;0,3173852;4,652004
0,5555557;1,346379015;0,06679306;(0.088327480, 0.311004800, 4.651858000);(-0.062176160, 1.616377000, -0.035713840);1,322781;0,6901318;;;0,08832748;0,3110048;4,651858
0,5666668;1,408166795;0,06178778;(0.149878800, 0.305606800, 4.651713000);(-0.062083490, 1.616312000, -0.035478410);1,384517;0,6296512;;;0,1498788;0,3056068;4,651713
0,577778;1,469663955;0,06149716;(0.210833000, 0.297452600, 4.651630000);(-0.061889170, 1.616260000, -0.035174300);1,445797;0,5691398;;;0,210833;0,2974526;4,65163
0,5888891;1,528671805;0,05900785;(0.269441000, 0.290596100, 4.651529000);(-0.061733780, 1.616185000, -0.034891600);1,504683;0,5115113;;;0,269441;0,2905961;4,651529
0,6000003;1,588298135;0,05962633;(0.328707600, 0.284057100, 4.651418000);(-0.061559110, 1.616080000, -0.034535040);1,564218;0,4537409;;;0,3287076;0,2840571;4,651418
0,6111114;1,646884475;0,05858634;(0.386934000, 0.277574100, 4.651310000);(-0.061316950, 1.615973000, -0.034215140);1,622718;0,3974947;;;0,386934;0,2775741;4,65131
0,6222225;1,694368845;0,04748437;(0.433881500, 0.270453900, 4.651264000);(-0.061039970, 1.615811000, -0.033911760);1,670004;0,3518723;;;0,4338815;0,2704539;4,651264
0,6333337;1,744240445;0,0498716;(0.483021100, 0.261940600, 4.651239000);(-0.060994650, 1.615768000, -0.033612900);1,719576;0,3042245;;;0,4830211;0,2619406;4,651239
0,6444448;1,777249615;0,03300917;(0.515777800, 0.266009300, 4.651011000);(-0.060638500, 1.615577000, -0.033302600);1,75202;0,2779851;;;0,5157778;0,2660093;4,651011
0,655556;1,816416295;0,03916668;(0.554787400, 0.269504800, 4.650768000);(-0.060290330, 1.615304000, -0.032952840);1,79076;0,2480189;;;0,5547874;0,2695048;4,650768
0,6666671;1,846871215;0,03045492;(0.584523000, 0.276079400, 4.650498000);(-0.059898890, 1.615140000, -0.032645220);1,820094;0,2297475;;;0,584523;0,2760794;4,650498
0,6777782;1,878526605;0,03165539;(0.616177600, 0.276243500, 4.650359000);(-0.059462230, 1.614864000, -0.032320910);1,851698;0,2081169;;;0,6161776;0,2762435;4,650359
0,6888894;1,903453725;0,02492712;(0.641002200, 0.273986000, 4.650302000);(-0.059054310, 1.614665000, -0.032026820);1,876606;0,19114;;;0,6410022;0,273986;4,650302
0,7000005;1,922881325;0,0194276;(0.658475400, 0.265494300, 4.650413000);(-0.058600530, 1.614423000, -0.031845140);1,89451;0,1744071;;;0,6584754;0,2654943;4,650413
0,7111117;1,944477945;0,02159662;(0.676610600, 0.253768500, 4.650590000);(-0.058193810, 1.614087000, -0.031704360);1,913299;0,1551303;;;0,6766106;0,2537685;4,65059
0,7222228;1,963792845;0,0193149;(0.683558600, 0.235750200, 4.650952000);(-0.057796940, 1.613771000, -0.031569830);1,921417;0,1360031;;;0,6835586;0,2357502;4,650952
0,7333339;1,972759351;0,008966506;(0.685463200, 0.226990200, 4.651135000);(-0.057466410, 1.613378000, -0.031414680);1,923952;0,1274732;;;0,6854632;0,2269902;4,651135
0,7444451;1,978313626;0,005554275;(0.690835800, 0.228398200, 4.651082000);(-0.057095900, 1.613092000, -0.031358770);1,929206;0,1260426;;;0,6908358;0,2283982;4,651082
0,7555562;1,992680586;0,01436696;(0.695950100, 0.241820400, 4.650767000);(-0.056744420, 1.612841000, -0.031296780);1,933364;0,1358565;;;0,6959501;0,2418204;4,650767
0,7666674;2,008921646;0,01624106;(0.706843500, 0.253862400, 4.650459000);(-0.056399850, 1.612646000, -0.031249400);1,943471;0,1432499;;;0,7068435;0,2538624;4,650459
0,7777785;2,019885526;0,01096388;(0.717725400, 0.252524300, 4.650442000);(-0.056055780, 1.612485000, -0.031196230);1,954414;0,138995;;;0,7177254;0,2525243;4,650442
0,7888896;2,029247172;0,009361646;(0.725979800, 0.248108300, 4.650502000);(-0.055602000, 1.612283000, -0.031040720);1,962924;0,1329247;;;0,7259798;0,2481083;4,650502
0,8000008;2,038114833;0,008867661;(0.728077100, 0.239494000, 4.650681000);(-0.055288000, 1.612226000, -0.030967590);1,965574;0,1240694;;;0,7280771;0,239494;4,650681
0,8111119;2,051179743;0,01306491;(0.728706800, 0.226447300, 4.650962000);(-0.055000440, 1.612316000, -0.030866140);1,967118;0,111139;;;0,7287068;0,2264473;4,650962
0,8222231;2,058532018;0,007352275;(0.731189300, 0.219528300, 4.651102000);(-0.054699250, 1.612269000, -0.030794970);1,970113;0,1038686;;;0,7311893;0,2195283;4,651102
0,8333342;2,064672009;0,006139991;(0.735415600, 0.215075000, 4.651181000);(-0.054546960, 1.612143000, -0.030750920);1,974673;0,09875265;;;0,7354156;0,215075;4,651181
0,8444453;2,075204949;0,01053294;(0.739490300, 0.205364000, 4.651375000);(-0.054277480, 1.612142000, -0.030668790);1,979523;0,08855958;;;0,7394903;0,205364;4,651375
0,8555565;2,089175479;0,01397053;(0.743646800, 0.192028900, 4.651648000);(-0.054011390, 1.612160000, -0.030462080);1,984823;0,07483957;;;0,7436468;0,1920289;4,651648
0,8666676;2,103689129;0,01451365;(0.749915100, 0.178941200, 4.651906000);(-0.053816580, 1.612135000, -0.030370530);1,992284;0,06141405;;;0,7499151;0,1789412;4,651906
0,8777788;2,120698569;0,01700944;(0.757199200, 0.163573400, 4.652209000);(-0.053700990, 1.612106000, -0.030414220);2,001068;0,04648124;;;0,7571992;0,1635734;4,652209
0,8888899;2,130989629;0,01029106;(0.761123700, 0.154061900, 4.652400000);(-0.053549350, 1.612065000, -0.030397110);2,005977;0,03795784;;;0,7611237;0,1540619;4,6524
0,900001;2,138857022;0,007867393;(0.762539300, 0.146324600, 4.652562000);(-0.053476360, 1.612029000, -0.030354910);2,008235;0,0310909;;;0,7625393;0,1463246;4,652562
0,9111122;2,143536393;0,004679371;(0.764452800, 0.142055200, 4.652647000);(-0.053355960, 1.612007000, -0.030320100);2,010618;0,02806558;;;0,7644528;0,1420552;4,652647
0,9222233;2,147935144;0,004398751;(0.768611300, 0.140621600, 4.652660000);(-0.053117440, 1.611922000, -0.030305800);2,014913;0,02916145;;;0,7686113;0,1406216;4,65266
0,9333345;2,150651180;0,002716036;(0.771316400, 0.140864600, 4.652643000);(-0.053024470, 1.611906000, -0.030174550);2,017573;0,03107127;;;0,7713164;0,1408646;4,652643
0,9444456;2,152275044;0,001623864;(0.771957600, 0.139372900, 4.652673000);(-0.052879720, 1.611918000, -0.030090560);2,018381;0,03041041;;;0,7719576;0,1393729;4,652673
0,9555568;2,154017757;0,001742713;(0.772668700, 0.137782200, 4.652704000);(-0.052740560, 1.611964000, -0.030011530);2,01927;0,02980714;;;0,7726687;0,1377822;4,652704
0,9666679;2,156741310;0,002723553;(0.774577600, 0.135839900, 4.652739000);(-0.052490660, 1.612050000, -0.029942090);2,021391;0,03001296;;;0,7745776;0,1358399;4,652739
0,977779;2,162515793;0,005774483;(0.778276900, 0.131406700, 4.652819000);(-0.052389320, 1.612077000, -0.029773350);2,025585;0,03078741;;;0,7782769;0,1314067;4,652819
0,9888902;2,169730539;0,007214746;(0.778231600, 0.124193800, 4.652977000);(-0.052246360, 1.612073000, -0.029679710);2,026405;0,02823776;;;0,7782316;0,1241938;4,652977
1,000001;2,165475423;0,004255116;(0.776009700, 0.120566000, 4.653065000);(-0.052105230, 1.612022000, -0.029655870);2,024645;0,02540188;;;0,7760097;0,120566;4,653065
1,011112;2,158833018;0,006642405;(0.769451700, 0.121621800, 4.653070000);(-0.051901010, 1.611950000, -0.029560800);2,018007;0,01910362;;;0,7694517;0,1216218;4,65307
1,022224;2,150812163;0,008020855;(0.761436300, 0.121328700, 4.653111000);(-0.051850870, 1.611993000, -0.029530930);2,01009;0,01130006;;;0,7614363;0,1213287;4,653111
1,033335;2,147657604;0,003154559;(0.758922100, 0.123233700, 4.653080000);(-0.051814160, 1.611846000, -0.029520560);2,007359;0,009925304;;;0,7589221;0,1232337;4,65308
1,044446;2,151698365;0,004040761;(0.760437500, 0.126978500, 4.652992000);(-0.051621900, 1.611813000, -0.029451060);2,008405;0,0134946;;;0,7604375;0,1269785;4,652992
1,055557;2,146645567;0,005052798;(0.760352300, 0.132029400, 4.652883000);(-0.051434630, 1.611808000, -0.029391460);2,007713;0,01735824;;;0,7603523;0,1320294;4,652883
1,066668;2,135954407;0,01069116;(0.761421700, 0.142664300, 4.652646000);(-0.051067260, 1.611759000, -0.029405290);2,007538;0,027281;;;0,7614217;0,1426643;4,652646
1,077779;2,143687237;0,00773283;(0.763685200, 0.150056400, 4.652475000);(-0.050837440, 1.611752000, -0.029372390);2,00896;0,03498168;;;0,7636852;0,1500564;4,652475
