time;total distance traveled;distance to prev position;controller position;controller rotation;camera position;tracker distance to hmd;distance to prev target;distance to current target
(-2.402433000, 0.007358193, 4.083012000);(-1.852672000, 1.847713000, 4.640557000)

0;0,00009903712;0,00009903712;(-0.238002000, 1.197709000, 0.460501000);(15.46, 329.09, 13.46);(-0.099381450, 1.607703000, -0.034096760);0,657220000;4,384551;4,527973;;;-0,238002;1,197709;0,460501
0,01111111;0,00003201779;0,00006701933;(-0.238040200, 1.197703000, 0.460555800);(15.52, 328.97, 13.47);(-0.099362790, 1.607711000, -0.033851310);0,657096600;4,384485;4,527909;;;-0,2380402;1,197703;0,4605558
0,02222222;-0,00035845731;0,0003904751;(-0.237740900, 1.197640000, 0.460798400);(15.54, 328.94, 13.46);(-0.099371060, 1.607712000, -0.033676850);0,657123400;4,384415;4,527802;;;-0,2377409;1,19764;0,4607984
0,03333334;-0,00072885011;0,0003703928;(-0.237700400, 1.197729000, 0.461155500);(15.58, 328.95, 13.57);(-0.099242570, 1.607736000, -0.033541600);0,657268300;4,384164;4,527473;;;-0,2377004;1,197729;0,4611555
0,04444445;-0,00112937701;0,0004005269;(-0.237598700, 1.197907000, 0.461499800);(15.58, 328.97, 13.59);(-0.099237620, 1.607726000, -0.033359810);0,657253400;4,383978;4,527166;;;-0,2375987;1,197907;0,4614998
0,05555556;-0,00136833041;0,0002389534;(-0.237518900, 1.197869000, 0.461721800);(15.52, 329.02, 13.56);(-0.099206180, 1.607668000, -0.033230710);0,657300600;4,383824;4,526995;;;-0,2375189;1,197869;0,4617218
0,06666667;-0,00168972271;0,0003213923;(-0.237401600, 1.197944000, 0.462011300);(15.45, 329.09, 13.58);(-0.099214780, 1.607645000, -0.033083070);0,657319400;4,383663;4,526759;;;-0,2374016;1,197944;0,4620113
0,07777778;-0,00135318951;0,0003365332;(-0.237249400, 1.197688000, 0.461855900);(15.42, 329.18, 13.57);(-0.099116830, 1.607678000, -0.032940730);0,657264400;4,383797;4,526993;;;-0,2372494;1,197688;0,4618559
0,08888889;-0,00155181631;0,0001986268;(-0.237206600, 1.197527000, 0.461964300);(15.42, 329.21, 13.57);(-0.099079550, 1.607635000, -0.032763470);0,657284900;4,383685;4,526932;;;-0,2372066;1,197527;0,4619643
0,1;-0,00165475391;0,0001029376;(-0.237190300, 1.197501000, 0.462062500);(15.47, 329.21, 13.62);(-0.099015710, 1.607639000, -0.032615050);0,657275900;4,383605;4,526851;;;-0,2371903;1,197501;0,4620625
0,1111111;-0,00192819791;0,000273444;(-0.236977100, 1.197452000, 0.462226600);(15.50, 329.20, 13.67);(-0.099003780, 1.607623000, -0.032446430);0,657250500;4,383561;4,526783;;;-0,2369771;1,197452;0,4622266
0,1222222;-0,00207266691;0,000144469;(-0.237093800, 1.197492000, 0.462301800);(15.52, 329.15, 13.63);(-0.098950420, 1.607615000, -0.032298490);0,657201800;4,383452;4,526666;;;-0,2370938;1,197492;0,4623018
0,1333333;-0,00241154041;0,0003388735;(-0.237288500, 1.197607000, 0.462553900);(15.52, 329.11, 13.57);(-0.098862830, 1.607622000, -0.032162710);0,657281100;4,383179;4,526347;;;-0,2372885;1,197607;0,4625539
0,1444445;-0,00265467141;0,000243131;(-0.237498300, 1.197708000, 0.462624600);(15.51, 329.08, 13.47);(-0.098882360, 1.607566000, -0.032025740);0,657173800;4,383045;4,526192;;;-0,2374983;1,197708;0,4626246
0,1555556;-0,00256541994;0,00008925147;(-0.237543400, 1.197783000, 0.462609000);(15.49, 329.01, 13.37);(-0.098865580, 1.607660000, -0.031724740);0,656960200;4,383056;4,52618;;;-0,2375434;1,197783;0,462609
0,1666667;-0,00275192844;0,0001865085;(-0.237538400, 1.197786000, 0.462795400);(15.47, 328.96, 13.36);(-0.098888950, 1.607662000, -0.031582040);0,656986100;4,382905;4,526009;;;-0,2375384;1,197786;0,4627954
0,1777778;-0,00306846304;0,0003165346;(-0.237529900, 1.197663000, 0.463087000);(15.42, 328.95, 13.43);(-0.098929060, 1.607621000, -0.031372770);0,657088900;4,382635;4,52576;;;-0,2375299;1,197663;0,463087
0,1888889;-0,00333219724;0,0002637342;(-0.237419300, 1.197659000, 0.463326400);(15.42, 328.99, 13.61);(-0.098959070, 1.607638000, -0.031152050);0,657086300;4,382491;4,525579;;;-0,2374193;1,197659;0,4633264
0,2;-0,00365027254;0,0003180753;(-0.237410000, 1.197799000, 0.463612000);(15.43, 329.06, 13.72);(-0.099009440, 1.607673000, -0.030966680);0,657084400;4,382297;4,525299;;;-0,23741;1,197799;0,463612
0,2111111;-0,00413863734;0,0004883648;(-0.237638400, 1.198227000, 0.463664800);(15.42, 329.19, 13.86);(-0.099034980, 1.607715000, -0.030771540);0,656778900;4,382257;4,525107;;;-0,2376384;1,198227;0,4636648
0,2222222;-0,00533123034;0,001192593;(-0.238273300, 1.199183000, 0.463990700);(15.34, 329.22, 13.80);(-0.099044280, 1.607782000, -0.030597430);0,656471800;4,381934;4,524443;;;-0,2382733;1,199183;0,4639907
0,2333333;-0,00707666834;0,001745438;(-0.238860600, 1.200680000, 0.464668100);(15.16, 329.17, 13.40);(-0.099062530, 1.607960000, -0.030399190);0,656134300;4,381493;4,523394;;;-0,2388606;1,20068;0,4646681
0,2444444;-0,00891027334;0,001833605;(-0.239367800, 1.202307000, 0.465345300);(14.92, 329.11, 12.79);(-0.098967150, 1.608255000, -0.030186820);0,655788100;4,381126;4,522355;;;-0,2393678;1,202307;0,4653453
0,2555556;-0,01154728134;0,002637008;(-0.239645800, 1.204671000, 0.466481100);(14.67, 329.10, 12.09);(-0.098958780, 1.608481000, -0.029979870);0,655232400;4,380696;4,52087;;;-0,2396458;1,204671;0,4664811
0,2666667;-0,01452552334;0,002978242;(-0.239557300, 1.207315000, 0.467847800);(14.39, 329.11, 11.17);(-0.098983940, 1.608734000, -0.029763030);0,654610200;4,380336;4,519265;;;-0,2395573;1,207315;0,4678478
0,2777778;-0,01699050634;0,002464983;(-0.239479900, 1.209566000, 0.468849800);(14.15, 329.20, 10.81);(-0.098977390, 1.609071000, -0.029679580);0,654123200;4,380164;4,518049;;;-0,2394799;1,209566;0,4688498
0,2888889;-0,02067860234;0,003688096;(-0.238851700, 1.212736000, 0.470627400);(13.91, 329.26, 10.87);(-0.098918210, 1.609251000, -0.029383110);0,653311500;4,379879;4,516185;;;-0,2388517;1,212736;0,4706274
0,3;-0,02416906634;0,003490464;(-0.238347100, 1.215695000, 0.472407900);(13.61, 329.32, 11.54);(-0.098876250, 1.609507000, -0.029129730);0,652748000;4,379476;4,514307;;;-0,2383471;1,215695;0,4724079
0,3111111;-0,02991724934;0,005748183;(-0.236971800, 1.220495000, 0.475256800);(13.34, 329.41, 12.22);(-0.098559360, 1.609805000, -0.029125850);0,652014300;4,379135;4,511498;;;-0,2369718;1,220495;0,4752568
0,3222222;-0,03500910034;0,005091851;(-0.235418500, 1.224694000, 0.477681000);(12.83, 329.72, 12.81);(-0.098472100, 1.609951000, -0.028912710);0,651009900;4,379072;4,509235;;;-0,2354185;1,224694;0,477681
0,3333333;-0,04049707734;0,005487977;(-0.234333600, 1.229418000, 0.480255200);(12.34, 330.13, 12.61);(-0.098384380, 1.610059000, -0.028745580);0,649962700;4,378806;4,506598;;;-0,2343336;1,229418;0,4802552
0,3444445;-0,04745953734;0,00696246;(-0.232910200, 1.235534000, 0.483263000);(11.86, 330.50, 12.50);(-0.098227900, 1.610072000, -0.028562950);0,648370000;4,378748;4,503497;;;-0,2329102;1,235534;0,483263
0,3555556;-0,05365781434;0,006198277;(-0.231627700, 1.240985000, 0.485920500);(11.30, 330.86, 12.08);(-0.098097250, 1.610078000, -0.028385920);0,646971000;4,378733;4,500768;;;-0,2316277;1,240985;0,4859205
0,3666667;-0,04747328434;0,00618453;(-0.229829700, 1.246450000, 0.488189300);(10.80, 331.09, 12.14);(-0.097897230, 1.610205000, -0.028256340);0,645321400;4,379304;4,498588;;;-0,2298297;1,24645;0,4881893
0,3777778;-0,04035641334;0,007116871;(-0.228170400, 1.252755000, 0.491043000);(10.23, 331.32, 12.51);(-0.097733750, 1.610500000, -0.027984190);0,643727000;4,379574;4,495715;;;-0,2281704;1,252755;0,491043
0,3888889;-0,03339480134;0,006961612;(-0.226649700, 1.258967000, 0.493792500);(9.65, 331.63, 12.82);(-0.097565320, 1.610578000, -0.027666430);0,642037700;4,379847;4,492909;;;-0,2266497;1,258967;0,4937925
0,4;-0,02584340434;0,007551397;(-0.224892300, 1.265726000, 0.496665200);(9.09, 331.90, 13.04);(-0.097514330, 1.610617000, -0.027458710);0,640219200;4,380303;4,490013;;;-0,2248923;1,265726;0,4966652
0,4111111;-0,01885669334;0,006986711;(-0.223085400, 1.271957000, 0.499258600);(8.46, 332.10, 13.19);(-0.097323730, 1.610623000, -0.027317330);0,638586800;4,380874;4,487472;;;-0,2230854;1,271957;0,4992586
0,4222222;-0,01082598334;0,00803071;(-0.221342500, 1.279337000, 0.501901800);(7.87, 332.33, 13.31);(-0.097246440, 1.610692000, -0.027080040);0,636410000;4,381716;4,484725;;;-0,2213425;1,279337;0,5019018
0,4333333;-0,00267409434;0,008151889;(-0.219615000, 1.286707000, 0.504927600);(7.23, 332.53, 13.42);(-0.097122970, 1.610818000, -0.026864810);0,634708900;4,38225;4,481633;;;-0,219615;1,286707;0,5049276
0,4444444;0,00525830066;0,007932395;(-0.217874800, 1.294072000, 0.507304500);(6.63, 332.75, 13.56);(-0.097041880, 1.610860000, -0.026627940);0,632486300;4,383333;4,479158;;;-0,2178748;1,294072;0,5073045
0,4555556;0,01315238966;0,007894089;(-0.215615500, 1.301193000, 0.509856200);(5.98, 332.94, 13.82);(-0.096970480, 1.610989000, -0.026375160);0,630551200;4,384475;4,476755;;;-0,2156155;1,301193;0,5098562
0,4666667;0,02093158466;0,007779195;(-0.213912400, 1.308427000, 0.512154400);(5.37, 333.16, 13.95);(-0.096895860, 1.610979000, -0.026149500);0,628491700;4,385593;4,47438;;;-0,2139124;1,308427;0,5121544
0,4777778;0,02886223366;0,007930649;(-0.211901700, 1.315731000, 0.514500200);(4.75, 333.35, 14.04);(-0.096862630, 1.610993000, -0.025943920);0,626493000;4,38686;4,472078;;;-0,2119017;1,315731;0,5145002
0,4888889;0,03677800866;0,007915775;(-0.209783600, 1.323057000, 0.516620500);(4.14, 333.59, 14.08);(-0.096835090, 1.611024000, -0.025765460);0,624391400;4,388385;4,470034;;;-0,2097836;1,323057;0,5166205
0,5;0,04463415366;0,007856145;(-0.207761600, 1.330340000, 0.518764700);(3.50, 333.88, 13.92);(-0.096807240, 1.611103000, -0.025543730);0,622423200;4,389843;4,46795;;;-0,2077616;1,33034;0,5187647
0,5111111;0,05237973066;0,007745577;(-0.205576700, 1.337536000, 0.520617600);(2.85, 334.16, 13.95);(-0.096787300, 1.611105000, -0.025386380);0,620318700;4,391606;4,466218;;;-0,2055767;1,337536;0,5206176
0,5222223;0,06004276066;0,00766303;(-0.203540600, 1.344676000, 0.522512200);(2.15, 334.45, 14.23);(-0.096740900, 1.611215000, -0.025153200);0,618374100;4,393257;4,464412;;;-0,2035406;1,344676;0,5225122
0,5333334;0,06754615966;0,007503399;(-0.201297100, 1.351628000, 0.524227800);(1.45, 334.76, 14.31);(-0.096698840, 1.611300000, -0.024978920);0,616440200;4,395112;4,462882;;;-0,2012971;1,351628;0,5242278
0,5444446;0,07457961366;0,007033454;(-0.199544600, 1.358279000, 0.525699200);(0.82, 335.05, 14.34);(-0.096554800, 1.611371000, -0.024776030);0,614561300;4,396837;4,461439;;;-0,1995446;1,358279;0,5256992
0,5555557;0,08141868966;0,006839076;(-0.197782800, 1.364774000, 0.526914800);(0.31, 335.23, 14.44);(-0.096453460, 1.611422000, -0.024575160);0,612571400;4,398737;4,460263;;;-0,1977828;1,364774;0,5269148
0,5666668;0,08788586666;0,006467177;(-0.196029300, 1.370880000, 0.528126900);(359.86, 335.28, 14.56);(-0.096339290, 1.611465000, -0.024380970);0,610806100;4,400525;4,459139;;;-0,1960293;1,37088;0,5281269
0,577778;0,09447373766;0,006587871;(-0.194069900, 1.377006000, 0.529555100);(359.51, 335.35, 14.78);(-0.095825600, 1.611488000, -0.024301100);0,609418100;4,402256;4,457899;;;-0,1940699;1,377006;0,5295551
0,5888891;0,10102597966;0,006552242;(-0.192116300, 1.383143000, 0.530756500);(359.12, 335.56, 14.92);(-0.095688780, 1.611577000, -0.024119540);0,607756300;4,404181;4,456875;;;-0,1921163;1,383143;0,5307565
0,6000003;0,10740933566;0,006383356;(-0.190257700, 1.389106000, 0.532077300);(358.66, 335.86, 14.71);(-0.095553590, 1.611668000, -0.023955270);0,606362000;4,405914;4,455732;;;-0,1902577;1,389106;0,5320773
0,6111114;0,11378569566;0,00637636;(-0.188550000, 1.395106000, 0.533396800);(358.18, 336.22, 14.51);(-0.095435650, 1.611816000, -0.023823310);0,605085100;4,407595;4,45454;;;-0,18855;1,395106;0,5333968
0,6222225;0,11997282266;0,006187127;(-0.186831600, 1.400931000, 0.534578600);(357.66, 336.46, 14.37);(-0.095309450, 1.611929000, -0.023681570);0,603780500;4,409344;4,453505;;;-0,1868316;1,400931;0,5345786
0,6333337;0,12568169066;0,005708868;(-0.184946100, 1.406227000, 0.535570300);(357.14, 336.63, 14.25);(-0.095078140, 1.612269000, -0.023322090);0,602403600;4,41117;4,452768;;;-0,1849461;1,406227;0,5355703
0,6444448;0,13073589166;0,005054201;(-0.183234600, 1.410902000, 0.536440700);(356.63, 336.71, 14.41);(-0.094919930, 1.612454000, -0.023161930);0,601313200;4,412816;4,452145;;;-0,1832346;1,410902;0,5364407
0,655556;0,13528390766;0,004548016;(-0.181450700, 1.415037000, 0.537078500);(356.23, 336.78, 14.76);(-0.094786260, 1.612601000, -0.022974300);0,600167800;4,414518;4,451823;;;-0,1814507;1,415037;0,5370785
0,6666671;0,13960096666;0,004317059;(-0.179762000, 1.418933000, 0.537857800);(355.98, 336.88, 15.03);(-0.094569430, 1.612727000, -0.022951050);0,599433500;4,415986;4,451362;;;-0,179762;1,418933;0,5378578
0,6777782;0,14396377966;0,004362813;(-0.178125600, 1.422901000, 0.538640200);(355.81, 337.03, 15.13);(-0.094412340, 1.612843000, -0.022788090);0,598571400;4,417451;4,450876;;;-0,1781256;1,422901;0,5386402
0,6888894;0,14798216066;0,004018381;(-0.176561500, 1.426536000, 0.539339100);(355.59, 337.19, 15.10);(-0.094246300, 1.612978000, -0.022641940);0,597795500;4,418845;4,450475;;;-0,1765615;1,426536;0,5393391
0,7000005;0,15143727466;0,003455114;(-0.175073000, 1.429585000, 0.539992000);(355.38, 337.33, 15.06);(-0.094101530, 1.613074000, -0.022505030);0,597183000;4,420051;4,450147;;;-0,175073;1,429585;0,539992
0,7111117;0,15476027666;0,003323002;(-0.173766000, 1.432577000, 0.540609400);(355.22, 337.42, 15.14);(-0.093877460, 1.613132000, -0.022364300);0,596591700;4,421179;4,449791;;;-0,173766;1,432577;0,5406094
0,7222228;0,15758395866;0,002823682;(-0.172471300, 1.435022000, 0.541175300);(355.03, 337.53, 15.25);(-0.093710440, 1.613226000, -0.022214940);0,596128000;4,422167;4,449531;;;-0,1724713;1,435022;0,5411753
0,7333339;0,16030860366;0,002724645;(-0.171152100, 1.437369000, 0.541592700);(354.82, 337.65, 15.37);(-0.093440090, 1.613270000, -0.022055680);0,595550200;4,423256;4,449428;;;-0,1711521;1,437369;0,5415927
0,7444451;0,16228592866;0,001977325;(-0.170173100, 1.439023000, 0.542056200);(354.60, 337.74, 15.51);(-0.093251500, 1.613343000, -0.021921210);0,595294100;4,423914;4,449218;;;-0,1701731;1,439023;0,5420562
0,7555562;0,16393454666;0,001648618;(-0.169123500, 1.440285000, 0.542206300);(354.49, 337.78, 15.82);(-0.093073270, 1.613378000, -0.021794730);0,594846200;4,424733;4,449361;;;-0,1691235;1,440285;0,5422063
0,7666674;0,16530920066;0,001374654;(-0.168157700, 1.441184000, 0.542593200);(354.44, 337.81, 15.95);(-0.092773940, 1.613405000, -0.021746090);0,594829300;4,425201;4,449288;;;-0,1681577;1,441184;0,5425932
0,7777785;0,16629797796;0,0009887773;(-0.167568100, 1.441908000, 0.542917900);(354.46, 337.94, 15.95);(-0.092480950, 1.613470000, -0.021659960);0,594827500;4,425474;4,449146;;;-0,1675681;1,441908;0,5429179
0,7888896;0,16755161496;0,001253637;(-0.167049200, 1.442995000, 0.543264900);(354.45, 338.00, 16.17);(-0.092314160, 1.613441000, -0.021514530);0,594653600;4,425811;4,448924;;;-0,1670492;1,442995;0,5432649
0,8000008;0,16817769436;0,0006260794;(-0.166773900, 1.443545000, 0.543381000);(354.40, 337.98, 16.32);(-0.092124310, 1.613457000, -0.021376540);0,594469100;4,426036;4,448872;;;-0,1667739;1,443545;0,543381
0,8111119;0,16879035846;0,0006126641;(-0.166657000, 1.444114000, 0.543576500);(354.37, 337.85, 16.34);(-0.091917180, 1.613480000, -0.021349120);0,594484400;4,426123;4,448684;;;-0,166657;1,444114;0,5435765
0,8222231;0,16937694596;0,0005865875;(-0.166244300, 1.444495000, 0.543745300);(354.40, 337.77, 16.31);(-0.091720750, 1.613493000, -0.021146710);0,594320500;4,426321;4,448651;;;-0,1662443;1,444495;0,5437453
0,8333342;0,16992072686;0,0005437809;(-0.165767400, 1.444349000, 0.543961400);(354.46, 337.78, 16.23);(-0.091554920, 1.613519000, -0.021005920);0,594402300;4,426341;4,448646;;;-0,1657674;1,444349;0,5439614
0,8444453;0,16965337516;0,0002673517;(-0.165577800, 1.444236000, 0.544112600);(354.59, 337.91, 16.06);(-0.091318660, 1.613738000, -0.020801120);0,594451700;4,426279;4,448588;;;-0,1655778;1,444236;0,5441126
0,8555565;0,16923741106;0,0004159641;(-0.165745700, 1.444338000, 0.544479300);(354.72, 337.98, 15.91);(-0.091139920, 1.613797000, -0.020522410);0,594566600;4,425934;4,448178;;;-0,1657457;1,444338;0,5444793
0,8666676;0,16901262926;0,0002247818;(-0.165735000, 1.444474000, 0.544657600);(354.74, 337.96, 15.82);(-0.090981880, 1.613871000, -0.020388360);0,594609300;4,425841;4,448006;;;-0,165735;1,444474;0,5446576
0,8777788;0,16854999506;0,0004626342;(-0.165542200, 1.444763000, 0.544963100);(354.62, 337.82, 16.00);(-0.090942430, 1.613901000, -0.020066670);0,594501000;4,425788;4,447772;;;-0,1655422;1,444763;0,5449631
0,8888899;0,16801711116;0,0005328839;(-0.165377400, 1.444879000, 0.545456500);(354.47, 337.75, 16.21);(-0.090705830, 1.613934000, -0.019913070);0,594809500;4,425515;4,447369;;;-0,1653774;1,444879;0,5454565
0,900001;0,16712489176;0,0008922194;(-0.164904600, 1.444149000, 0.545657300);(354.32, 337.81, 16.44);(-0.090532890, 1.613960000, -0.019662430);0,594939800;4,425357;4,44743;;;-0,1649046;1,444149;0,5456573
0,9111122;0,16636603776;0,000758854;(-0.164797400, 1.443439000, 0.545901400);(354.36, 337.94, 16.21);(-0.090207420, 1.614072000, -0.019400530);0,595185500;4,424985;4,44731;;;-0,1647974;1,443439;0,5459014
0,9222233;0,16579307026;0,0005729675;(-0.164787100, 1.442920000, 0.546144100);(354.53, 338.01, 15.83);(-0.090021380, 1.614105000, -0.019152570);0,595360800;4,424628;4,447138;;;-0,1647871;1,44292;0,5461441
0,9333345;0,16538414466;0,0004089256;(-0.164784100, 1.442602000, 0.546400800);(354.72, 338.07, 15.67);(-0.089810920, 1.614186000, -0.018810560);0,595420800;4,424321;4,446931;;;-0,1647841;1,442602;0,5464008
