time;total distance traveled;distance to prev position;ray position;hmd position;distance to prev target;distance to current target
(-2.328297000, 0.876318600, 4.095722000);(-3.367719000, 2.360886000, 3.249755000);0,2555556;0,2555556

0;-0,004017173;0,004017173;(-2.322329000, 0.880273300, 4.098444000);(0.044569910, 1.548895000, -0.239752100);0,007659944;2,001332;;;-2,322329;0,8802733;4,098444
0,01111111;0,003867771;0,007884944;(-2.326919000, 0.885625200, 4.094914000);(0.044756210, 1.548946000, -0.239727200);0,009442825;1,993478;;;-2,326919;0,8856252;4,094914
0,02222222;0,012761755;0,008893984;(-2.332516000, 0.891163300, 4.090779000);(0.044914310, 1.548945000, -0.239686700);0,01620494;1,984705;;;-2,332516;0,8911633;4,090779
0,03333334;0,025880075;0,01311832;(-2.342149000, 0.897225900, 4.084257000);(0.045055390, 1.548969000, -0.239521000);0,02757622;1,972432;;;-2,342149;0,8972259;4,084257
0,04444445;0,035414987;0,009534912;(-2.350237000, 0.898639300, 4.079409000);(0.045270360, 1.548947000, -0.239555900);0,03529445;1,965137;;;-2,350237;0,8986393;4,079409
0,05555556;0,042604604;0,007189617;(-2.356408000, 0.896803700, 4.076209000);(0.045434870, 1.548985000, -0.239568400);0,03988279;1,961967;;;-2,356408;0,8968037;4,076209
0,06666667;0,032172144;0,01043246;(-2.359403000, 0.886810400, 4.076213000);(0.045595620, 1.548979000, -0.239569000);0,03818672;1,967901;;;-2,359403;0,8868104;4,076213
0,07777778;0,017678704;0,01449344;(-2.353796000, 0.874538100, 4.081506000);(0.045770350, 1.548960000, -0.239543600);0,02924796;1,982191;;;-2,353796;0,8745381;4,081506
0,08888889;0,010856952;0,006821752;(-2.349479000, 0.870320700, 4.084686000);(0.045994350, 1.548984000, -0.239572900);0,02462571;1,988897;;;-2,349479;0,8703207;4,084686
0,1;0,004988918;0,005868034;(-2.346888000, 0.865577900, 4.086973000);(0.046158050, 1.548999000, -0.239599900);0,02318486;1,994738;;;-2,346888;0,8655779;4,086973
0,1111111;-0,002009639;0,006998557;(-2.342056000, 0.870248000, 4.088926000);(0.046302470, 1.548957000, -0.239655100);0,01650242;1,994542;;;-2,342056;0,870248;4,088926
0,1222222;-0,005430308;0,003420669;(-2.342389000, 0.873566900, 4.088168000);(0.046471090, 1.548966000, -0.239701700);0,01622424;1,991572;;;-2,342389;0,8735669;4,088168
0,1333333;0,002090119;0,007520427;(-2.345546000, 0.879765400, 4.085310000);(0.046657060, 1.549009000, -0.239778400);0,02044081;1,984114;;;-2,345546;0,8797654;4,08531
0,1444445;0,006612771;0,004522652;(-2.348863000, 0.881863800, 4.083062000);(0.046815520, 1.548949000, -0.239809500);0,02477833;1,979893;;;-2,348863;0,8818638;4,083062
0,1555556;0,008180940;0,001568169;(-2.349466000, 0.883193900, 4.082491000);(0.046972640, 1.548897000, -0.239894700);0,02589288;1,978349;;;-2,349466;0,8831939;4,082491
0,1666667;0,006190122;0,001990818;(-2.348383000, 0.881761900, 4.083352000);(0.047151630, 1.548943000, -0.239972800);0,02420968;1,980338;;;-2,348383;0,8817619;4,083352
0,1777778;0,000573994;0,005616128;(-2.343579000, 0.881147400, 4.086194000);(0.047342370, 1.548970000, -0.240002700);0,01864472;1,98447;;;-2,343579;0,8811474;4,086194
0,1888889;-0,002289584;0,002863578;(-2.341205000, 0.882250300, 4.087357000);(0.047532830, 1.548928000, -0.240143900);0,0164861;1,985364;;;-2,341205;0,8822503;4,087357
0,2;0,001590857;0,003880441;(-2.340434000, 0.886047500, 4.087146000);(0.047685150, 1.548996000, -0.240206100);0,01776264;1,982849;;;-2,340434;0,8860475;4,087146
0,2111111;0,005738839;0,004147982;(-2.342697000, 0.889022400, 4.085348000);(0.047913320, 1.549089000, -0.240217800);0,02182623;1,978704;;;-2,342697;0,8890224;4,085348
0,2222222;0,011515469;0,00577663;(-2.346817000, 0.891908200, 4.082508000);(0.048163900, 1.549067000, -0.240276300);0,02758018;1,973224;;;-2,346817;0,8919082;4,082508
0,2333333;0,020437412;0,008921943;(-2.353298000, 0.896160200, 4.078089000);(0.048414570, 1.549165000, -0.240268800);0,03646458;1,964844;;;-2,353298;0,8961602;4,078089
0,2444444;0,031216932;0,01077952;(-2.359698000, 0.903337400, 4.073217000);(0.048749070, 1.549140000, -0.240458800);0,04714307;1,954136;;;-2,359698;0,9033374;4,073217
0,2555556;0,043792722;0,01257579;(-2.365494000, 0.913310500, 4.068209000);(0.049033050, 1.549216000, -0.240553500);0,05923693;1,941597;;;-2,365494;0,9133105;4,068209
0,2666667;0,065739982;0,02194726;(-2.370513000, 0.933711100, 4.061860000);(0.049120520, 1.549273000, -0.240577200);0,07888445;1,921136;;;-2,370513;0,9337111;4,06186
0,2777778;0,093363672;0,02762369;(-2.377555000, 0.959083000, 4.053508000);(0.049385850, 1.549370000, -0.240712700);0,1051584;1,895125;;;-2,377555;0,959083;4,053508
0,2888889;0,124261552;0,03089788;(-2.386470000, 0.986978600, 4.043658000);(0.049636880, 1.549461000, -0.240874300);0,1354269;1,865678;;;-2,38647;0,9869786;4,043658
0,3;0,168987902;0,04472635;(-2.403138000, 1.025257000, 4.027615000);(0.049901190, 1.549487000, -0.241032700);0,1800624;1,821919;;;-2,403138;1,025257;4,027615
0,3111111;0,217275582;0,04828768;(-2.421642000, 1.066260000, 4.010061000);(0.050138030, 1.549600000, -0.241234900);0,2283168;1,774595;;;-2,421642;1,06626;4,010061
0,3222222;0,262156662;0,04488108;(-2.441117000, 1.102788000, 3.992720000);(0.050365780, 1.549694000, -0.241408700);0,2731776;1,730145;;;-2,441117;1,102788;3,99272
0,3333333;0,311939282;0,04978262;(-2.467630000, 1.139132000, 3.971403000);(0.050594310, 1.549830000, -0.241595800);0,3223974;1,680363;;;-2,46763;1,139132;3,971403
0,3444445;0,356033542;0,04409426;(-2.489578000, 1.172740000, 3.953152000);(0.050913370, 1.549928000, -0.241832400);0,3663382;1,636335;;;-2,489578;1,17274;3,953152
0,3555556;0,400475262;0,04444172;(-2.515049000, 1.203343000, 3.933410000);(0.051153940, 1.550072000, -0.242046800);0,4100813;1,59196;;;-2,515049;1,203343;3,93341
0,3666667;0,442070302;0,04159504;(-2.537421000, 1.233497000, 3.915510000);(0.051337580, 1.550243000, -0.242240200);0,4514262;1,550365;;;-2,537421;1,233497;3,91551
0,3777778;0,480720792;0,03865049;(-2.558583000, 1.261145000, 3.898728000);(0.051567830, 1.550420000, -0.242480600);0,4898258;1,511721;;;-2,558583;1,261145;3,898728
0,3888889;0,515819222;0,03509843;(-2.579935000, 1.283909000, 3.882673000);(0.051726740, 1.550668000, -0.242739400);0,5242535;1,476844;;;-2,579935;1,283909;3,882673
0,4;0,551369602;0,03555038;(-2.603036000, 1.305090000, 3.865893000);(0.051941130, 1.550842000, -0.243029300);0,5587015;1,441899;;;-2,603036;1,30509;3,865893
0,4111111;0,594282562;0,04291296;(-2.631345000, 1.330071000, 3.845497000);(0.052062670, 1.550925000, -0.243325600);0,6002854;1,399905;;;-2,631345;1,330071;3,845497
0,4222222;0,640167422;0,04588486;(-2.661227000, 1.357320000, 3.823817000);(0.052253580, 1.551106000, -0.243654000);0,645087;1,354926;;;-2,661227;1,35732;3,823817
0,4333333;0,692076012;0,05190859;(-2.694490000, 1.388873000, 3.799475000);(0.052448850, 1.551327000, -0.244001600);0,6961113;1,303933;;;-2,69449;1,388873;3,799475
0,4444444;0,742803192;0,05072718;(-2.724506000, 1.422758000, 3.776583000);(0.052599910, 1.551544000, -0.244328600);0,7466106;1,253537;;;-2,724506;1,422758;3,776583
0,4555556;0,792096162;0,04929297;(-2.751396000, 1.458117000, 3.755219000);(0.052769280, 1.551653000, -0.244608500);0,7958927;1,204301;;;-2,751396;1,458117;3,755219
0,4666667;0,841786662;0,0496905;(-2.775987000, 1.496117000, 3.734713000);(0.052968330, 1.551868000, -0.244994600);0,8455197;1,154625;;;-2,775987;1,496117;3,734713
0,4777778;0,889571712;0,04778505;(-2.800015000, 1.532323000, 3.714834000);(0.053153110, 1.552033000, -0.245399300);0,8932723;1,106844;;;-2,800015;1,532323;3,714834
0,4888889;0,938203042;0,04863133;(-2.820993000, 1.571996000, 3.696099000);(0.053355050, 1.552200000, -0.245696500);0,9414959;1,058528;;;-2,820993;1,571996;3,696099
0,5;0,984867012;0,04666397;(-2.840735000, 1.610346000, 3.678293000);(0.053532070, 1.552360000, -0.246136400);0,9877426;1,012259;;;-2,840735;1,610346;3,678293
0,5111111;1,030998262;0,04613125;(-2.861980000, 1.646946000, 3.659932000);(0.053728020, 1.552469000, -0.246631300);1,03373;0,9662958;;;-2,86198;1,646946;3,659932
0,5222223;1,075284722;0,04428646;(-2.883647000, 1.681029000, 3.641761000);(0.053877810, 1.552650000, -0.247052200);1,077986;0,9220631;;;-2,883647;1,681029;3,641761
0,5333334;1,125470742;0,05018602;(-2.914069000, 1.713709000, 3.618844000);(0.054019280, 1.552840000, -0.247480400);1,127725;0,8722752;;;-2,914069;1,713709;3,618844
0,5444446;1,177234782;0,05176404;(-2.944074000, 1.748986000, 3.595720000);(0.054153210, 1.553153000, -0.247941800);1,179293;0,8207247;;;-2,944074;1,748986;3,59572
0,5555557;1,232387842;0,05515306;(-2.975624000, 1.787030000, 3.571243000);(0.054266430, 1.553428000, -0.248307300);1,234304;0,7657704;;;-2,975624;1,78703;3,571243
0,5666668;1,289365762;0,05697792;(-3.008135000, 1.826422000, 3.545988000);(0.054316710, 1.553726000, -0.248733600);1,291156;0,7090185;;;-3,008135;1,826422;3,545988
0,577778;1,344597452;0,05523169;(-3.039819000, 1.864424000, 3.521442000);(0.054405430, 1.554070000, -0.249121500);1,346259;0,65407;;;-3,039819;1,864424;3,521442
0,5888891;1,401551122;0,05695367;(-3.072142000, 1.903985000, 3.496265000);(0.054574470, 1.554445000, -0.249470700);1,403122;0,5974045;;;-3,072142;1,903985;3,496265
0,6000003;1,455560262;0,05400914;(-3.102529000, 1.941781000, 3.472493000);(0.054653830, 1.554720000, -0.249878100);1,457072;0,54368;;;-3,102529;1,941781;3,472493
0,6111114;1,504134292;0,04857403;(-3.128284000, 1.977353000, 3.451739000);(0.054681990, 1.554900000, -0.250327600);1,505646;0,4952019;;;-3,128284;1,977353;3,451739
0,6222225;1,539560432;0,03542614;(-3.140091000, 2.008502000, 3.439684000);(0.054733760, 1.555166000, -0.250761500);1,539882;0,4605021;;;-3,140091;2,008502;3,439684
0,6333337;1,571257742;0,03169731;(-3.146646000, 2.038233000, 3.430863000);(0.054812500, 1.555429000, -0.251176200);1,569006;0,4310203;;;-3,146646;2,038233;3,430863
0,6444448;1,600013642;0,0287559;(-3.150715000, 2.065816000, 3.423826000);(0.054826210, 1.555689000, -0.251566400);1,594591;0,4055343;;;-3,150715;2,065816;3,423826
0,655556;1,628541652;0,02852801;(-3.157505000, 2.092225000, 3.415440000);(0.055001710, 1.555914000, -0.251996200);1,621357;0,3792368;;;-3,157505;2,092225;3,41544
0,6666671;1,655439292;0,02689764;(-3.168773000, 2.114411000, 3.405227000);(0.055020940, 1.556283000, -0.252436800);1,648046;0,3528476;;;-3,168773;2,114411;3,405227
0,6777782;1,684640782;0,02920149;(-3.183541000, 2.136461000, 3.393044000);(0.055085520, 1.556567000, -0.252827700);1,677247;0,3237595;;;-3,183541;2,136461;3,393044
0,6888894;1,712921802;0,02828102;(-3.201581000, 2.153760000, 3.379811000);(0.055115470, 1.556826000, -0.253357400);1,704996;0,2956651;;;-3,201581;2,15376;3,379811
0,7000005;1,737204332;0,02428253;(-3.215890000, 2.170048000, 3.368875000);(0.055175340, 1.557064000, -0.253744300);1,729122;0,2714056;;;-3,21589;2,170048;3,368875
0,7111117;1,758975382;0,02177105;(-3.225299000, 2.187795000, 3.360480000);(0.055210900, 1.557278000, -0.254161600);1,750761;0,2500081;;;-3,225299;2,187795;3,36048
0,7222228;1,784804592;0,02582921;(-3.231938000, 2.211494000, 3.352643000);(0.055264420, 1.557487000, -0.254566900);1,775226;0,2265842;;;-3,231938;2,211494;3,352643
0,7333339;1,812826872;0,02802228;(-3.237712000, 2.237786000, 3.344855000);(0.055344530, 1.557682000, -0.254965200);1,801231;0,2027302;;;-3,237712;2,237786;3,344855
0,7444451;1,838505612;0,02567874;(-3.246495000, 2.260238000, 3.336012000);(0.055333120, 1.557798000, -0.255316700);1,826329;0,179627;;;-3,246495;2,260238;3,336012
0,7555562;1,860294102;0,02178849;(-3.253875000, 2.279329000, 3.328542000);(0.055381540, 1.557984000, -0.255694300);1,847619;0,1606848;;;-3,253875;2,279329;3,328542
0,7666674;1,875860732;0,01556663;(-3.261894000, 2.290950000, 3.321987000);(0.055543070, 1.558157000, -0.256144400);1,863183;0,1459713;;;-3,261894;2,29095;3,321987
0,7777785;1,893365272;0,01750454;(-3.271439000, 2.303510000, 3.314402000);(0.055613080, 1.558326000, -0.256529800);1,880653;0,1293876;;;-3,271439;2,30351;3,314402
0,7888896;1,906534082;0,01316881;(-3.280471000, 2.310671000, 3.308033000);(0.055715540, 1.558263000, -0.256932800);1,893266;0,1163193;;;-3,280471;2,310671;3,308033
0,8000008;1,924644032;0,01810995;(-3.290738000, 2.323263000, 3.300032000);(0.055788350, 1.558337000, -0.257293100);1,911299;0,09934522;;;-3,290738;2,323263;3,300032
0,8111119;1,940742812;0,01609878;(-3.296266000, 2.337325000, 3.294477000);(0.055882280, 1.558404000, -0.257665100);1,927044;0,08752611;;;-3,296266;2,337325;3,294477
0,8222231;1,955092372;0,01434956;(-3.299516000, 2.350676000, 3.290341000);(0.056010700, 1.558434000, -0.258127500);1,940524;0,08002006;;;-3,299516;2,350676;3,290341
0,8333342;1,966615052;0,01152268;(-3.300014000, 2.361973000, 3.288125000);(0.055994280, 1.558389000, -0.258602100);1,950286;0,07782973;;;-3,300014;2,361973;3,288125
0,8444453;1,976274030;0,009658978;(-3.302985000, 2.370600000, 3.284956000);(0.056046400, 1.558389000, -0.258967400);1,959651;0,07432365;;;-3,302985;2,3706;3,284956
0,8555565;1,985097239;0,008823209;(-3.308295000, 2.376390000, 3.280941000);(0.056035440, 1.558317000, -0.259440100);1,96837;0,06887814;;;-3,308295;2,37639;3,280941
0,8666676;1,998009679;0,01291244;(-3.319532000, 2.376136000, 3.274586000);(0.056116860, 1.558467000, -0.259737000);1,976427;0,05631251;;;-3,319532;2,376136;3,274586
0,8777788;2,011527679;0,013518;(-3.330786000, 2.379036000, 3.267681000);(0.056131730, 1.558446000, -0.260023800);1,987158;0,04488653;;;-3,330786;2,379036;3,267681
0,8888899;2,029563459;0,01803578;(-3.346342000, 2.380182000, 3.258626000);(0.056153480, 1.558414000, -0.260297500);1,999687;0,03013302;;;-3,346342;2,380182;3,258626
0,900001;2,043849669;0,01428621;(-3.357752000, 2.384755000, 3.251346000);(0.056222150, 1.558424000, -0.260583300);2,011996;0,02591473;;;-3,357752;2,384755;3,251346
0,9111122;2,051846862;0,007997193;(-3.364151000, 2.387282000, 3.247270000);(0.056081210, 1.558463000, -0.260714600);2,01888;0,02675178;;;-3,364151;2,387282;3,24727
0,9222233;2,055977427;0,004130565;(-3.367384000, 2.388772000, 3.245174000);(0.056094090, 1.558445000, -0.260949400);2,022535;0,02826092;;;-3,367384;2,388772;3,245174
0,9333345;2,058871122;0,002893695;(-3.369333000, 2.390398000, 3.243786000);(0.056158970, 1.558475000, -0.261139800);2,025337;0,03015276;;;-3,369333;2,390398;3,243786
0,9444456;2,054524963;0,004346159;(-3.365596000, 2.391465000, 3.245731000);(0.056213060, 1.558422000, -0.261324700);2,023399;0,03091544;;;-3,365596;2,391465;3,245731
0,9555568;2,050789632;0,003735331;(-3.363169000, 2.389240000, 3.247494000);(0.056217320, 1.558290000, -0.261524500);2,019748;0,02880535;;;-3,363169;2,38924;3,247494
0,9666679;2,043097982;0,00769165;(-3.360649000, 2.382452000, 3.250091000);(0.056199650, 1.558305000, -0.261730800);2,012283;0,02269804;;;-3,360649;2,382452;3,250091
0,977779;2,027401042;0,01569694;(-3.355497000, 2.368606000, 3.255394000);(0.056214580, 1.558276000, -0.261919300);1,997051;0,0155172;;;-3,355497;2,368606;3,255394
0,9888902;2,011742462;0,01565858;(-3.349780000, 2.355131000, 3.260955000);(0.056229360, 1.558274000, -0.262086200);1,981703;0,02191802;;;-3,34978;2,355131;3,260955
1,000001;2,002604427;0,009138035;(-3.345745000, 2.347746000, 3.264517000);(0.056286730, 1.558278000, -0.262293800);1,972613;0,02955436;;;-3,345745;2,347746;3,264517
1,011112;1,999260412;0,003344015;(-3.344145000, 2.345142000, 3.265874000);(0.056270990, 1.558262000, -0.262381300);1,969273;0,03261062;;;-3,344145;2,345142;3,265874
1,022224;2,001234658;0,001974246;(-3.343593000, 2.347037000, 3.265864000);(0.056284790, 1.558252000, -0.262479300);1,970407;0,03214616;;;-3,343593;2,347037;3,265864
1,033335;2,006599332;0,005364674;(-3.346373000, 2.351027000, 3.263598000);(0.056215590, 1.558284000, -0.262742100);1,975772;0,02728549;;;-3,346373;2,351027;3,263598
1,044446;2,016939782;0,01034045;(-3.351850000, 2.358605000, 3.259182000);(0.056190500, 1.558295000, -0.262869700);1,98611;0,01859874;;;-3,35185;2,358605;3,259182
1,055557;2,020170469;0,003230687;(-3.352935000, 2.361441000, 3.258079000);(0.056172380, 1.558356000, -0.262935900);1,989251;0,01697519;;;-3,352935;2,361441;3,258079
1,066668;2,014187005;0,005983464;(-3.348299000, 2.359174000, 3.261107000);(0.056168890, 1.558357000, -0.263014200);1,983897;0,02255986;;;-3,348299;2,359174;3,261107
1,077779;2,000421055;0,01376595;(-3.337883000, 2.353416000, 3.268024000);(0.056176280, 1.558374000, -0.263138300);1,971336;0,03577404;;;-3,337883;2,353416;3,268024
