time;total distance traveled;distance to prev position;ray position;hmd position;distance to prev target;distance to current target
(-2.861681000, 1.072726000, 3.813593000);(-2.782677000, 3.059865000, 3.601365000);0,3;0,2888889

0;-0,008650818;0,008650818;(-2.842166000, 1.052091000, 3.849140000);(0.032004390, 1.545263000, -0.213150600);0,0454999;2,023879;;;-2,842166;1,052091;3,84914
0,01111111;-0,006402386;0,002248432;(-2.841671000, 1.050213000, 3.850273000);(0.031814550, 1.545316000, -0.213061700);0,04746201;2,025867;;;-2,841671;1,050213;3,850273
0,02222222;-0,002329184;0,004073202;(-2.842161000, 1.046171000, 3.850166000);(0.031711610, 1.545321000, -0.213058300);0,04923214;2,029878;;;-2,842161;1,046171;3,850166
0,03333334;-0,006999979;0,004670795;(-2.844322000, 1.043385000, 3.847102000);(0.031637610, 1.545350000, -0.213098000);0,04780252;2,032333;;;-2,844322;1,043385;3,847102
0,04444445;-0,011891045;0,004891066;(-2.846884000, 1.043134000, 3.842943000);(0.031534140, 1.545348000, -0.213128700);0,04422741;2,032162;;;-2,846884;1,043134;3,842943
0,05555556;-0,017531765;0,00564072;(-2.849709000, 1.044070000, 3.838151000);(0.031301770, 1.545455000, -0.213075600);0,03959309;2,030761;;;-2,849709;1,04407;3,838151
0,06666667;-0,021688817;0,004157052;(-2.851478000, 1.045996000, 3.834919000);(0.031163640, 1.545522000, -0.213091800);0,03568541;2,028534;;;-2,851478;1,045996;3,834919
0,07777778;-0,024249465;0,002560648;(-2.852105000, 1.048058000, 3.833537000);(0.031030270, 1.545609000, -0.213109500);0,03313603;2,026349;;;-2,852105;1,048058;3,833537
0,08888889;-0,021712649;0,002536816;(-2.851667000, 1.045816000, 3.834640000);(0.030884840, 1.545604000, -0.213282600);0,03560107;2,028687;;;-2,851667;1,045816;3,83464
0,1;-0,019290706;0,002421943;(-2.851682000, 1.043425000, 3.835027000);(0.030732990, 1.545688000, -0.213297900);0,03765585;2,031105;;;-2,851682;1,043425;3,835027
0,1111111;-0,015044060;0,004246646;(-2.851568000, 1.039276000, 3.835927000);(0.030595960, 1.545721000, -0.213268100);0,04147268;2,035324;;;-2,851568;1,039276;3,835927
0,1222222;-0,012935016;0,002109044;(-2.851929000, 1.037212000, 3.835691000);(0.030453390, 1.545795000, -0.213276500);0,0429503;2,037358;;;-2,851929;1,037212;3,835691
0,1333333;-0,014727406;0,00179239;(-2.852796000, 1.036280000, 3.834430000);(0.030321810, 1.545879000, -0.213342500);0,04291261;2,038169;;;-2,852796;1,03628;3,83443
0,1444445;-0,016852091;0,002124685;(-2.853853000, 1.036670000, 3.832629000);(0.030181890, 1.545957000, -0.213332400);0,04151753;2,037613;;;-2,853853;1,03667;3,832629
0,1555556;-0,021077378;0,004225287;(-2.855734000, 1.038378000, 3.829252000);(0.030012490, 1.546106000, -0.213281800);0,03821523;2,035603;;;-2,855734;1,038378;3,829252
0,1666667;-0,023573412;0,002496034;(-2.856161000, 1.040587000, 3.828171000);(0.029894420, 1.546174000, -0.213280600);0,03572053;2,033304;;;-2,856161;1,040587;3,828171
0,1777778;-0,025430725;0,001857313;(-2.855322000, 1.041755000, 3.829346000);(0.029748770, 1.546284000, -0.213252200);0,03532426;2,032245;;;-2,855322;1,041755;3,829346
0,1888889;-0,029406545;0,00397582;(-2.853507000, 1.044201000, 3.831902000);(0.029728030, 1.546116000, -0.213445300);0,03486744;2,030041;;;-2,853507;1,044201;3,831902
0,2;-0,032831625;0,00342508;(-2.852321000, 1.047067000, 3.833353000);(0.029626160, 1.546205000, -0.213442400);0,03371187;2,027319;;;-2,852321;1,047067;3,833353
0,2111111;-0,034425203;0,001593578;(-2.852133000, 1.048649000, 3.833389000);(0.029553830, 1.546320000, -0.213395100);0,0326004;2,025746;;;-2,852133;1,048649;3,833389
0,2222222;-0,038666274;0,004241071;(-2.853993000, 1.050447000, 3.830029000);(0.029450690, 1.546409000, -0.213377800);0,02873342;2,023643;;;-2,853993;1,050447;3,830029
0,2333333;-0,042935356;0,004269082;(-2.854748000, 1.054204000, 3.828147000);(0.029373080, 1.546525000, -0.213338800);0,02455552;2,019727;;;-2,854748;1,054204;3,828147
0,2444444;-0,049470713;0,006535357;(-2.856290000, 1.059539000, 3.824701000);(0.029230390, 1.546646000, -0.213225200);0,0180658;2,014101;;;-2,85629;1,059539;3,824701
0,2555556;-0,055856535;0,006385822;(-2.856861000, 1.065584000, 3.822724000);(0.028937880, 1.546821000, -0.212998500);0,01255527;2,007899;;;-2,856861;1,065584;3,822724
0,2666667;-0,063570278;0,007713743;(-2.858274000, 1.072324000, 3.819249000);(0.028853660, 1.547005000, -0.212912900);0,006614952;2,000877;;;-2,858274;1,072324;3,819249
0,2777778;-0,052985398;0,01058488;(-2.859332000, 1.082276000, 3.815802000);(0.028767380, 1.547210000, -0.212851100);0,01007889;1,990658;;;-2,859332;1,082276;3,815802
0,2888889;-0,034946388;0,01803901;(-2.858634000, 1.100197000, 3.813865000);(0.028848060, 1.547549000, -0.212843900);0,02764001;1,972619;;;-2,858634;1,100197;3,813865
0,3;-0,007948818;0,02699757;(-2.855552000, 1.127014000, 3.814306000);(0.028793580, 1.547859000, -0.212781800);0,05463718;1,94591;;;-2,855552;1,127014;3,814306
0,3111111;0,027806192;0,03575501;(-2.851685000, 1.162559000, 3.814533000);(0.028683930, 1.548147000, -0.212710700);0,09039153;1,91049;;;-2,851685;1,162559;3,814533
0,3222222;0,060649632;0,03284344;(-2.848400000, 1.195237000, 3.814300000);(0.028607160, 1.548373000, -0.212650600);0,1232299;1,877898;;;-2,8484;1,195237;3,8143
0,3333333;0,087605582;0,02695595;(-2.846814000, 1.222070000, 3.812283000);(0.028721250, 1.548906000, -0.212519600);0,1500876;1,85097;;;-2,846814;1,22207;3,812283
0,3444445;0,111847052;0,02424147;(-2.845033000, 1.246215000, 3.811051000);(0.028742440, 1.549300000, -0.212426300);0,1743037;1,826796;;;-2,845033;1,246215;3,811051
0,3555556;0,140826332;0,02897928;(-2.844754000, 1.274846000, 3.806584000);(0.028792530, 1.549853000, -0.212340900);0,2029484;1,797849;;;-2,844754;1,274846;3,806584
0,3666667;0,167078202;0,02625187;(-2.843345000, 1.300969000, 3.804402000);(0.028903070, 1.550326000, -0.212187000);0,2291625;1,771614;;;-2,843345;1,300969;3,804402
0,3777778;0,194069752;0,02699155;(-2.841372000, 1.327853000, 3.803014000);(0.028996530, 1.550871000, -0.212111300);0,256152;1,744698;;;-2,841372;1,327853;3,803014
0,3888889;0,222809232;0,02873948;(-2.839307000, 1.356477000, 3.801477000);(0.029168310, 1.551538000, -0.211955500);0,2848888;1,716037;;;-2,839307;1,356477;3,801477
0,4;0,252909632;0,0301004;(-2.837245000, 1.386454000, 3.799702000);(0.029271610, 1.552168000, -0.211860400);0,3149842;1,686007;;;-2,837245;1,386454;3,799702
0,4111111;0,279539282;0,02662965;(-2.836658000, 1.412836000, 3.796127000);(0.029176360, 1.552894000, -0.211692800);0,3414757;1,659382;;;-2,836658;1,412836;3,796127
0,4222222;0,306719582;0,0271803;(-2.838243000, 1.439024000, 3.789023000);(0.029221120, 1.553668000, -0.211583300);0,3678676;1,632614;;;-2,838243;1,439024;3,789023
0,4333333;0,334517952;0,02779837;(-2.840834000, 1.465277000, 3.780260000);(0.029151860, 1.554444000, -0.211511700);0,3945145;1,605645;;;-2,840834;1,465277;3,78026
0,4444444;0,362004852;0,0274869;(-2.843437000, 1.491211000, 3.771532000);(0.029100450, 1.555274000, -0.211548200);0,4209887;1,579026;;;-2,843437;1,491211;3,771532
0,4555556;0,393505032;0,03150018;(-2.845352000, 1.521523000, 3.763178000);(0.029327070, 1.555969000, -0.211767600);0,4519145;1,548098;;;-2,845352;1,521523;3,763178
0,4666667;0,427937232;0,0344322;(-2.847394000, 1.554682000, 3.754128000);(0.029236590, 1.556879000, -0.211810600);0,48582;1,514299;;;-2,847394;1,554682;3,754128
0,4777778;0,468243142;0,04030591;(-2.847939000, 1.594242000, 3.746429000);(0.029210810, 1.557686000, -0.211881100);0,5260019;1,47423;;;-2,847939;1,594242;3,746429
0,4888889;0,511650212;0,04340707;(-2.848420000, 1.636880000, 3.738308000);(0.029216200, 1.558492000, -0.211902900);0,5693088;1,43107;;;-2,84842;1,63688;3,738308
0,5;0,556135582;0,04448537;(-2.848537000, 1.680689000, 3.730582000);(0.029200200, 1.559224000, -0.212069300);0,6137441;1,386781;;;-2,848537;1,680689;3,730582
0,5111111;0,602100002;0,04596442;(-2.849568000, 1.725664000, 3.721156000);(0.029269730, 1.559977000, -0.212340400);0,65956;1,341236;;;-2,849568;1,725664;3,721156
0,5222223;0,646614212;0,04451421;(-2.852742000, 1.768261000, 3.708626000);(0.029286540, 1.560676000, -0.212572800);0,7034672;1,297942;;;-2,852742;1,768261;3,708626
0,5333334;0,689612632;0,04299842;(-2.855374000, 1.809628000, 3.697196000);(0.029312230, 1.561348000, -0.212906200);0,7460648;1,256009;;;-2,855374;1,809628;3,697196
0,5444446;0,732958792;0,04334616;(-2.857210000, 1.851706000, 3.686950000);(0.029325220, 1.562042000, -0.213180400);0,7892199;1,213477;;;-2,85721;1,851706;3,68695
0,5555557;0,776424382;0,04346559;(-2.856254000, 1.894767000, 3.681110000);(0.029468990, 1.562697000, -0.213504600);0,8326657;1,170139;;;-2,856254;1,894767;3,68111
0,5666668;0,820050252;0,04362587;(-2.853115000, 1.938218000, 3.678784000);(0.029513270, 1.563356000, -0.213790900);0,8759692;1,12652;;;-2,853115;1,938218;3,678784
0,577778;0,860537302;0,04048705;(-2.850016000, 1.978544000, 3.676930000);(0.029573590, 1.563948000, -0.214086000);0,9161426;1,086048;;;-2,850016;1,978544;3,67693
0,5888891;0,900905802;0,0403685;(-2.846818000, 2.018750000, 3.675258000);(0.029667080, 1.564501000, -0.214402100);0,9562001;1,045702;;;-2,846818;2,01875;3,675258
0,6000003;0,943478412;0,04257261;(-2.840982000, 2.060857000, 3.677586000);(0.029775030, 1.565005000, -0.214706400);0,9976612;1,003606;;;-2,840982;2,060857;3,677586
0,6111114;0,987656882;0,04417847;(-2.833432000, 2.104104000, 3.682525000);(0.029829740, 1.565476000, -0.215071400);1,040056;0,9605421;;;-2,833432;2,104104;3,682525
0,6222225;1,030128232;0,04247135;(-2.825015000, 2.145185000, 3.689261000);(0.029957600, 1.565997000, -0.215368400);1,080263;0,9198686;;;-2,825015;2,145185;3,689261
0,6333337;1,076900722;0,04677249;(-2.816072000, 2.190579000, 3.696117000);(0.030132090, 1.566498000, -0.215584700);1,124934;0,8750715;;;-2,816072;2,190579;3,696117
0,6444448;1,121715542;0,04481482;(-2.808385000, 2.234439000, 3.701178000);(0.030334570, 1.566991000, -0.216060700);1,168355;0,8318361;;;-2,808385;2,234439;3,701178
0,655556;1,165575362;0,04385982;(-2.801833000, 2.277681000, 3.704482000);(0.030574120, 1.567434000, -0.216446800);1,211363;0,7891844;;;-2,801833;2,277681;3,704482
0,6666671;1,209548392;0,04397303;(-2.796989000, 2.321384000, 3.704908000);(0.030700450, 1.567753000, -0.216889800);1,255047;0,7458417;;;-2,796989;2,321384;3,704908
0,6777782;1,253578302;0,04402991;(-2.791394000, 2.365025000, 3.706577000);(0.030878990, 1.568150000, -0.217151300);1,298626;0,7028141;;;-2,791394;2,365025;3,706577
0,6888894;1,296721142;0,04314284;(-2.784950000, 2.407560000, 3.709827000);(0.031156660, 1.568380000, -0.217542600);1,341058;0,6612645;;;-2,78495;2,40756;3,709827
0,7000005;1,337684492;0,04096335;(-2.779215000, 2.448046000, 3.712268000);(0.031352020, 1.568726000, -0.217799300);1,381511;0,6217985;;;-2,779215;2,448046;3,712268
0,7111117;1,372838442;0,03515395;(-2.773292000, 2.482490000, 3.716055000);(0.031533450, 1.568977000, -0.218011300);1,415895;0,5887303;;;-2,773292;2,48249;3,716055
0,7222228;1,414387492;0,04154905;(-2.765523000, 2.522894000, 3.721844000);(0.031756050, 1.569231000, -0.218229300);1,456245;0,5505881;;;-2,765523;2,522894;3,721844
0,7333339;1,454450502;0,04006301;(-2.756338000, 2.560949000, 3.730358000);(0.031949610, 1.569447000, -0.218434200);1,494266;0,5159941;;;-2,756338;2,560949;3,730358
0,7444451;1,492626022;0,03817552;(-2.747530000, 2.597175000, 3.738569000);(0.032217240, 1.569699000, -0.218549500);1,530557;0,483882;;;-2,74753;2,597175;3,738569
0,7555562;1,532431452;0,03980543;(-2.738147000, 2.634819000, 3.747480000);(0.032486260, 1.569940000, -0.218672700);1,568363;0,4516597;;;-2,738147;2,634819;3,74748
0,7666674;1,574830502;0,04239905;(-2.730080000, 2.675987000, 3.753626000);(0.032597780, 1.570095000, -0.218832700);1,60977;0,416307;;;-2,73008;2,675987;3,753626
0,7777785;1,614780772;0,03995027;(-2.724917000, 2.715568000, 3.755283000);(0.032759790, 1.570196000, -0.219011900);1,649555;0,3815328;;;-2,724917;2,715568;3,755283
0,7888896;1,650793252;0,03601248;(-2.721927000, 2.751434000, 3.754017000);(0.032783480, 1.570377000, -0.219139200);1,685567;0,3494607;;;-2,721927;2,751434;3,754017
0,8000008;1,678878302;0,02808505;(-2.727036000, 2.776007000, 3.741414000);(0.032937890, 1.570449000, -0.219263600);1,710118;0,3213797;;;-2,727036;2,776007;3,741414
0,8111119;1,705478792;0,02660049;(-2.729340000, 2.801234000, 3.733298000);(0.032967450, 1.570554000, -0.219392400);1,735425;0,2951964;;;-2,72934;2,801234;3,733298
0,8222231;1,732415332;0,02693654;(-2.736142000, 2.822661000, 3.718460000);(0.033061180, 1.570576000, -0.219605200);1,75701;0,2685926;;;-2,736142;2,822661;3,71846
0,8333342;1,755983362;0,02356803;(-2.741224000, 2.842458000, 3.706724000);(0.033212730, 1.570504000, -0.219802900);1,777042;0,2451215;;;-2,741224;2,842458;3,706724
0,8444453;1,777007612;0,02102425;(-2.745850000, 2.860013000, 3.696120000);(0.033307200, 1.570508000, -0.220076300);1,794884;0,2242219;;;-2,74585;2,860013;3,69612
0,8555565;1,798627422;0,02161981;(-2.749758000, 2.878953000, 3.686455000);(0.033417530, 1.570414000, -0.220349800);1,814151;0,2026153;;;-2,749758;2,878953;3,686455
0,8666676;1,817857012;0,01922959;(-2.754850000, 2.893935000, 3.675529000);(0.033511790, 1.570371000, -0.220503300);1,829556;0,1838672;;;-2,75485;2,893935;3,675529
0,8777788;1,836584382;0,01872737;(-2.761879000, 2.904946000, 3.662110000);(0.033649980, 1.570242000, -0.220637800);1,841178;0,1676969;;;-2,761879;2,904946;3,66211
0,8888899;1,860738942;0,02415456;(-2.771372000, 2.918176000, 3.644269000);(0.033799980, 1.570187000, -0.220785800);1,8554;0,1484732;;;-2,771372;2,918176;3,644269
0,900001;1,886189892;0,02545095;(-2.778902000, 2.936858000, 3.628711000);(0.033886560, 1.570132000, -0.220948700);1,875105;0,1260666;;;-2,778902;2,936858;3,628711
0,9111122;1,916579352;0,03038946;(-2.783803000, 2.964024000, 3.616003000);(0.033982310, 1.570104000, -0.221121900);1,903185;0,09695899;;;-2,783803;2,964024;3,616003
0,9222233;1,951198622;0,03461927;(-2.782724000, 2.998378000, 3.611863000);(0.034142650, 1.570076000, -0.221325100);1,937798;0,06237693;;;-2,782724;2,998378;3,611863
0,9333345;1,981626712;0,03042809;(-2.776956000, 3.027932000, 3.616236000);(0.034261650, 1.570082000, -0.221504300);1,966967;0,03568702;;;-2,776956;3,027932;3,616236
0,9444456;2,007574812;0,0259481;(-2.768468000, 3.050289000, 3.626308000);(0.034289960, 1.570107000, -0.221672300);1,988597;0,03026114;;;-2,768468;3,050289;3,626308
0,9555568;2,014791374;0,007216562;(-2.764722000, 3.052482000, 3.632073000);(0.034405680, 1.570079000, -0.221910200);1,990423;0,03632971;;;-2,764722;3,052482;3,632073
0,9666679;2,016090081;0,001298707;(-2.764059000, 3.052975000, 3.633075000);(0.034539790, 1.570168000, -0.222016800);1,990854;0,03741137;;;-2,764059;3,052975;3,633075
0,977779;2,002950171;0,01313991;(-2.767927000, 3.041181000, 3.628762000);(0.034706630, 1.570140000, -0.222203300);1,979335;0,0362937;;;-2,767927;3,041181;3,628762
0,9888902;1,993983586;0,008966585;(-2.772372000, 3.037000000, 3.622193000);(0.034807980, 1.570191000, -0.222422200);1,975596;0,03260019;;;-2,772372;3,037;3,622193
1,000001;1,979727586;0,014256;(-2.779521000, 3.030783000, 3.611541000);(0.034891340, 1.570269000, -0.222547100);1,970167;0,03097195;;;-2,779521;3,030783;3,611541
1,011112;1,986442171;0,006714585;(-2.782899000, 3.031805000, 3.605828000);(0.035007330, 1.570333000, -0.222647600);1,971639;0,02841349;;;-2,782899;3,031805;3,605828
1,022224;1,991979023;0,005536852;(-2.785790000, 3.031677000, 3.601108000);(0.035087050, 1.570433000, -0.222714000);1,971902;0,0283599;;;-2,78579;3,031677;3,601108
1,033335;1,988432750;0,003546273;(-2.787655000, 3.031021000, 3.598164000);(0.035182000, 1.570531000, -0.222794900);1,971498;0,02944512;;;-2,787655;3,031021;3,598164
1,044446;1,978912131;0,009520619;(-2.787718000, 3.021621000, 3.599677000);(0.035313610, 1.570587000, -0.222952100);1,961994;0,03861135;;;-2,787718;3,021621;3,599677
1,055557;1,973340875;0,005571256;(-2.789257000, 3.016526000, 3.598031000);(0.035476390, 1.570762000, -0.222986700);1,957056;0,04396228;;;-2,789257;3,016526;3,598031
1,066668;1,967723913;0,005616962;(-2.790538000, 3.011186000, 3.596848000);(0.035619080, 1.570792000, -0.223023200);1,951837;0,04951557;;;-2,790538;3,011186;3,596848
1,077779;1,968797957;0,001074044;(-2.790725000, 3.012134000, 3.596379000);(0.035716030, 1.570902000, -0.223041900);1,952823;0,04866069;;;-2,790725;3,012134;3,596379
1,08889;1,977062853;0,008264896;(-2.787803000, 3.018968000, 3.599994000);(0.035845130, 1.570935000, -0.223033600);1,959321;0,04123956;;;-2,787803;3,018968;3,599994
1,100002;1,986256135;0,009193282;(-2.784153000, 3.025914000, 3.604784000);(0.035995070, 1.571014000, -0.223184900);1,965846;0,03415468;;;-2,784153;3,025914;3,604784
1,111113;1,983299563;0,002956572;(-2.782672000, 3.025427000, 3.607296000);(0.036130160, 1.571069000, -0.223272200);1,965157;0,03494444;;;-2,782672;3,025427;3,607296
1,122224;1,981229399;0,002070164;(-2.782139000, 3.023795000, 3.608452000);(0.036220730, 1.571104000, -0.223403100);1,963435;0,03676363;;;-2,782139;3,023795;3,608452
1,133335;1,979511622;0,001717777;(-2.783035000, 3.023328000, 3.607063000);(0.036352460, 1.571074000, -0.223478600);1,963081;0,03698022;;;-2,783035;3,023328;3,607063
