time;total distance traveled;distance to prev position;ray position;hmd position;distance to prev target;distance to current target
(2.794857000, 2.528168000, 4.072728000);(1.118818000, 1.849658000, 4.927431000);0,1444445;0,2444444

0;-0,009079781;0,009079781;(2.809293000, 2.495773000, 4.064167000);(-0.084576380, 1.669289000, 0.096465100);0,03648484;2,005092;;;2,809293;2,495773;4,064167
0,01111111;0,001829799;0,01090958;(2.804544000, 2.486196000, 4.066348000);(-0.084598770, 1.669291000, 0.096392450);0,04354554;1,997077;;;2,804544;2,486196;4,066348
0,02222222;-0,009342581;0,01117238;(2.794643000, 2.486197000, 4.071523000);(-0.084604700, 1.669295000, 0.096337160);0,04198905;1,986492;;;2,794643;2,486197;4,071523
0,03333334;-0,016225133;0,006882552;(2.788679000, 2.487545000, 4.074683000);(-0.084603900, 1.669342000, 0.096357490);0,04113676;1,980534;;;2,788679;2,487545;4,074683
0,04444445;-0,019434524;0,003209391;(2.790879000, 2.489614000, 4.073597000);(-0.084636650, 1.669331000, 0.096291150);0,0387686;1,983523;;;2,790879;2,489614;4,073597
0,05555556;-0,024319684;0,00488516;(2.794688000, 2.492000000, 4.071682000);(-0.084626280, 1.669338000, 0.096156800);0,0361841;1,988328;;;2,794688;2,492;4,071682
0,06666667;-0,031044846;0,006725162;(2.798598000, 2.497137000, 4.069799000);(-0.084645980, 1.669305000, 0.096075910);0,03139273;1,994097;;;2,798598;2,497137;4,069799
0,07777778;-0,034904922;0,003860076;(2.801514000, 2.499203000, 4.068340000);(-0.084668870, 1.669247000, 0.096041700);0,03004228;1,997852;;;2,801514;2,499203;4,06834
0,08888889;-0,0354096591;0,0005047371;(2.801860000, 2.499528000, 4.068169000);(-0.084667420, 1.669204000, 0.095984690);0,02983448;1,998323;;;2,80186;2,499528;4,068169
0,1;-0,0260409761;0,009368683;(2.795067000, 2.494031000, 4.071547000);(-0.084723690, 1.669262000, 0.095965350);0,03415832;1,989363;;;2,795067;2,494031;4,071547
0,1111111;-0,0161366581;0,009904318;(2.787756000, 2.488432000, 4.075193000);(-0.084731060, 1.669245000, 0.095920050);0,04044053;1,979822;;;2,787756;2,488432;4,075193
0,1222222;-0,0070260551;0,009110603;(2.780820000, 2.483656000, 4.078669000);(-0.084741930, 1.669146000, 0.095795060);0,0470499;1,970939;;;2,78082;2,483656;4,078669
0,1333333;0,0002706199;0,007296675;(2.774674000, 2.481284000, 4.081806000);(-0.084765340, 1.669140000, 0.095745500);0,05184479;1,963642;;;2,774674;2,481284;4,081806
0,1444445;0,0051057999;0,00483518;(2.770422000, 2.481824000, 4.084045000);(-0.084555040, 1.669190000, 0.095647000);0,05359912;1,959268;;;2,770422;2,481824;4,084045
0,1555556;-0,0014702901;0,00657609;(2.772586000, 2.487963000, 4.083107000);(-0.084635320, 1.669185000, 0.095690810);0,04711865;1,963483;;;2,772586;2,487963;4,083107
0,1666667;-0,0153223101;0,01385202;(2.781992000, 2.497015000, 4.078474000);(-0.084632700, 1.669239000, 0.095654690);0,03419137;1,976347;;;2,781992;2,497015;4,078474
0,1777778;-0,0232351201;0,00791281;(2.787691000, 2.501718000, 4.075644000);(-0.084460910, 1.669195000, 0.095480520);0,02755802;1,983901;;;2,787691;2,501718;4,075644
0,1888889;-0,0253517111;0,002116591;(2.788097000, 2.503790000, 4.075496000);(-0.084454200, 1.669206000, 0.095421780);0,0254487;1,984987;;;2,788097;2,50379;4,075496
0,2;-0,0208547391;0,004496972;(2.784390000, 2.505381000, 4.077484000);(-0.084627550, 1.669254000, 0.095528680);0,02552325;1,981543;;;2,78439;2,505381;4,077484
0,2111111;-0,0147119131;0,006142826;(2.780592000, 2.500919000, 4.079329000);(-0.084670130, 1.669254000, 0.095523380);0,03145743;1,976085;;;2,780592;2,500919;4,079329
0,2222222;-0,0078672201;0,006844693;(2.778936000, 2.494310000, 4.079987000);(-0.084689210, 1.669238000, 0.095574580);0,03811201;1,97224;;;2,778936;2,49431;4,079987
0,2333333;0,0062590499;0,01412627;(2.774584000, 2.481000000, 4.081844000);(-0.084675390, 1.669236000, 0.095578930);0,05214335;1,963459;;;2,774584;2,481;4,081844
0,2444444;0,0197766599;0,01351761;(2.762874000, 2.477949000, 4.087869000);(-0.084693720, 1.669148000, 0.095523770);0,06143399;1,950009;;;2,762874;2,477949;4,087869
0,2555556;0,0368308399;0,01705418;(2.748365000, 2.472928000, 4.095294000);(-0.084827800, 1.668995000, 0.095513400);0,07564533;1,932962;;;2,748365;2,472928;4,095294
0,2666667;0,0733635699;0,03653273;(2.717192000, 2.462539000, 4.111261000);(-0.084796350, 1.668822000, 0.095397110);0,1087374;1,896459;;;2,717192;2,462539;4,111261
0,2777778;0,1068767699;0,0335132;(2.688454000, 2.453596000, 4.126001000);(-0.084625400, 1.668609000, 0.095107460);0,1404301;1,863005;;;2,688454;2,453596;4,126001
0,2888889;0,1476619699;0,0407852;(2.652673000, 2.447197000, 4.144501000);(-0.084566140, 1.668416000, 0.094917380);0,1786724;1,82284;;;2,652673;2,447197;4,144501
0,3;0,1711623899;0,02350042;(2.631886000, 2.445362000, 4.155308000);(-0.084590610, 1.668062000, 0.094639620);0,2005887;1,800114;;;2,631886;2,445362;4,155308
0,3111111;0,1952053899;0,024043;(2.610605000, 2.446275000, 4.166459000);(-0.084498370, 1.667872000, 0.094307980);0,2223529;1,777768;;;2,610605;2,446275;4,166459
0,3222222;0,2218451699;0,02663978;(2.587014000, 2.444764000, 4.178741000);(-0.084370640, 1.667658000, 0.094039520);0,2477779;1,752223;;;2,587014;2,444764;4,178741
0,3333333;0,2558483499;0,03400318;(2.560528000, 2.428113000, 4.192062000);(-0.084237040, 1.667471000, 0.093736540);0,2813573;1,718693;;;2,560528;2,428113;4,192062
0,3444445;0,2986190699;0,04277072;(2.529055000, 2.403766000, 4.207748000);(-0.084003220, 1.667286000, 0.093372180);0,3230432;1,677423;;;2,529055;2,403766;4,207748
0,3555556;0,3587932899;0,06017422;(2.482525000, 2.373606000, 4.231121000);(-0.083659840, 1.667063000, 0.093014490);0,3827908;1,618353;;;2,482525;2,373606;4,231121
0,3666667;0,4274693699;0,06867608;(2.426882000, 2.344864000, 4.259301000);(-0.083359750, 1.666874000, 0.092565820);0,4514593;1,550051;;;2,426882;2,344864;4,259301
0,3777778;0,4933044999;0,06583513;(2.373301000, 2.317926000, 4.286460000);(-0.083060430, 1.666648000, 0.092149990);0,517294;1,484535;;;2,373301;2,317926;4,28646
0,3888889;0,5659963699;0,07269187;(2.315385000, 2.285141000, 4.315702000);(-0.082715120, 1.666439000, 0.091734810);0,5899082;1,412668;;;2,315385;2,285141;4,315702
0,4;0,6414031199;0,07540675;(2.254379000, 2.253354000, 4.346590000);(-0.082417320, 1.666377000, 0.091261580);0,6653113;1,337852;;;2,254379;2,253354;4,34659
0,4111111;0,7081747699;0,06677165;(2.199848000, 2.226525000, 4.374249000);(-0.082055760, 1.666238000, 0.090767520);0,7320783;1,271482;;;2,199848;2,226525;4,374249
0,4222222;0,7736454299;0,06547066;(2.146164000, 2.200799000, 4.401500000);(-0.081504660, 1.666172000, 0.090261650);0,7975359;1,206376;;;2,146164;2,200799;4,4015
0,4333333;0,8322501299;0,0586047;(2.098140000, 2.177691000, 4.425876000);(-0.081133380, 1.666180000, 0.089837150);0,856132;1,148144;;;2,09814;2,177691;4,425876
0,4444444;0,8936715399;0,06142141;(2.048164000, 2.152523000, 4.451205000);(-0.080773400, 1.666231000, 0.089447960);0,9175534;1,087291;;;2,048164;2,152523;4,451205
0,4555556;0,9640723999;0,07040086;(1.989025000, 2.129107000, 4.481380000);(-0.080519210, 1.666404000, 0.089013350);0,9877304;1,017012;;;1,989025;2,129107;4,48138
0,4666667;1,0352184199;0,07114602;(1.929763000, 2.103830000, 4.511561000);(-0.080218170, 1.666558000, 0.088726540);1,058784;0,9461414;;;1,929763;2,10383;4,511561
0,4777778;1,1087864999;0,07356808;(1.870308000, 2.072661000, 4.541657000);(-0.080037890, 1.666719000, 0.088519950);1,132331;0,8736638;;;1,870308;2,072661;4,541657
0,4888889;1,1800753499;0,07128885;(1.814764000, 2.037783000, 4.569594000);(-0.079849290, 1.666842000, 0.088302270);1,203302;0,8048468;;;1,814764;2,037783;4,569594
0,5;1,2479567299;0,06788138;(1.759458000, 2.010161000, 4.597633000);(-0.079709750, 1.666928000, 0.088093830);1,271184;0,7382054;;;1,759458;2,010161;4,597633
0,5111111;1,3126379099;0,06468118;(1.705397000, 1.987757000, 4.625185000);(-0.079627110, 1.666951000, 0.087919610);1,335731;0,6741651;;;1,705397;1,987757;4,625185
0,5222223;1,3765248399;0,06388693;(1.650500000, 1.971201000, 4.653358000);(-0.079640810, 1.666897000, 0.087792560);1,398892;0,6103882;;;1,6505;1,971201;4,653358
0,5333334;1,4363963899;0,05987155;(1.598775000, 1.956979000, 4.679946000);(-0.079663070, 1.666869000, 0.087660330);1,457938;0,5505681;;;1,598775;1,956979;4,679946
0,5444446;1,4910261099;0,05462972;(1.550503000, 1.951916000, 4.705017000);(-0.079789890, 1.666893000, 0.087646200);1,510057;0,4962623;;;1,550503;1,951916;4,705017
0,5555557;1,5359771499;0,04495104;(1.512445000, 1.937999000, 4.724472000);(-0.079909820, 1.666775000, 0.087509350);1,55488;0,4515953;;;1,512445;1,937999;4,724472
0,5666668;1,5754538999;0,03947675;(1.479658000, 1.923681000, 4.741159000);(-0.080050130, 1.666694000, 0.087467000);1,59435;0,4127737;;;1,479658;1,923681;4,741159
0,577778;1,6211782499;0,04572435;(1.439746000, 1.915093000, 4.761749000);(-0.080256390, 1.666591000, 0.087474330);1,639188;0,3670513;;;1,439746;1,915093;4,761749
0,5888891;1,6685000099;0,04732176;(1.398696000, 1.904709000, 4.782879000);(-0.080466300, 1.666541000, 0.087514120);1,685906;0,3197775;;;1,398696;1,904709;4,782879
0,6000003;1,7134092799;0,04490927;(1.359627000, 1.895475000, 4.803009000);(-0.080690590, 1.666459000, 0.087538560);1,730172;0,2748985;;;1,359627;1,895475;4,803009
0,6111114;1,7498238199;0,03641454;(1.328138000, 1.886974000, 4.819200000);(-0.080991980, 1.666405000, 0.087561290);1,766243;0,2385816;;;1,328138;1,886974;4,8192
0,6222225;1,7868323899;0,03700857;(1.296015000, 1.878960000, 4.835738000);(-0.081168900, 1.666328000, 0.087533400);1,802827;0,2016551;;;1,296015;1,87896;4,835738
0,6333337;1,8192404999;0,03240811;(1.267360000, 1.876225000, 4.850628000);(-0.081471610, 1.666190000, 0.087527860);1,833959;0,1693196;;;1,26736;1,876225;4,850628
0,6444448;1,8505861499;0,03134565;(1.240214000, 1.869112000, 4.864594000);(-0.081898260, 1.666084000, 0.087452190);1,865026;0,1380718;;;1,240214;1,869112;4,864594
0,655556;1,8806817399;0,03009559;(1.215248000, 1.858108000, 4.877296000);(-0.082199530, 1.665924000, 0.087338580);1,895119;0,1090118;;;1,215248;1,858108;4,877296
0,6666671;1,9064548899;0,02577315;(1.195217000, 1.845395000, 4.887367000);(-0.082523030, 1.665816000, 0.087254600);1,920589;0,08637177;;;1,195217;1,845395;4,887367
0,6777782;1,9301839499;0,02372906;(1.175341000, 1.837315000, 4.897502000);(-0.082852510, 1.665667000, 0.087171270);1,944315;0,06513781;;;1,175341;1,837315;4,897502
0,6888894;1,9540762399;0,02389229;(1.154233000, 1.835054000, 4.908463000);(-0.083113420, 1.665694000, 0.087137710);1,967361;0,04274592;;;1,154233;1,835054;4,908463
0,7000005;1,9694294199;0,01535318;(1.140674000, 1.836146000, 4.915584000);(-0.083474160, 1.665518000, 0.087167750);1,981318;0,02829484;;;1,140674;1,836146;4,915584
0,7111117;1,9798925999;0,01046318;(1.131934000, 1.832507000, 4.920038000);(-0.083897070, 1.665514000, 0.087118100);1,991781;0,02282088;;;1,131934;1,832507;4,920038
0,7222228;1,9909599099;0,01106731;(1.123262000, 1.827195000, 4.924404000);(-0.084318310, 1.665495000, 0.087145280);2,002735;0,02309724;;;1,123262;1,827195;4,924404
0,7333339;1,9971782479;0,006218338;(1.124926000, 1.821297000, 4.923349000);(-0.084702610, 1.665519000, 0.087134670);2,00297;0,02929661;;;1,124926;1,821297;4,923349
0,7444451;1,9958292089;0,001349039;(1.125631000, 1.820220000, 4.922946000);(-0.085095440, 1.665576000, 0.087265090);2,002593;0,03054712;;;1,125631;1,82022;4,922946
0,7555562;1,9931966659;0,002632543;(1.127093000, 1.818192000, 4.922119000);(-0.085355580, 1.665529000, 0.087103080);2,001741;0,03296589;;;1,127093;1,818192;4,922119
0,7666674;1,9955239159;0,00232725;(1.125102000, 1.817549000, 4.923139000);(-0.085676120, 1.665480000, 0.087068480);2,004061;0,03299778;;;1,125102;1,817549;4,923139
0,7777785;2,0024730389;0,006949123;(1.119765000, 1.813995000, 4.925817000);(-0.085991070, 1.665419000, 0.086969570);2,010905;0,03571109;;;1,119765;1,813995;4,925817
0,7888896;2,0092235789;0,00675054;(1.118225000, 1.807450000, 4.926417000);(-0.086326660, 1.665407000, 0.086901560);2,014774;0,04222359;;;1,118225;1,80745;4,926417
0,8000008;2,0065553909;0,002668188;(1.119824000, 1.805512000, 4.925520000);(-0.086658400, 1.665372000, 0.086835100);2,013758;0,04419872;;;1,119824;1,805512;4,92552
0,8111119;2,0012481309;0,00530726;(1.124457000, 1.806507000, 4.923130000);(-0.087041840, 1.665346000, 0.086950640);2,008535;0,04372931;;;1,124457;1,806507;4,92313
0,8222231;1,9915992689;0,009648862;(1.131739000, 1.811684000, 4.919487000);(-0.087325830, 1.665331000, 0.086905700);1,999078;0,04089032;;;1,131739;1,811684;4,919487
0,8333342;1,9859204639;0,005678805;(1.135354000, 1.815693000, 4.917723000);(-0.087581890, 1.665350000, 0.086880280);1,993888;0,03900323;;;1,135354;1,815693;4,917723
0,8444453;1,9900700209;0,004149557;(1.133042000, 1.818881000, 4.919031000);(-0.087797640, 1.665337000, 0.086840640);1,99523;0,03492927;;;1,133042;1,818881;4,919031
0,8555565;1,9999894599;0,009919439;(1.124268000, 1.819367000, 4.923633000);(-0.088007700, 1.665326000, 0.086806790);2,004322;0,03101049;;;1,124268;1,819367;4,923633
0,8666676;2,0095312159;0,009541756;(1.115827000, 1.819818000, 4.928059000);(-0.088257340, 1.665321000, 0.086701710);2,01308;0,02999551;;;1,115827;1,819818;4,928059
0,8777788;2,0168071139;0,007275898;(1.109703000, 1.821996000, 4.931328000);(-0.088417900, 1.665227000, 0.086648480);2,018816;0,02938398;;;1,109703;1,821996;4,931328
0,8888899;2,0139905919;0,002816522;(1.112153000, 1.822574000, 4.930065000);(-0.088551610, 1.665178000, 0.086748940);2,016031;0,02801523;;;1,112153;1,822574;4,930065
