time;total distance traveled;distance to prev position;ray position;hmd position;distance to prev target;distance to current target
(-1.986752000, 1.956592000, 4.679725000);(-3.644379000, 1.991675000, 3.561226000);0,2555556;0,2555556

0;-0,01227876;0,01227876;(-1.960328000, 1.950275000, 4.697188000);(-0.109135900, 1.668259000, 0.032541290);0,03229738;2,031786;;;-1,960328;1,950275;4,697188
0,01111111;-0,006347702;0,005931058;(-1.955758000, 1.952264000, 4.700404000);(-0.109155500, 1.668274000, 0.032585990);0,03750965;2,037332;;;-1,955758;1,952264;4,700404
0,02222222;0,001686086;0,008033788;(-1.949974000, 1.948041000, 4.704045000);(-0.109148800, 1.668278000, 0.032692150);0,04491302;2,044247;;;-1,949974;1,948041;4,704045
0,03333334;-0,003331791;0,005017877;(-1.953989000, 1.949522000, 4.701425000);(-0.109145500, 1.668291000, 0.032729040);0,03992808;2,039423;;;-1,953989;1,949522;4,701425
0,04444445;-0,011397550;0,008065759;(-1.959276000, 1.954676000, 4.698178000);(-0.109169300, 1.668246000, 0.032701330);0,03315283;2,033126;;;-1,959276;1,954676;4,698178
0,05555556;-0,012607775;0,001210225;(-1.959439000, 1.955875000, 4.698145000);(-0.109337100, 1.668347000, 0.032852490);0,03295176;2,032951;;;-1,959439;1,955875;4,698145
0,06666667;-0,008264418;0,004343357;(-1.957682000, 1.952016000, 4.699087000);(-0.109325000, 1.668391000, 0.032871800);0,03522657;2,035006;;;-1,957682;1,952016;4,699087
0,07777778;-0,015044739;0,006780321;(-1.963276000, 1.952911000, 4.695362000);(-0.109299100, 1.668416000, 0.032943260);0,02844627;2,028269;;;-1,963276;1,952911;4,695362
0,08888889;-0,020664112;0,005619373;(-1.967701000, 1.951348000, 4.692271000);(-0.109275500, 1.668393000, 0.032959770);0,02340625;2,022904;;;-1,967701;1,951348;4,692271
0,1;-0,017352330;0,003311782;(-1.967511000, 1.948042000, 4.692189000);(-0.109293400, 1.668467000, 0.033048050);0,02446764;2,023084;;;-1,967511;1,948042;4,692189
0,1111111;-0,018949483;0,001597153;(-1.968757000, 1.947559000, 4.691315000);(-0.109272500, 1.668435000, 0.033059790);0,02323232;2,021573;;;-1,968757;1,947559;4,691315
0,1222222;-0,027749316;0,008799833;(-1.974896000, 1.952566000, 4.687484000);(-0.109295300, 1.668484000, 0.033066940);0,01473005;2,01424;;;-1,974896;1,952566;4,687484
0,1333333;-0,023443312;0,004306004;(-1.972668000, 1.955828000, 4.689198000);(-0.109348100, 1.668499000, 0.033174170);0,01699037;2,016984;;;-1,972668;1,955828;4,689198
0,1444445;-0,019471192;0,00397212;(-1.969656000, 1.957301000, 4.691328000);(-0.109355300, 1.668535000, 0.033183710);0,02067375;2,020646;;;-1,969656;1,957301;4,691328
0,1555556;-0,011795958;0,007675234;(-1.970450000, 1.964935000, 4.691278000);(-0.109346200, 1.668667000, 0.033387440);0,02165291;2,019845;;;-1,97045;1,964935;4,691278
0,1666667;-0,017803899;0,006007941;(-1.974759000, 1.968126000, 4.688568000);(-0.109416000, 1.668610000, 0.033426720);0,01884328;2,014718;;;-1,974759;1,968126;4,688568
0,1777778;-0,027827699;0,0100238;(-1.976912000, 1.958556000, 4.686502000);(-0.109433100, 1.668635000, 0.033443050);0,01210872;2,011912;;;-1,976912;1,958556;4,686502
0,1888889;-0,017027119;0,01080058;(-1.977607000, 1.947840000, 4.685349000);(-0.109461800, 1.668683000, 0.033465460);0,01385117;2,010896;;;-1,977607;1,94784;4,685349
0,2;-0,020237211;0,003210092;(-1.979683000, 1.945924000, 4.683824000);(-0.109539600, 1.668680000, 0.033341180);0,01343754;2,008366;;;-1,979683;1,945924;4,683824
0,2111111;-0,023670525;0,003433314;(-1.981383000, 1.948746000, 4.682855000);(-0.109517600, 1.668668000, 0.033428560);0,01000944;2,006353;;;-1,981383;1,948746;4,682855
0,2222222;-0,029967121;0,006296596;(-1.984977000, 1.953457000, 4.680725000);(-0.109479900, 1.668801000, 0.033594090);0,003739121;2,002088;;;-1,984977;1,953457;4,680725
0,2333333;-0,025023717;0,004943404;(-1.988942000, 1.952384000, 4.677976000);(-0.109457800, 1.668836000, 0.033588600);0,005055732;1,997284;;;-1,988942;1,952384;4,677976
0,2444444;-0,011740887;0,01328283;(-1.999945000, 1.953372000, 4.670600000);(-0.109657500, 1.668955000, 0.033914220);0,01636111;1,984022;;;-1,999945;1,953372;4,6706
0,2555556;0,019971253;0,03171214;(-2.026215000, 1.953335000, 4.652836000);(-0.109741700, 1.668962000, 0.034020440);0,04786376;1,952316;;;-2,026215;1,953335;4,652836
0,2666667;0,056221473;0,03625022;(-2.055418000, 1.946061000, 4.632628000);(-0.109724100, 1.668909000, 0.034160210);0,08392859;1,916972;;;-2,055418;1,946061;4,632628
0,2777778;0,117091033;0,06086956;(-2.104176000, 1.932521000, 4.598799000);(-0.109707800, 1.668789000, 0.034243300);0,1446264;1,858032;;;-2,104176;1,932521;4,598799
0,2888889;0,188470053;0,07137902;(-2.161065000, 1.915375000, 4.559244000);(-0.109618600, 1.668618000, 0.034403100);0,2158694;1,789436;;;-2,161065;1,915375;4,559244
0,3;0,235553873;0,04708382;(-2.199340000, 1.907820000, 4.532885000);(-0.109640600, 1.668365000, 0.034450840);0,2629346;1,743356;;;-2,19934;1,90782;4,532885
0,3111111;0,286787583;0,05123371;(-2.241559000, 1.915192000, 4.504810000);(-0.109526200, 1.668267000, 0.034619580);0,311826;1,692367;;;-2,241559;1,915192;4,50481
0,3222222;0,340685423;0,05389784;(-2.283189000, 1.936506000, 4.478022000);(-0.109401500, 1.668095000, 0.034741420);0,3591135;1,642071;;;-2,283189;1,936506;4,478022
0,3333333;0,397955863;0,05727044;(-2.326751000, 1.961096000, 4.450136000);(-0.109240500, 1.668044000, 0.034938650);0,410281;1,58973;;;-2,326751;1,961096;4,450136
0,3444445;0,450531693;0,05257583;(-2.368171000, 1.979195000, 4.423285000);(-0.109224700, 1.668051000, 0.035257410);0,4601664;1,540132;;;-2,368171;1,979195;4,423285
0,3555556;0,499982903;0,04945121;(-2.408080000, 1.992179000, 4.397129000);(-0.109002300, 1.668229000, 0.035537500);0,5085707;1,492371;;;-2,40808;1,992179;4,397129
0,3666667;0,550128453;0,05014555;(-2.449593000, 1.996525000, 4.369338000);(-0.108724800, 1.668386000, 0.035811500);0,5587099;1,442422;;;-2,449593;1,996525;4,369338
0,3777778;0,618223313;0,06809486;(-2.505876000, 1.993751000, 4.331109000);(-0.108409700, 1.668470000, 0.036155540);0,6264213;1,374378;;;-2,505876;1,993751;4,331109
0,3888889;0,701359523;0,08313621;(-2.571173000, 1.970022000, 4.285449000);(-0.108011700, 1.668544000, 0.036400750);0,7051114;1,294889;;;-2,571173;1,970022;4,285449
0,4;0,784355283;0,08299576;(-2.636996000, 1.948748000, 4.239590000);(-0.107562800, 1.668612000, 0.036568890);0,7852374;1,215254;;;-2,636996;1,948748;4,23959
0,4111111;0,882979733;0,09862445;(-2.713683000, 1.917923000, 4.185778000);(-0.107079200, 1.668714000, 0.036724700);0,8797202;1,123254;;;-2,713683;1,917923;4,185778
0,4222222;0,967258163;0,08427843;(-2.783045000, 1.910856000, 4.138431000);(-0.106761100, 1.668980000, 0.036801110);0,963937;1,039997;;;-2,783045;1,910856;4,138431
0,4333333;1,046086473;0,07882831;(-2.847931000, 1.922945000, 4.095331000);(-0.106378400, 1.669233000, 0.036930100);1,041287;0,9614162;;;-2,847931;1,922945;4,095331
0,4444444;1,117574043;0,07148757;(-2.902290000, 1.953686000, 4.060537000);(-0.106002600, 1.669513000, 0.037023440);1,105266;0,8952378;;;-2,90229;1,953686;4,060537
0,4555556;1,192033593;0,07445955;(-2.957611000, 1.989015000, 4.025385000);(-0.105677200, 1.669810000, 0.037176390);1,17123;0,8289158;;;-2,957611;1,989015;4,025385
0,4666667;1,264083543;0,07204995;(-3.015760000, 2.007924000, 3.987275000);(-0.105376600, 1.670049000, 0.037325220);1,241362;0,7595685;;;-3,01576;2,007924;3,987275
0,4777778;1,336647643;0,0725641;(-3.075317000, 2.020636000, 3.947818000);(-0.105167900, 1.670277000, 0.037384640);1,313303;0,6885663;;;-3,075317;2,020636;3,947818
0,4888889;1,418678613;0,08203097;(-3.141681000, 2.005635000, 3.901993000);(-0.105026500, 1.670507000, 0.037610840);1,393245;0,6074724;;;-3,141681;2,005635;3,901993
0,5;1,506904293;0,08822568;(-3.211153000, 1.981100000, 3.853460000);(-0.104854700, 1.670630000, 0.037715390);1,477319;0,522683;;;-3,211153;1,9811;3,85346
0,5111111;1,579002563;0,07209827;(-3.268545000, 1.963486000, 3.813534000);(-0.104712300, 1.670773000, 0.037776780);1,547038;0,4535476;;;-3,268545;1,963486;3,813534
0,5222223;1,630098303;0,05109574;(-3.309134000, 1.950653000, 3.785274000);(-0.104698100, 1.670917000, 0.037731960);1,596487;0,4053022;;;-3,309134;1,950653;3,785274
0,5333334;1,672890023;0,04279172;(-3.344417000, 1.956563000, 3.761795000);(-0.104644700, 1.670957000, 0.037672950);1,638857;0,3625436;;;-3,344417;1,956563;3,761795
0,5444446;1,722618293;0,04972827;(-3.384491000, 1.969913000, 3.735551000);(-0.104641300, 1.670920000, 0.037606670);1,686807;0,3136948;;;-3,384491;1,969913;3,735551
0,5555557;1,772198883;0,04958059;(-3.420893000, 1.994448000, 3.712503000);(-0.104872900, 1.670863000, 0.037593680);1,730234;0,2698865;;;-3,420893;1,994448;3,712503
0,5666668;1,826112483;0,0539136;(-3.464825000, 2.006209000, 3.683550000);(-0.105005700, 1.670814000, 0.037503790);1,783123;0,2177476;;;-3,464825;2,006209;3,68355
0,577778;1,878485263;0,05237278;(-3.508239000, 2.008257000, 3.654328000);(-0.105156600, 1.670772000, 0.037277000);1,835492;0,1657619;;;-3,508239;2,008257;3,654328
0,5888891;1,932682813;0,05419755;(-3.553154000, 2.008899000, 3.624002000);(-0.105361700, 1.670763000, 0.037162260);1,889683;0,1120695;;;-3,553154;2,008899;3,624002
0,6000003;1,988147333;0,05546452;(-3.599129000, 2.011330000, 3.593072000);(-0.105653600, 1.670764000, 0.037005380);1,94514;0,05872028;;;-3,599129;2,01133;3,593072
0,6111114;2,029537183;0,04138985;(-3.633439000, 2.012585000, 3.569955000);(-0.105953000, 1.670733000, 0.036838730);1,98653;0,02516241;;;-3,633439;2,012585;3,569955
0,6222225;2,054308793;0,02477161;(-3.653825000, 2.010496000, 3.556038000);(-0.106343200, 1.670662000, 0.036504400);2,011146;0,02168802;;;-3,653825;2,010496;3,556038
0,6333337;2,064623393;0,0103146;(-3.661226000, 2.005659000, 3.550726000);(-0.106743800, 1.670600000, 0.036269200);2,020126;0,02428247;;;-3,661226;2,005659;3,550726
0,6444448;2,088719373;0,02409598;(-3.680895000, 2.002314000, 3.537215000);(-0.107155100, 1.670588000, 0.036036800);2,043903;0,04497935;;;-3,680895;2,002314;3,537215
0,655556;2,112711523;0,02399215;(-3.700484000, 2.007291000, 3.524288000);(-0.107626400, 1.670572000, 0.035761970);2,067483;0,06896452;;;-3,700484;2,007291;3,524288
0,6666671;2,136696163;0,02398464;(-3.720356000, 2.007393000, 3.510858000);(-0.108119500, 1.670537000, 0.035475390);2,091462;0,09250143;;;-3,720356;2,007393;3,510858
0,6777782;2,131150307;0,005545856;(-3.716787000, 2.003752000, 3.513040000);(-0.108608700, 1.670557000, 0.035172480);2,087199;0,08781017;;;-3,716787;2,003752;3,51304
0,6888894;2,121873551;0,009276756;(-3.709097000, 2.003390000, 3.518216000);(-0.109099900, 1.670559000, 0.034882980);2,077923;0,07858425;;;-3,709097;2,00339;3,518216
0,7000005;2,111285311;0,01058824;(-3.700412000, 2.001488000, 3.523967000);(-0.109552600, 1.670634000, 0.034576490);2,067468;0,0680019;;;-3,700412;2,001488;3,523967
0,7111117;2,103677173;0,007608138;(-3.694133000, 2.000507000, 3.528150000);(-0.110020600, 1.670598000, 0.034260050);2,059904;0,06039479;;;-3,694133;2,000507;3,52815
0,7222228;2,091259103;0,01241807;(-3.684137000, 1.997118000, 3.534692000);(-0.110307800, 1.670426000, 0.033980500);2,047892;0,04810814;;;-3,684137;1,997118;3,534692
0,7333339;2,079202093;0,01205701;(-3.678625000, 1.986844000, 3.537765000);(-0.110704100, 1.670434000, 0.033590390);2,041427;0,04179166;;;-3,678625;1,986844;3,537765
0,7444451;2,072925882;0,006276211;(-3.676926000, 1.980851000, 3.538531000);(-0.111103900, 1.670386000, 0.033252020);2,03951;0,04112805;;;-3,676926;1,980851;3,538531
0,7555562;2,081248021;0,008322139;(-3.681875000, 1.986850000, 3.535567000);(-0.111548100, 1.670336000, 0.032843960);2,04535;0,04569036;;;-3,681875;1,98685;3,535567
0,7666674;2,089464132;0,008216111;(-3.687470000, 1.991766000, 3.532098000);(-0.111902100, 1.670291000, 0.032479840);2,052006;0,0520121;;;-3,68747;1,991766;3,532098
0,7777785;2,094398928;0,004934796;(-3.690362000, 1.995372000, 3.530372000);(-0.112449200, 1.670447000, 0.032348230);2,055433;0,05549876;;;-3,690362;1,995372;3,530372
0,7888896;2,101358979;0,006960051;(-3.690615000, 2.002322000, 3.530644000);(-0.112759700, 1.670387000, 0.032053070);2,055634;0,05644857;;;-3,690615;2,002322;3,530644
0,8000008;2,103619648;0,002260669;(-3.692230000, 2.003536000, 3.529629000);(-0.113032200, 1.670363000, 0.031756590);2,057567;0,05855609;;;-3,69223;2,003536;3,529629
0,8111119;2,094049651;0,009569997;(-3.685743000, 1.997761000, 3.533648000);(-0.113208700, 1.670343000, 0.031461370);2,049819;0,05008549;;;-3,685743;1,997761;3,533648
0,8222231;2,080824141;0,01322551;(-3.675608000, 1.992292000, 3.540151000);(-0.113450600, 1.670337000, 0.031180280);2,03768;0,03768015;;;-3,675608;1,992292;3,540151
0,8333342;2,067950511;0,01287363;(-3.665611000, 1.987367000, 3.546596000);(-0.113640200, 1.670284000, 0.030801850);2,025709;0,02614179;;;-3,665611;1,987367;3,546596
0,8444453;2,054030631;0,01391988;(-3.654413000, 1.983538000, 3.553924000);(-0.113736800, 1.670246000, 0.030512350);2,012274;0,01483926;;;-3,654413;1,983538;3,553924
0,8555565;2,043900111;0,01013052;(-3.649678000, 1.974985000, 3.556580000);(-0.113875000, 1.670005000, 0.030247350);2,006768;0,01811676;;;-3,649678;1,974985;3,55658
0,8666676;2,054407581;0,01050747;(-3.651691000, 1.964869000, 3.554574000);(-0.113921600, 1.669959000, 0.029958080);2,009492;0,02857031;;;-3,651691;1,964869;3,554574
0,8777788;2,061211091;0,00680351;(-3.654053000, 1.958804000, 3.552591000);(-0.113968700, 1.669909000, 0.029746250);2,012543;0,03533551;;;-3,654053;1,958804;3,552591
0,8888899;2,062527216;0,001316125;(-3.654685000, 1.957762000, 3.552097000);(-0.113990000, 1.669939000, 0.029532210);2,013343;0,03660144;;;-3,654685;1,957762;3,552097
0,900001;2,073894186;0,01136697;(-3.657198000, 1.968803000, 3.551101000);(-0.113999700, 1.670051000, 0.029363950);2,016018;0,02810627;;;-3,657198;1,968803;3,551101
0,9111122;2,087124936;0,01323075;(-3.663547000, 1.979842000, 3.547512000);(-0.114100900, 1.670221000, 0.029280620);2,023385;0,02637227;;;-3,663547;1,979842;3,547512
0,9222233;2,100484626;0,01335969;(-3.670045000, 1.990916000, 3.543824000);(-0.114163600, 1.670400000, 0.029162600);2,030991;0,03101861;;;-3,670045;1,990916;3,543824
0,9333345;2,104131920;0,003647294;(-3.670527000, 1.994530000, 3.543729000);(-0.114220700, 1.670397000, 0.028865590);2,031508;0,0315916;;;-3,670527;1,99453;3,543729
0,9444456;2,092999920;0,011132;(-3.663105000, 1.987610000, 3.548306000);(-0.114202700, 1.670501000, 0.028815400);2,02268;0,02311126;;;-3,663105;1,98761;3,548306
0,9555568;2,081216110;0,01178381;(-3.655703000, 1.979620000, 3.552802000);(-0.114064000, 1.670598000, 0.028744530);2,013922;0,01856102;;;-3,655703;1,97962;3,552802
0,9666679;2,076197347;0,005018763;(-3.654301000, 1.974844000, 3.553445000);(-0.114013500, 1.670636000, 0.028648810);2,012351;0,02102962;;;-3,654301;1,974844;3,553445
0,977779;2,080663252;0,004465905;(-3.656868000, 1.978165000, 3.551921000);(-0.113928200, 1.670732000, 0.028648450);2,015365;0,02061708;;;-3,656868;1,978165;3,551921
0,9888902;2,075551458;0,005111794;(-3.653801000, 1.981554000, 3.554211000);(-0.113832200, 1.670695000, 0.028651910);2,011581;0,01550564;;;-3,653801;1,981554;3,554211
1,000001;2,066873844;0,008677614;(-3.646639000, 1.982054000, 3.559085000);(-0.113797200, 1.670714000, 0.028679620);2,002925;0,01011241;;;-3,646639;1,982054;3,559085
1,011112;2,062571617;0,004302227;(-3.644009000, 1.984841000, 3.561040000);(-0.113688500, 1.670708000, 0.028622340);1,999689;0,006846685;;;-3,644009;1,984841;3,56104
