time;total distance traveled;distance to prev position;ray position;hmd position;distance to prev target;distance to current target
(-3.387770000, 1.804059000, 3.803317000);(-4.090166000, 3.278973000, 2.649511000);0,2777778;0,2666667

0;-0,01125809;0,01125809;(-3.397523000, 1.793707000, 3.781322000);(-0.134175700, 1.672229000, 0.048971200);0,02619218;1,991674;;;-3,397523;1,793707;3,781322
0,01111111;-0,01748019;0,0062221;(-3.395234000, 1.789394000, 3.785179000);(-0.134085300, 1.672227000, 0.049252000);0,0244893;1,997878;;;-3,395234;1,789394;3,785179
0,02222222;-0,019958943;0,002478753;(-3.394365000, 1.790561000, 3.787186000);(-0.133963700, 1.672305000, 0.049384740);0,02204264;1,998453;;;-3,394365;1,790561;3,787186
0,03333334;-0,015017294;0,004941649;(-3.395818000, 1.787477000, 3.783609000);(-0.133846300, 1.672283000, 0.049637640);0,02698383;1,998214;;;-3,395818;1,787477;3,783609
0,04444445;-0,009826735;0,005190559;(-3.397607000, 1.784936000, 3.779451000);(-0.133726500, 1.672172000, 0.049787420);0,03212471;1,997135;;;-3,397607;1,784936;3,779451
0,05555556;-0,001536453;0,008290282;(-3.400345000, 1.780528000, 3.772986000);(-0.133646800, 1.672178000, 0.050033410);0,0403953;1,995842;;;-3,400345;1,780528;3,772986
0,06666667;0,003952544;0,005488997;(-3.402120000, 1.777504000, 3.768762000);(-0.133704700, 1.672228000, 0.050347530);0,04588068;1,995129;;;-3,40212;1,777504;3,768762
0,07777778;0,007871263;0,003918719;(-3.403766000, 1.779406000, 3.765757000);(-0.133637600, 1.672248000, 0.050591130);0,04769009;1,991445;;;-3,403766;1,779406;3,765757
0,08888889;0,012050747;0,004179484;(-3.404978000, 1.782983000, 3.763967000);(-0.133553400, 1.672253000, 0.050846870);0,04784055;1,98733;;;-3,404978;1,782983;3,763967
0,1;0,006571890;0,005478857;(-3.402589000, 1.780990000, 3.768476000);(-0.133460600, 1.672274000, 0.051104390);0,04433497;1,992185;;;-3,402589;1,78099;3,768476
0,1111111;-0,000659655;0,007231545;(-3.399383000, 1.779149000, 3.774692000);(-0.133466400, 1.672153000, 0.051156660);0,03968262;1,99817;;;-3,399383;1,779149;3,774692
0,1222222;0,000843709;0,001503364;(-3.399397000, 1.777679000, 3.774377000);(-0.133366600, 1.672166000, 0.051388350);0,04084758;1,999092;;;-3,399397;1,777679;3,774377
0,1333333;0,003724621;0,002880912;(-3.398623000, 1.775128000, 3.775468000);(-0.133244600, 1.672112000, 0.051631950);0,04159688;2,00189;;;-3,398623;1,775128;3,775468
0,1444445;-0,009065049;0,01278967;(-3.393197000, 1.769257000, 3.785452000);(-0.133079800, 1.672189000, 0.051959980);0,03949378;2,013795;;;-3,393197;1,769257;3,785452
0,1555556;-0,019898519;0,01083347;(-3.388382000, 1.767962000, 3.795070000);(-0.132945200, 1.672188000, 0.052206960);0,03703172;2,02187;;;-3,388382;1,767962;3,79507
0,1666667;-0,029180194;0,009281675;(-3.384282000, 1.767510000, 3.803384000);(-0.132743400, 1.672096000, 0.052445730);0,03671455;2,028353;;;-3,384282;1,76751;3,803384
0,1777778;-0,039590074;0,01040988;(-3.380007000, 1.769811000, 3.812593000);(-0.132609600, 1.672154000, 0.052726470);0,03632098;2,033385;;;-3,380007;1,769811;3,812593
0,1888889;-0,047406812;0,007816738;(-3.377875000, 1.775059000, 3.817979000);(-0.132449500, 1.672167000, 0.053052860);0,03396839;2,03333;;;-3,377875;1,775059;3,817979
0,2;-0,053507771;0,006100959;(-3.377362000, 1.780745000, 3.820131000);(-0.132341500, 1.672271000, 0.053368350);0,03057106;2,030549;;;-3,377362;1,780745;3,820131
0,2111111;-0,059452852;0,005945081;(-3.375962000, 1.785162000, 3.823857000);(-0.132204600, 1.672352000, 0.053692240);0,03030551;2,029938;;;-3,375962;1,785162;3,823857
0,2222222;-0,067607201;0,008154349;(-3.376677000, 1.793284000, 3.823963000);(-0.132288000, 1.672641000, 0.054159400);0,02579551;2,023777;;;-3,376677;1,793284;3,823963
0,2333333;-0,076820311;0,00921311;(-3.377476000, 1.802461000, 3.824105000);(-0.132243200, 1.672934000, 0.054599720);0,02325212;2,01685;;;-3,377476;1,802461;3,824105
0,2444444;-0,095235091;0,01841478;(-3.381858000, 1.819415000, 3.818407000);(-0.132173600, 1.673343000, 0.055245840);0,02232725;1,999582;;;-3,381858;1,819415;3,818407
0,2555556;-0,069577021;0,02565807;(-3.388668000, 1.842243000, 3.808874000);(-0.132160700, 1.673727000, 0.055754680);0,0385968;1,974947;;;-3,388668;1,842243;3,808874
0,2666667;-0,041077021;0,0285;(-3.396595000, 1.867119000, 3.797447000);(-0.132143000, 1.674059000, 0.056239980);0,06394488;1,947339;;;-3,396595;1,867119;3,797447
0,2777778;-0,000448831;0,04062819;(-3.410314000, 1.898353000, 3.775381000);(-0.132093900, 1.674349000, 0.056728390);0,1008957;1,906802;;;-3,410314;1,898353;3,775381
0,2888889;0,042010389;0,04245922;(-3.424975000, 1.930262000, 3.751515000);(-0.131986200, 1.674696000, 0.057175360);0,1414037;1,86438;;;-3,424975;1,930262;3,751515
0,3;0,097720609;0,05571022;(-3.445475000, 1.968873000, 3.716981000);(-0.131867800, 1.674860000, 0.057621680);0,194801;1,808723;;;-3,445475;1,968873;3,716981
0,3111111;0,149835759;0,05211515;(-3.464102000, 2.006488000, 3.686093000);(-0.131854400, 1.674999000, 0.058067050);0,2460607;1,756609;;;-3,464102;2,006488;3,686093
0,3222222;0,219908889;0,07007313;(-3.488404000, 2.058906000, 3.646443000);(-0.131716700, 1.675016000, 0.058503830);0,315727;1,686581;;;-3,488404;2,058906;3,646443
0,3333333;0,303472819;0,08356393;(-3.517596000, 2.120906000, 3.598624000);(-0.131523200, 1.675160000, 0.058951340);0,3989316;1,60305;;;-3,517596;2,120906;3,598624
0,3444445;0,393190219;0,0897174;(-3.551788000, 2.179486000, 3.539899000);(-0.131296200, 1.675272000, 0.059205020);0,4870689;1,513775;;;-3,551788;2,179486;3,539899
0,3555556;0,463486369;0,07029615;(-3.579100000, 2.223599000, 3.492469000);(-0.131032800, 1.675324000, 0.059637810);0,5561002;1,444154;;;-3,5791;2,223599;3,492469
0,3666667;0,523585709;0,06009934;(-3.601755000, 2.263637000, 3.453795000);(-0.130680300, 1.675246000, 0.060050780);0,6157652;1,384314;;;-3,601755;2,263637;3,453795
0,3777778;0,586102069;0,06251636;(-3.625686000, 2.304105000, 3.412589000);(-0.130328000, 1.675164000, 0.060456180);0,6777301;1,32227;;;-3,625686;2,304105;3,412589
0,3888889;0,652548309;0,06644624;(-3.650662000, 2.348592000, 3.370020000);(-0.130030200, 1.675159000, 0.061064090);0,743892;1,256147;;;-3,650662;2,348592;3,37002
0,4;0,722139879;0,06959157;(-3.675977000, 2.397645000, 3.327641000);(-0.129563900, 1.674973000, 0.061472500);0,8134344;1,186656;;;-3,675977;2,397645;3,327641
0,4111111;0,786131369;0,06399149;(-3.699742000, 2.441361000, 3.287403000);(-0.128909600, 1.674472000, 0.061832870);0,8772954;1,122912;;;-3,699742;2,441361;3,287403
0,4222222;0,848189849;0,06205848;(-3.723300000, 2.482182000, 3.247031000);(-0.128344600, 1.674136000, 0.062154670);0,9390873;1,061366;;;-3,7233;2,482182;3,247031
0,4333333;0,904028399;0,05583855;(-3.744812000, 2.517864000, 3.209856000);(-0.127778800, 1.673851000, 0.062455860);0,9945813;1,006252;;;-3,744812;2,517864;3,209856
0,4444444;0,959045979;0,05501758;(-3.767706000, 2.545781000, 3.168342000);(-0.127160800, 1.673730000, 0.062809370);1,04771;0,954325;;;-3,767706;2,545781;3,168342
0,4555556;1,017895129;0,05884915;(-3.791747000, 2.577911000, 3.125296000);(-0.126573900, 1.673663000, 0.063096460);1,105331;0,8982834;;;-3,791747;2,577911;3,125296
0,4666667;1,077437689;0,05954256;(-3.817532000, 2.601270000, 3.076976000);(-0.126119100, 1.673691000, 0.063261470);1,160953;0,8463672;;;-3,817532;2,60127;3,076976
0,4777778;1,132785649;0,05534796;(-3.840034000, 2.631985000, 3.036807000);(-0.125711000, 1.673804000, 0.063488860);1,215542;0,794454;;;-3,840034;2,631985;3,036807
0,4888889;1,184354139;0,05156849;(-3.858400000, 2.669377000, 3.006412000);(-0.125421700, 1.674042000, 0.063588640);1,267015;0,7434385;;;-3,8584;2,669377;3,006412
0,5;1,237594979;0,05324084;(-3.876494000, 2.710051000, 2.977209000);(-0.125125100, 1.674262000, 0.063732200);1,319897;0,6904445;;;-3,876494;2,710051;2,977209
0,5111111;1,292401339;0,05480636;(-3.894652000, 2.752927000, 2.948301000);(-0.124793300, 1.674418000, 0.063852150);1,374166;0,6357871;;;-3,894652;2,752927;2,948301
0,5222223;1,344735879;0,05233454;(-3.912257000, 2.793304000, 2.920040000);(-0.124554900, 1.674598000, 0.063859630);1,426138;0,5837052;;;-3,912257;2,793304;2,92004
0,5333334;1,392939269;0,04820339;(-3.928473000, 2.830496000, 2.894013000);(-0.124348000, 1.674729000, 0.063827780);1,47403;0,5357777;;;-3,928473;2,830496;2,894013
0,5444446;1,439350859;0,04641159;(-3.944178000, 2.866103000, 2.868724000);(-0.124203700, 1.674848000, 0.063602830);1,520194;0,4897232;;;-3,944178;2,866103;2,868724
0,5555557;1,470487599;0,03113674;(-3.953848000, 2.891698000, 2.853863000);(-0.124074300, 1.675028000, 0.063425350);1,550763;0,4586111;;;-3,953848;2,891698;2,853863
0,5666668;1,507085879;0,03659828;(-3.965878000, 2.920528000, 2.834795000);(-0.124014300, 1.675153000, 0.063086950);1,587055;0,4222094;;;-3,965878;2,920528;2,834795
0,577778;1,541941089;0,03485521;(-3.977384000, 2.947880000, 2.816510000);(-0.123950600, 1.675310000, 0.062816490);1,621653;0,3875965;;;-3,977384;2,94788;2,81651
0,5888891;1,579904269;0,03796318;(-3.988364000, 2.980409000, 2.800309000);(-0.124142300, 1.675454000, 0.062665510);1,658475;0,3496339;;;-3,988364;2,980409;2,800309
0,6000003;1,620921059;0,04101679;(-3.998367000, 3.017923000, 2.787078000);(-0.124161800, 1.675550000, 0.062310510);1,696772;0,309029;;;-3,998367;3,017923;2,787078
0,6111114;1,659541759;0,0386207;(-4.003771000, 3.055984000, 2.783376000);(-0.124175500, 1.675656000, 0.061939980);1,728309;0,2740585;;;-4,003771;3,055984;2,783376
0,6222225;1,692232319;0,03269056;(-4.008519000, 3.088138000, 2.779873000);(-0.124201100, 1.675787000, 0.061537820);1,755456;0,2451093;;;-4,008519;3,088138;2,779873
0,6333337;1,725269429;0,03303711;(-4.017515000, 3.117236000, 2.767074000);(-0.124216600, 1.675939000, 0.061187410);1,787404;0,2127394;;;-4,017515;3,117236;2,767074
0,6444448;1,741037379;0,01576795;(-4.024198000, 3.124522000, 2.754790000);(-0.124183300, 1.676120000, 0.060743320);1,802241;0,1982185;;;-4,024198;3,124522;2,75479
0,655556;1,759605299;0,01856792;(-4.032153000, 3.132500000, 2.740031000);(-0.124187700, 1.676302000, 0.060402590);1,819495;0,181697;;;-4,032153;3,1325;2,740031
0,6666671;1,778219209;0,01861391;(-4.039957000, 3.129354000, 2.723427000);(-0.124224300, 1.676482000, 0.060040970);1,829731;0,1742708;;;-4,039957;3,129354;2,723427
0,7333339;1,901829309;0,1236101;(-4.073028000, 3.238990000, 2.676890000);(-0.124126300, 1.677219000, 0.057693740);1,948703;0,05139977;;;-4,073028;3,23899;2,67689
0,8444453;1,925126949;0,02329764;(-4.071685000, 3.261156000, 2.683936000);(-0.122211700, 1.678248000, 0.054474610);1,960583;0,04294213;;;-4,071685;3,261156;2,683936
0,8555565;1,929297570;0,004170621;(-4.073523000, 3.262442000, 2.680419000);(-0.121988000, 1.678383000, 0.054308320);1,964189;0,03880195;;;-4,073523;3,262442;2,680419
0,8666676;1,942230100;0,01293253;(-4.077416000, 3.254582000, 2.670916000);(-0.121662700, 1.678632000, 0.054233100);1,965187;0,03486644;;;-4,077416;3,254582;2,670916
0,8777788;1,928301050;0,01392905;(-4.075775000, 3.240767000, 2.671604000);(-0.121408500, 1.678711000, 0.054056370);1,954036;0,0464208;;;-4,075775;3,240767;2,671604
0,9333345;1,950114690;0,02181364;(-4.081899000, 3.226494000, 2.656287000);(-0.120260600, 1.679170000, 0.053272060);1,95469;0,05355674;;;-4,081899;3,226494;2,656287
0,9444456;1,939274440;0,01084025;(-4.078171000, 3.231821000, 2.664960000);(-0.120075700, 1.679166000, 0.053152640);1,952182;0,05104756;;;-4,078171;3,231821;2,66496
0,9555568;1,944563171;0,005288731;(-4.079770000, 3.236243000, 2.662539000);(-0.119896400, 1.679182000, 0.053060910);1,957393;0,04586567;;;-4,07977;3,236243;2,662539
0,9666679;1,950956221;0,00639305;(-4.081457000, 3.241943000, 2.660186000);(-0.119724100, 1.679183000, 0.052969810);1,963532;0,03950997;;;-4,081457;3,241943;2,660186
0,977779;1,953926005;0,002969784;(-4.081228000, 3.244727000, 2.661194000);(-0.119552100, 1.679179000, 0.052869580);1,964906;0,03727133;;;-4,081228;3,244727;2,661194
0,9888902;1,956154295;0,00222829;(-4.081886000, 3.246616000, 2.660212000);(-0.119409200, 1.679204000, 0.052799010);1,967094;0,03507192;;;-4,081886;3,246616;2,660212
1,000001;1,961384672;0,005230377;(-4.084176000, 3.248413000, 2.655866000);(-0.119248300, 1.679276000, 0.052780230);1,971746;0,03178349;;;-4,084176;3,248413;2,655866
1,011112;1,957067455;0,004317217;(-4.082841000, 3.244854000, 2.657913000);(-0.119157900, 1.679318000, 0.052689520);1,967477;0,0358937;;;-4,082841;3,244854;2,657913
1,022224;1,958687819;0,001620364;(-4.082868000, 3.246454000, 2.658169000);(-0.119041000, 1.679422000, 0.052682180);1,968509;0,0344345;;;-4,082868;3,246454;2,658169
1,033335;1,951198512;0,007489307;(-4.084365000, 3.240458000, 2.653938000);(-0.118962900, 1.679397000, 0.052579600);1,96712;0,03919974;;;-4,084365;3,240458;2,653938
1,044446;1,935745722;0,01545279;(-4.086720000, 3.227106000, 2.646525000);(-0.118912600, 1.679382000, 0.052460280);1,96259;0,05206756;;;-4,08672;3,227106;2,646525
1,055557;1,940781992;0,00503627;(-4.088732000, 3.225697000, 2.642129000);(-0.118857600, 1.679393000, 0.052350480);1,964882;0,05380427;;;-4,088732;3,225697;2,642129
1,066668;1,946004396;0,005222404;(-4.089355000, 3.230875000, 2.641856000);(-0.118630600, 1.679245000, 0.052172980);1,969014;0,04871022;;;-4,089355;3,230875;2,641856
1,077779;1,965918026;0,01991363;(-4.084566000, 3.245493000, 2.654502000);(-0.118678700, 1.678938000, 0.051929260);1,970541;0,03430977;;;-4,084566;3,245493;2,654502
