time;total distance traveled;distance to prev position;controller position;controller rotation;camera position;tracker distance to hmd;distance to prev target;distance to current target
(-4.066617000, 2.396086000, 3.052521000);(-2.930503000, 1.194912000, 4.177876000)

0;0,0003931861;0,0003931861;(-0.568820800, 1.553774000, 0.468253600);(349.27, 306.81, 125.68);(-0.143441400, 1.654316000, 0.047097530);0,606983400;4,42973;4,412213;;;-0,5688208;1,553774;0,4682536
0,01111111;-0,0000684481;0,0004616342;(-0.568764600, 1.553940000, 0.468680600);(349.23, 306.88, 125.69);(-0.143451300, 1.654149000, 0.047081140);0,607189700;4,429493;4,411898;;;-0,5687646;1,55394;0,4686806
0,02222222;-0,0004152855;0,0003468374;(-0.568628300, 1.554191000, 0.468877700);(349.19, 306.92, 126.03);(-0.143433000, 1.654104000, 0.047082330);0,607194300;4,429439;4,411825;;;-0,5686283;1,554191;0,4688777
0,03333334;-0,0001332043;0,0002820812;(-0.568468700, 1.554342000, 0.468701300);(349.17, 306.90, 126.28);(-0.143437400, 1.654048000, 0.046959960);0,607008000;4,429639;4,412071;;;-0,5684687;1,554342;0,4687013
0,04444445;0,0000354012;0,0001686055;(-0.568510300, 1.554411000, 0.468552900);(349.14, 306.89, 126.24);(-0.143409700, 1.654030000, 0.046929980);0,606959900;4,429679;4,412179;;;-0,5685103;1,554411;0,4685529
0,05555556;0,0001416240;0,0001062228;(-0.568494100, 1.554331000, 0.468485000);(349.13, 306.81, 126.08);(-0.143410000, 1.654056000, 0.046826260);0,606990800;4,429747;4,412239;;;-0,5684941;1,554331;0,468485
0,06666667;0,0002740428;0,0001324188;(-0.568485700, 1.554199000, 0.468474400);(349.19, 306.73, 126.01);(-0.143366400, 1.653970000, 0.046697390);0,607105100;4,429785;4,412241;;;-0,5684857;1,554199;0,4684744
0,07777778;0,0006705961;0,0003965533;(-0.568123200, 1.554168000, 0.468316500);(349.31, 306.70, 126.09);(-0.143270200, 1.653861000, 0.046531870);0,606911000;4,430169;4,412565;;;-0,5681232;1,554168;0,4683165
0,08888889;0,0011344511;0,000463855;(-0.567670600, 1.554086000, 0.468256900);(349.34, 306.70, 126.19);(-0.143203300, 1.653811000, 0.046512920);0,606618200;4,430577;4,412851;;;-0,5676706;1,554086;0,4682569
0,1;0,0007214746;0,0004129765;(-0.567491200, 1.554424000, 0.468412300);(349.22, 306.60, 126.30);(-0.143113300, 1.653921000, 0.046405630);0,606700800;4,430564;4,412844;;;-0,5674912;1,554424;0,4684123
0,1111111;0,0010703019;0,0003488273;(-0.567154400, 1.554341000, 0.468448200);(349.08, 306.61, 126.37);(-0.143047300, 1.653974000, 0.046414450);0,606552600;4,430825;4,412988;;;-0,5671544;1,554341;0,4684482
0,1222222;0,00098704069;0,00008326121;(-0.567170600, 1.554288000, 0.468510300);(349.00, 306.70, 126.32);(-0.143007500, 1.654011000, 0.046327670);0,606710100;4,430786;4,412922;;;-0,5671706;1,554288;0,4685103
0,1333333;0,00068818259;0,0002988581;(-0.567404900, 1.554139000, 0.468399400);(348.95, 306.76, 126.29);(-0.143090000, 1.653991000, 0.046184850);0,606859800;4,430694;4,412878;;;-0,5674049;1,554139;0,4683994
0,1444445;0,00104980169;0,0003616191;(-0.567421600, 1.553778000, 0.468422600);(349.01, 306.66, 126.31);(-0.143038300, 1.654058000, 0.046079230);0,607067700;4,430736;4,41282;;;-0,5674216;1,553778;0,4684226
0,1555556;0,00141579139;0,0003659897;(-0.567203900, 1.553507000, 0.468309100);(349.19, 306.62, 126.22);(-0.142945700, 1.654087000, 0.045944940);0,607044300;4,431025;4,41301;;;-0,5672039;1,553507;0,4683091
0,1666667;0,00109248859;0,0003233028;(-0.567070100, 1.553391000, 0.468579400);(349.28, 306.63, 125.86);(-0.142911700, 1.654124000, 0.045750570);0,607323500;4,430995;4,412845;;;-0,5670701;1,553391;0,4685794
0,1777778;0,00006166759;0,001030821;(-0.566671600, 1.553012000, 0.469451300);(349.30, 306.67, 125.50);(-0.142882500, 1.654222000, 0.045614970);0,607847000;4,430874;4,412295;;;-0,5666716;1,553012;0,4694513
0,1888889;0,00162745859;0,001565791;(-0.565850100, 1.552248000, 0.470543600);(349.26, 306.78, 125.08);(-0.142809400, 1.654232000, 0.045404390);0,608364600;4,431031;4,411755;;;-0,5658501;1,552248;0,4705436
0,2;-0,00046291041;0,002090369;(-0.564954300, 1.551258000, 0.472152400);(349.29, 307.10, 124.82);(-0.142752200, 1.654263000, 0.045228730);0,609203200;4,430991;4,410804;;;-0,5649543;1,551258;0,4721524
0,2111111;0,00159681759;0,002059728;(-0.563933500, 1.550084000, 0.473502000);(349.34, 307.46, 124.83);(-0.142757700, 1.654265000, 0.045120910);0,609715600;4,431236;4,410123;;;-0,5639335;1,550084;0,473502
0,2222222;0,00441625559;0,002819438;(-0.562722100, 1.548556000, 0.475538300);(349.35, 307.70, 124.91);(-0.142729800, 1.654283000, 0.044906090);0,610750200;4,431301;4,40894;;;-0,5627221;1,548556;0,4755383
0,2333333;0,00744222959;0,003025974;(-0.561457800, 1.546747000, 0.477608300);(349.42, 307.97, 125.01);(-0.142745400, 1.654343000, 0.044777650);0,611751300;4,431444;4,407737;;;-0,5614578;1,546747;0,4776083
0,2444444;0,01160442059;0,004162191;(-0.559734500, 1.544176000, 0.480391600);(349.57, 308.31, 124.74);(-0.142731700, 1.654294000, 0.044528800);0,613183300;4,431684;4,406123;;;-0,5597345;1,544176;0,4803916
0,2555556;0,01575133659;0,004146916;(-0.557987500, 1.541544000, 0.483078400);(349.80, 308.76, 124.28);(-0.142719300, 1.654270000, 0.044340450);0,614528800;4,432015;4,404601;;;-0,5579875;1,541544;0,4830784
0,2666667;0,02146017559;0,005708839;(-0.555506200, 1.537681000, 0.486471300);(350.05, 309.21, 123.98);(-0.142749600, 1.654238000, 0.044024660);0,616208200;4,432761;4,402791;;;-0,5555062;1,537681;0,4864713
0,2777778;0,02803706959;0,006576894;(-0.552799300, 1.533257000, 0.490515400);(350.40, 309.76, 123.69);(-0.142724800, 1.654218000, 0.043788750);0,618350500;4,433426;4,400521;;;-0,5527993;1,533257;0,4905154
0,2888889;0,03517769859;0,007140629;(-0.549579600, 1.528426000, 0.494672200);(350.86, 310.36, 123.62);(-0.142712300, 1.654193000, 0.043489170);0,620422900;4,434521;4,398411;;;-0,5495796;1,528426;0,4946722
0,3;0,04300941259;0,007831714;(-0.546323500, 1.523074000, 0.499372800);(351.29, 311.06, 123.48);(-0.142645200, 1.654210000, 0.043221730);0,623078300;4,435446;4,395838;;;-0,5463235;1,523074;0,4993728
0,3111111;0,05070144659;0,007692034;(-0.543171100, 1.517742000, 0.503933100);(351.78, 311.80, 123.24);(-0.142557800, 1.654056000, 0.042864700);0,625824700;4,436379;4,393339;;;-0,5431711;1,517742;0,5039331
0,3222222;0,05965343159;0,008951985;(-0.539587600, 1.511299000, 0.509011300);(352.27, 312.51, 123.07);(-0.142483100, 1.653838000, 0.042467430);0,629025000;4,437593;4,390574;;;-0,5395876;1,511299;0,5090113
0,3333333;0,06885479659;0,009201365;(-0.535470100, 1.504499000, 0.513644200);(352.90, 313.25, 123.14);(-0.142404100, 1.653704000, 0.041972230);0,631852300;4,439575;4,388464;;;-0,5354701;1,504499;0,5136442
0,3444445;0,07783971059;0,008984914;(-0.531742100, 1.497986000, 0.518584700);(353.44, 313.90, 123.18);(-0.142291400, 1.653589000, 0.041480910);0,635226100;4,441031;4,385923;;;-0,5317421;1,497986;0,5185847
0,3555556;0,07046610559;0,007373605;(-0.529381500, 1.493818000, 0.524190700);(354.04, 314.53, 123.05);(-0.142224100, 1.653461000, 0.041072090);0,639359500;4,440561;4,382254;;;-0,5293815;1,493818;0,5241907
0,3666667;0,07957007959;0,009103974;(-0.525444700, 1.487278000, 0.529151400);(354.57, 315.17, 122.78);(-0.142155500, 1.653431000, 0.040652830);0,642766400;4,44221;4,379837;;;-0,5254447;1,487278;0,5291514
0,3777778;0,08886271859;0,009292639;(-0.521535900, 1.480597000, 0.534293600);(355.03, 315.82, 122.19);(-0.142058600, 1.653513000, 0.040243340);0,646520400;4,443781;4,377263;;;-0,5215359;1,480597;0,5342936
0,3888889;0,09855487659;0,009692158;(-0.517275500, 1.473816000, 0.539752800);(355.57, 316.50, 121.82);(-0.142040900, 1.653602000, 0.039840060);0,650412900;4,445494;4,374631;;;-0,5172755;1,473816;0,5397528
0,4;0,10836276559;0,009807889;(-0.512851400, 1.466665000, 0.544802200);(356.11, 317.16, 121.66);(-0.142139800, 1.653659000, 0.039445240);0,654048400;4,447665;4,372427;;;-0,5128514;1,466665;0,5448022
0,4111111;0,11848754559;0,01012478;(-0.508614400, 1.459540000, 0.550614900);(356.69, 317.77, 121.37);(-0.142154600, 1.653868000, 0.039079030);0,658578200;4,449274;4,369507;;;-0,5086144;1,45954;0,5506149
0,4222222;0,12882556559;0,01033802;(-0.503862100, 1.451982000, 0.555826400);(357.35, 318.44, 121.26);(-0.142195100, 1.653980000, 0.038726290);0,662569900;4,451746;4,367369;;;-0,5038621;1,451982;0,5558264
0,4333333;0,13936573559;0,01054017;(-0.499281600, 1.444498000, 0.561666800);(358.08, 319.20, 121.22);(-0.142214800, 1.653995000, 0.038335520);0,667279100;4,453735;4,364642;;;-0,4992816;1,444498;0,5616668
0,4444444;0,14913644459;0,009770709;(-0.494598700, 1.437567000, 0.566716800);(358.74, 319.90, 121.59);(-0.142236000, 1.654087000, 0.037963700);0,671282500;4,456153;4,362681;;;-0,4945987;1,437567;0,5667168
0,4555556;0,15838242959;0,009245985;(-0.489961400, 1.431133000, 0.571469200);(359.33, 320.63, 122.14);(-0.142266500, 1.654151000, 0.037622410);0,674997300;4,458612;4,360988;;;-0,4899614;1,431133;0,5714692
0,4666667;0,16653297359;0,008150544;(-0.485708800, 1.425734000, 0.575850500);(359.80, 321.33, 122.67);(-0.142359900, 1.654312000, 0.037301500);0,678359400;4,460761;4,359459;;;-0,4857088;1,425734;0,5758505
0,4777778;0,17429649359;0,00776352;(-0.481862100, 1.420241000, 0.579762900);(0.22, 322.01, 122.50);(-0.142445000, 1.654448000, 0.037019860);0,681635400;4,462877;4,358099;;;-0,4818621;1,420241;0,5797629
0,4888889;0,18232884559;0,008032352;(-0.478203500, 1.414562000, 0.584107200);(0.62, 322.53, 121.76);(-0.142671100, 1.654374000, 0.036625160);0,685440400;4,464658;4,356282;;;-0,4782035;1,414562;0,5841072
0,5;0,18885901259;0,006530167;(-0.474661400, 1.409982000, 0.587128200);(1.07, 322.99, 121.51);(-0.142837300, 1.654593000, 0.036484020);0,687859400;4,466846;4,355558;;;-0,4746614;1,409982;0,5871282
0,5111111;0,19662421059;0,007765198;(-0.470597700, 1.404852000, 0.591307300);(1.37, 323.14, 121.59);(-0.142960700, 1.654819000, 0.036353420);0,691233200;4,468946;4,354157;;;-0,4705977;1,404852;0,5913073
0,5222223;0,20295765159;0,006333441;(-0.466831000, 1.400886000, 0.594500300);(1.71, 323.52, 121.94);(-0.143220600, 1.655088000, 0.036366000);0,693437900;4,471102;4,353468;;;-0,466831;1,400886;0,5945003
0,5333334;0,20899448559;0,006036834;(-0.463238400, 1.397254000, 0.597717300);(1.99, 323.94, 122.43);(-0.143436500, 1.655365000, 0.036420960);0,695663600;4,473037;4,352685;;;-0,4632384;1,397254;0,5977173
0,5444446;0,21453969059;0,005545205;(-0.459871400, 1.393920000, 0.600597300);(2.20, 324.38, 122.74);(-0.143668300, 1.655533000, 0.036481810);0,697604500;4,474917;4,352074;;;-0,4598714;1,39392;0,6005973
0,5555557;0,21887948959;0,004339799;(-0.457084700, 1.391799000, 0.603160600);(2.43, 324.74, 123.10);(-0.143857800, 1.655718000, 0.036642090);0,699076200;4,476235;4,351454;;;-0,4570847;1,391799;0,6031606
0,5666668;0,22262026159;0,003740772;(-0.454469800, 1.390026000, 0.605163600);(2.54, 325.02, 123.19);(-0.144039400, 1.655757000, 0.036754980);0,700048900;4,477647;4,351216;;;-0,4544698;1,390026;0,6051636
0,577778;0,22610750559;0,003487244;(-0.452084400, 1.388491000, 0.607191800);(2.65, 325.33, 122.77);(-0.144182000, 1.655689000, 0.036935280);0,700993200;4,478809;4,350841;;;-0,4520844;1,388491;0,6071918
0,5888891;0,22837497259;0,002267467;(-0.450425600, 1.387542000, 0.608412000);(2.73, 325.67, 122.19);(-0.144326500, 1.655615000, 0.037130070);0,701372100;4,479695;4,350743;;;-0,4504256;1,387542;0,608412
0,6000003;0,22947764059;0,001102668;(-0.449466000, 1.387460000, 0.608949200);(2.72, 325.83, 121.69);(-0.144378700, 1.655446000, 0.037403540);0,701112900;4,480196;4,350846;;;-0,449466;1,38746;0,6089492
0,6111114;0,23135430259;0,001876662;(-0.447951900, 1.386947000, 0.609931900);(2.58, 325.61, 122.21);(-0.144443600, 1.655397000, 0.037710500);0,701156300;4,480998;4,350881;;;-0,4479519;1,386947;0,6099319
0,6222225;0,23379490059;0,002440598;(-0.445967900, 1.386193000, 0.611136600);(2.63, 325.59, 122.70);(-0.144506000, 1.655261000, 0.038066220);0,701203600;4,482114;4,350992;;;-0,4459679;1,386193;0,6111366
0,6333337;0,23502015659;0,001225256;(-0.444895100, 1.386325000, 0.611713400);(2.74, 325.79, 122.81);(-0.144583600, 1.655169000, 0.038431540);0,700796700;4,482636;4,351138;;;-0,4448951;1,386325;0,6117134
0,6444448;0,23607199059;0,001051834;(-0.444032700, 1.386526000, 0.612281200);(2.86, 326.00, 122.62);(-0.144628200, 1.655045000, 0.038745180);0,700492100;4,482979;4,351174;;;-0,4440327;1,386526;0,6122812
0,655556;0,23709947059;0,00102748;(-0.443649500, 1.387475000, 0.612194600);(2.85, 326.06, 122.37);(-0.144546200, 1.654818000, 0.039105610);0,699546900;4,483122;4,351506;;;-0,4436495;1,387475;0,6121946
0,6666671;0,23793577809;0,0008363075;(-0.443110900, 1.388083000, 0.612393100);(2.70, 325.90, 121.85);(-0.144505500, 1.654570000, 0.039480340);0,698863000;4,483313;4,351678;;;-0,4431109;1,388083;0,6123931
0,6777782;0,23864414409;0,000708366;(-0.442801500, 1.388720000, 0.612416600);(2.61, 325.91, 121.62);(-0.144423800, 1.654358000, 0.039923440);0,698098400;4,483407;4,351864;;;-0,4428015;1,38872;0,6124166
0,6888894;0,23928347989;0,0006393358;(-0.442262800, 1.389064000, 0.612405700);(2.42, 325.91, 121.24);(-0.144318700, 1.654122000, 0.040322500);0,697356200;4,483771;4,352196;;;-0,4422628;1,389064;0,6124057
0,7000005;0,23970803299;0,0004245531;(-0.441991900, 1.389192000, 0.612104900);(2.36, 325.94, 121.32);(-0.144147300, 1.653836000, 0.040778530);0,696535200;4,484125;4,352603;;;-0,4419919;1,389192;0,6121049
0,7111117;0,24030940409;0,0006013711;(-0.441767300, 1.389163000, 0.611547800);(2.35, 325.89, 121.77);(-0.143931400, 1.653593000, 0.041159760);0,695680600;4,484616;4,353187;;;-0,4417673;1,389163;0,6115478
0,7222228;0,24087684239;0,0005674383;(-0.441575200, 1.389006000, 0.611037500);(2.37, 325.80, 122.02);(-0.143669600, 1.653280000, 0.041567220);0,694899000;4,485084;4,353708;;;-0,4415752;1,389006;0,6110375
0,7333339;0,24144015159;0,0005633092;(-0.441794900, 1.389023000, 0.610519100);(2.50, 325.75, 121.84);(-0.143224000, 1.652948000, 0.041861310);0,694386800;4,485186;4,354008;;;-0,4417949;1,389023;0,6105191
0,7444451;0,24183453259;0,000394381;(-0.441909700, 1.389158000, 0.610167000);(2.65, 325.67, 121.52);(-0.142857700, 1.652563000, 0.042167140);0,693857500;4,485254;4,354237;;;-0,4419097;1,389158;0,610167
0,7555562;0,24250778759;0,000673255;(-0.442027700, 1.389639000, 0.609711100);(2.69, 325.58, 121.33);(-0.142633500, 1.652159000, 0.042382550);0,693119800;4,485299;4,354564;;;-0,4420277;1,389639;0,6097111
0,7666674;0,24198651649;0,0005212711;(-0.442186100, 1.390070000, 0.609464200);(2.62, 325.47, 121.25);(-0.142308800, 1.651937000, 0.042528050);0,692760500;4,485209;4,354695;;;-0,4421861;1,39007;0,6094642
0,7777785;0,24105160499;0,0009349115;(-0.442541000, 1.390699000, 0.608870400);(2.50, 325.37, 121.21);(-0.141951300, 1.651803000, 0.042709780);0,692146900;4,485104;4,355007;;;-0,442541;1,390699;0,6088704
0,7888896;0,24060320609;0,0004483989;(-0.442790000, 1.390788000, 0.608508200);(2.21, 325.22, 121.42);(-0.141611700, 1.651706000, 0.042892770);0,691886800;4,485081;4,355166;;;-0,44279;1,390788;0,6085082
0,8000008;0,24097977989;0,0003765738;(-0.442960900, 1.390767000, 0.608173300);(2.15, 325.03, 121.61);(-0.141341100, 1.651523000, 0.043079270);0,691591900;4,485129;4,355341;;;-0,4429609;1,390767;0,6081733
0,8111119;0,24157395479;0,0005941749;(-0.442950000, 1.390466000, 0.607661000);(2.11, 324.84, 121.74);(-0.141115000, 1.651545000, 0.043251950);0,691248100;4,485485;4,355754;;;-0,44295;1,390466;0,607661
0,8222231;0,24184343979;0,000269485;(-0.442807700, 1.390252000, 0.607580700);(2.23, 324.73, 121.84);(-0.140871700, 1.651570000, 0.043352260);0,691235200;4,485692;4,355892;;;-0,4428077;1,390252;0,6075807
0,8333342;0,24212922119;0,0002857814;(-0.442680400, 1.390101000, 0.607373800);(2.38, 324.74, 121.54);(-0.140672600, 1.651688000, 0.043456570);0,691114500;4,485941;4,356127;;;-0,4426804;1,390101;0,6073738
0,8444453;0,24227988729;0,0001506661;(-0.442563700, 1.390007000, 0.607385800);(2.44, 324.73, 121.33);(-0.140465900, 1.651778000, 0.043513610);0,691186900;4,48605;4,35618;;;-0,4425637;1,390007;0,6073858
0,8555565;0,24176015169;0,0005197356;(-0.442519100, 1.390446000, 0.607659200);(2.49, 324.68, 121.22);(-0.140301800, 1.651892000, 0.043574050);0,691289400;4,485838;4,356001;;;-0,4425191;1,390446;0,6076592
0,8666676;0,24102563389;0,0007345178;(-0.442543400, 1.391031000, 0.608103100);(2.46, 324.72, 121.30);(-0.140120800, 1.652117000, 0.043644150);0,691548500;4,485446;4,355649;;;-0,4425434;1,391031;0,6081031
0,8777788;0,24065973189;0,000365902;(-0.442417300, 1.391312000, 0.608300400);(2.36, 324.83, 121.49);(-0.139875700, 1.652217000, 0.043779810);0,691582500;4,485377;4,355573;;;-0,4424173;1,391312;0,6083004
0,8888899;0,24087068299;0,0002109511;(-0.442266500, 1.391333000, 0.608446500);(2.18, 324.88, 121.63);(-0.139709900, 1.652251000, 0.043870230);0,691639400;4,485415;4,35554;;;-0,4422665;1,391333;0,6084465
0,900001;0,24099799769;0,0001273147;(-0.442162100, 1.391300000, 0.608511300);(2.13, 324.89, 121.73);(-0.139606600, 1.652136000, 0.043797090);0,691720700;4,485471;4,355545;;;-0,4421621;1,3913;0,6085113
0,9111122;0,24049111429;0,0005068834;(-0.442625300, 1.391186000, 0.608339500);(2.17, 324.95, 121.68);(-0.139652600, 1.652292000, 0.043777240);0,691880800;4,485216;4,355416;;;-0,4426253;1,391186;0,6083395
0,9222233;0,24081037229;0,000319258;(-0.442452800, 1.390923000, 0.608285600);(2.32, 324.90, 121.30);(-0.139611300, 1.652354000, 0.043604810);0,692042900;4,485444;4,355547;;;-0,4424528;1,390923;0,6082856
0,9333345;0,24116554609;0,0003551738;(-0.442214500, 1.390671000, 0.608361700);(2.41, 324.86, 121.21);(-0.139641000, 1.652415000, 0.043529940);0,692167500;4,485651;4,355609;;;-0,4422145;1,390671;0,6083617
0,9444456;0,24177829769;0,0006127516;(-0.441882600, 1.390396000, 0.608797300);(2.50, 324.88, 121.13);(-0.139613400, 1.652490000, 0.043449950);0,692587600;4,485744;4,35543;;;-0,4418826;1,390396;0,6087973
0,9555568;0,24210955559;0,0003312579;(-0.441580700, 1.390326000, 0.608913900);(2.52, 324.97, 121.25);(-0.139628800, 1.652571000, 0.043378790);0,692659900;4,48594;4,355504;;;-0,4415807;1,390326;0,6089139
