time;total distance traveled;distance to prev position;ray position;hmd position;distance to prev target;distance to current target
(-4.070310000, 0.474230500, 2.912401000);(-4.355598000, 2.441822000, 2.695160000);0,2888889;0

0;-0,007548075;0,007548075;(-4.068972000, 0.498780500, 2.927344000);(-0.195671200, 1.748999000, 0.015595530);0,0287716;1,977744;;;-4,068972;0,4987805;2,927344
0,01111111;-0,009485017;0,001936942;(-4.069315000, 0.497807700, 2.925705000);(-0.195763300, 1.749025000, 0.015567750);0,02709016;1,978459;;;-4,069315;0,4978077;2,925705
0,02222222;-0,006191025;0,003293992;(-4.069395000, 0.500943300, 2.926711000);(-0.195907000, 1.749062000, 0.015504270);0,03031825;1,975484;;;-4,069395;0,5009433;2,926711
0,03333334;0,001676489;0,007867514;(-4.068237000, 0.505720600, 2.932854000);(-0.195980300, 1.749006000, 0.015511780);0,0376066;1,97169;;;-4,068237;0,5057206;2,932854
0,04444445;0,014600609;0,01292412;(-4.065610000, 0.510833400, 2.944429000);(-0.196032600, 1.748971000, 0.015523580);0,04886406;1,968488;;;-4,06561;0,5108334;2,944429
0,05555556;0,027730349;0,01312974;(-4.062119000, 0.511015600, 2.957085000);(-0.196084200, 1.748907000, 0.015531750);0,05845458;1,970469;;;-4,062119;0,5110156;2,957085
0,06666667;0,020055995;0,007674354;(-4.060379000, 0.504448400, 2.960654000);(-0.196149100, 1.748835000, 0.015531210);0,05779416;1,977639;;;-4,060379;0,5044484;2,960654
0,07777778;0,010810719;0,009245276;(-4.061763000, 0.498910200, 2.953382000);(-0.196133900, 1.748880000, 0.015515420);0,04859633;1,981899;;;-4,061763;0,4989102;2,953382
0,08888889;0,001764210;0,009046509;(-4.064008000, 0.497544100, 2.944726000);(-0.196194100, 1.748857000, 0.015526740);0,04035016;1,981798;;;-4,064008;0,4975441;2,944726
0,1;-0,011110420;0,01287463;(-4.067236000, 0.495823400, 2.932382000);(-0.196126000, 1.748834000, 0.015572340);0,02957931;1,981498;;;-4,067236;0,4958234;2,932382
0,1111111;-0,023896420;0,012786;(-4.069942000, 0.491262900, 2.920747000);(-0.196169300, 1.748816000, 0.015588370);0,01897103;1,98423;;;-4,069942;0,4912629;2,920747
0,1222222;-0,029136775;0,005240355;(-4.069611000, 0.486116100, 2.919819000);(-0.196366600, 1.748782000, 0.015704720);0,01402793;1,989232;;;-4,069611;0,4861161;2,919819
0,1333333;-0,022202895;0,00693388;(-4.067674000, 0.485162200, 2.926408000);(-0.196426300, 1.748758000, 0.015808610);0,01796253;1,991204;;;-4,067674;0,4851622;2,926408
0,1444445;-0,014944463;0,007258432;(-4.066281000, 0.488389100, 2.932759000);(-0.196479600, 1.748864000, 0.015802590);0,02512257;1,988984;;;-4,066281;0,4883891;2,932759
0,1555556;-0,003619233;0,01132523;(-4.064385000, 0.494494300, 2.942107000);(-0.196490400, 1.748937000, 0.015800570);0,03644438;1,984407;;;-4,064385;0,4944943;2,942107
0,1666667;0,001334466;0,004953699;(-4.063147000, 0.495175800, 2.946855000);(-0.196586000, 1.748994000, 0.015840320);0,04095242;1,984517;;;-4,063147;0,4951758;2,946855
0,1777778;-0,000227090;0,001561556;(-4.062796000, 0.493828500, 2.947562000);(-0.196652900, 1.749006000, 0.015897240);0,04094955;1,98598;;;-4,062796;0,4938285;2,947562
0,1888889;-0,009436224;0,009209134;(-4.065113000, 0.492651500, 2.938727000);(-0.196737200, 1.749004000, 0.015955360);0,03254886;1,985692;;;-4,065113;0,4926515;2,938727
0,2;-0,021367054;0,01193083;(-4.067290000, 0.486896800, 2.928505000);(-0.196747900, 1.749030000, 0.016116950);0,0207102;1,9898;;;-4,06729;0,4868968;2,928505
0,2111111;-0,029476374;0,00810932;(-4.067903000, 0.480440900, 2.923636000);(-0.196783300, 1.749127000, 0.016199800);0,01306147;1,995491;;;-4,067903;0,4804409;2,923636
0,2222222;-0,019839744;0,00963663;(-4.065657000, 0.472374600, 2.928406000);(-0.196785100, 1.749194000, 0.016343800);0,01677137;2,004293;;;-4,065657;0,4723746;2,928406
0,2333333;-0,014735751;0,005103993;(-4.064232000, 0.469444700, 2.932335000);(-0.196815300, 1.749332000, 0.016448530);0,02138303;2,007839;;;-4,064232;0,4694447;2,932335
0,2444444;-0,010716971;0,00401878;(-4.063347000, 0.470707300, 2.936047000);(-0.196868900, 1.749348000, 0.016581270);0,02490022;2,007169;;;-4,063347;0,4707073;2,936047
0,2555556;-0,027171161;0,01645419;(-4.065995000, 0.486674400, 2.933084000);(-0.196787900, 1.749375000, 0.016682240);0,02452035;1,990748;;;-4,065995;0,4866744;2,933084
0,2666667;-0,002139951;0,02503121;(-4.071917000, 0.507335300, 2.920253000);(-0.196793900, 1.749606000, 0.016791850);0,03406131;1,96809;;;-4,071917;0,5073353;2,920253
0,2777778;0,046194189;0,04833414;(-4.082605000, 0.549454900, 2.899090000);(-0.196799800, 1.749890000, 0.016911360);0,07737613;1,922801;;;-4,082605;0,5494549;2,89909
0,2888889;0,116871619;0,07067743;(-4.090579000, 0.619680800, 2.899299000);(-0.196811100, 1.750244000, 0.017074080);0,147439;1,852594;;;-4,090579;0,6196808;2,899299
0,3;0,168834069;0,05196245;(-4.094107000, 0.670842700, 2.907672000);(-0.196766000, 1.750604000, 0.017228930);0,1981036;1,802749;;;-4,094107;0,6708427;2,907672
0,3111111;0,244117549;0,07528348;(-4.098410000, 0.744519500, 2.922532000);(-0.196765600, 1.750992000, 0.017345760);0,2719345;1,731669;;;-4,09841;0,7445195;2,922532
0,3222222;0,325091079;0,08097353;(-4.103509000, 0.824039100, 2.936931000);(-0.196691700, 1.751384000, 0.017365960);0,3522357;1,65506;;;-4,103509;0,8240391;2,936931
0,3333333;0,425413479;0,1003224;(-4.110716000, 0.922998900, 2.951750000);(-0.196708800, 1.751811000, 0.017438440);0,4522987;1,559689;;;-4,110716;0,9229989;2,95175
0,3444445;0,517920479;0,092507;(-4.119161000, 1.014821000, 2.959161000);(-0.196790300, 1.752227000, 0.017513360);0,5448037;1,47035;;;-4,119161;1,014821;2,959161
0,3555556;0,625128079;0,1072076;(-4.131825000, 1.121263000, 2.957387000);(-0.196733100, 1.752629000, 0.017588290);0,6515054;1,364812;;;-4,131825;1,121263;2,957387
0,3666667;0,724847369;0,09971929;(-4.146491000, 1.219099000, 2.944854000);(-0.196649200, 1.753126000, 0.017651890);0,7494566;1,265356;;;-4,146491;1,219099;2,944854
0,3777778;0,818349329;0,09350196;(-4.161510000, 1.309858000, 2.928128000);(-0.196481300, 1.753676000, 0.017682880);0,8407368;1,171873;;;-4,16151;1,309858;2,928128
0,3888889;0,914755479;0,09640615;(-4.181065000, 1.397843000, 2.893917000);(-0.196392900, 1.754176000, 0.017685920);0,930413;1,076967;;;-4,181065;1,397843;2,893917
0,4;1,004757789;0,09000231;(-4.195634000, 1.485104000, 2.877374000);(-0.196350600, 1.754609000, 0.017664580);1,019215;0,9869646;;;-4,195634;1,485104;2,877374
0,4111111;1,095493239;0,09073545;(-4.209769000, 1.573553000, 2.862884000);(-0.196206000, 1.754923000, 0.017673520);1,109239;0,8962637;;;-4,209769;1,573553;2,862884
0,4222222;1,184067179;0,08857394;(-4.221682000, 1.661052000, 2.856012000);(-0.196127100, 1.755143000, 0.017654030);1,197764;0,8083364;;;-4,221682;1,661052;2,856012
0,4333333;1,268509019;0,08444184;(-4.231426000, 1.744928000, 2.855464000);(-0.195941700, 1.755340000, 0.017639960);1,282136;0,7257937;;;-4,231426;1,744928;2,855464
0,7444451;2,006758619;0,7382496;(-4.345271000, 2.465490000, 2.742141000);(-0.188965200, 1.758019000, 0.011046500);2,017352;0,05361052;;;-4,345271;2,46549;2,742141
0,7555562;1,996018719;0,0107399;(-4.345601000, 2.456036000, 2.737057000);(-0.188973900, 1.758068000, 0.010927410);2,008502;0,04535834;;;-4,345601;2,456036;2,737057
0,7666674;1,991983844;0,004034875;(-4.346039000, 2.453139000, 2.734283000);(-0.188901900, 1.758099000, 0.010754730);2,005949;0,04183386;;;-4,346039;2,453139;2,734283
0,7777785;1,993549184;0,00156534;(-4.345676000, 2.453537000, 2.735753000);(-0.188891400, 1.758116000, 0.010581460);2,006161;0,04339897;;;-4,345676;2,453537;2,735753
0,7888896;1,990315632;0,003233552;(-4.345073000, 2.450498000, 2.736678000);(-0.188793600, 1.758165000, 0.010440080);2,002999;0,04370179;;;-4,345073;2,450498;2,736678
0,8000008;1,981622067;0,008693565;(-4.342574000, 2.447234000, 2.744339000);(-0.188692500, 1.758224000, 0.010318070);1,998778;0,05116133;;;-4,342574;2,447234;2,744339
0,8666676;1,938964517;0,04265755;(-4.343632000, 2.409286000, 2.724882000);(-0.188523200, 1.758821000, 0.010041800);1,963239;0,04566385;;;-4,343632;2,409286;2,724882
0,8777788;1,928890227;0,01007429;(-4.345506000, 2.404568000, 2.716181000);(-0.188551500, 1.758974000, 0.009932786);1,959703;0,04394999;;;-4,345506;2,404568;2,716181
0,8888899;1,922652650;0,006237577;(-4.346751000, 2.401999000, 2.710635000);(-0.188587400, 1.759024000, 0.009878665);1,957912;0,04363073;;;-4,346751;2,401999;2,710635
0,900001;1,920381566;0,002271084;(-4.346126000, 2.400602000, 2.712313000);(-0.188587700, 1.759140000, 0.009794801);1,956276;0,04564023;;;-4,346126;2,400602;2,712313
0,9111122;1,914343794;0,006037772;(-4.344433000, 2.399691000, 2.718037000);(-0.188585700, 1.759222000, 0.009651691);1,954564;0,04922413;;;-4,344433;2,399691;2,718037
0,9888902;1,926948844;0,01260505;(-4.343241000, 2.409180000, 2.726248000);(-0.189119900, 1.759312000, 0.009771079);1,96295;0,04674051;;;-4,343241;2,40918;2,726248
1,000001;1,919225900;0,007722944;(-4.344880000, 2.406446000, 2.719214000);(-0.189299800, 1.759233000, 0.009820253);1,961165;0,0441009;;;-4,34488;2,406446;2,719214
1,011112;1,902681580;0,01654432;(-4.348200000, 2.399713000, 2.704471000);(-0.189422600, 1.759250000, 0.009850591);1,956512;0,04375576;;;-4,3482;2,399713;2,704471
1,022224;1,892788907;0,009892673;(-4.350192000, 2.395718000, 2.695643000);(-0.189511600, 1.759237000, 0.009867817);1,953825;0,0464219;;;-4,350192;2,395718;2,695643
1,033335;1,894627063;0,001838156;(-4.350720000, 2.396364000, 2.694005000);(-0.189636600, 1.759317000, 0.009867817);1,954718;0,0457334;;;-4,35072;2,396364;2,694005
1,044446;1,903288722;0,008661659;(-4.350324000, 2.403766000, 2.698485000);(-0.189740200, 1.759284000, 0.009900421);1,961447;0,03856281;;;-4,350324;2,403766;2,698485
1,055557;1,908519742;0,00523102;(-4.350684000, 2.408919000, 2.699313000);(-0.189853800, 1.759242000, 0.009896785);1,966478;0,0335263;;;-4,350684;2,408919;2,699313
1,066668;1,917779610;0,009259868;(-4.350436000, 2.417128000, 2.703590000);(-0.189958700, 1.759168000, 0.009907812);1,974063;0,02659861;;;-4,350436;2,417128;2,70359
