time;total distance traveled;distance to prev position;ray position;hmd position;distance to prev target;distance to current target
(-2.311137000, 2.355519000, 4.502480000);(-1.075196000, 0.854543900, 4.971013000);0,2666667;0,2666667

0;-0,002358849;0,002358849;(-2.334124000, 2.352074000, 4.491090000);(-0.049477260, 1.636109000, 0.115829900);0,02588442;2,014403;;;-2,334124;2,352074;4,49109
0,01111111;-0,008766987;0,006408138;(-2.329621000, 2.355888000, 4.493589000);(-0.049556520, 1.635980000, 0.115787600);0,02051507;2,01384;;;-2,329621;2,355888;4,493589
0,02222222;-0,015702834;0,006935847;(-2.324060000, 2.358815000, 4.496523000);(-0.049808210, 1.635920000, 0.115821400);0,01460697;2,011873;;;-2,32406;2,358815;4,496523
0,03333334;-0,022259125;0,006556291;(-2.321036000, 2.364303000, 4.498451000);(-0.050015650, 1.635857000, 0.115778200);0,01383429;2,013654;;;-2,321036;2,364303;4,498451
0,04444445;-0,018162474;0,004096651;(-2.321459000, 2.368376000, 4.498594000);(-0.050015160, 1.635813000, 0.115823300);0,0169397;2,016938;;;-2,321459;2,368376;4,498594
0,05555556;-0,016648392;0,001514082;(-2.320573000, 2.369487000, 4.499116000);(-0.050045270, 1.635713000, 0.115781300);0,01718899;2,017102;;;-2,320573;2,369487;4,499116
0,06666667;-0,019823709;0,003175317;(-2.319086000, 2.366723000, 4.499599000);(-0.050038970, 1.635618000, 0.115725500);0,01403656;2,013996;;;-2,319086;2,366723;4,499599
0,07777778;-0,029578333;0,009754624;(-2.316085000, 2.357465000, 4.500257000);(-0.050036140, 1.635593000, 0.115661500);0,005762861;2,00504;;;-2,316085;2,357465;4,500257
0,08888889;-0,018749643;0,01082869;(-2.317475000, 2.346842000, 4.498680000);(-0.050072960, 1.635511000, 0.115586500);0,0113975;1,998327;;;-2,317475;2,346842;4,49868
0,1;-0,008299473;0,01045017;(-2.324908000, 2.340752000, 4.494573000);(-0.050174320, 1.635381000, 0.115414700);0,02168495;1,999398;;;-2,324908;2,340752;4,494573
0,1111111;-0,000670646;0,007628827;(-2.330284000, 2.336234000, 4.491592000);(-0.050277760, 1.635280000, 0.115503400);0,02927596;2,000124;;;-2,330284;2,336234;4,491592
0,1222222;0,004200704;0,00487135;(-2.334589000, 2.335458000, 4.489448000);(-0.050310110, 1.635142000, 0.115321900);0,03350041;2,002769;;;-2,334589;2,335458;4,489448
0,1333333;0,0033163921;0,0008843119;(-2.333804000, 2.335577000, 4.489837000);(-0.050373550, 1.635161000, 0.115176200);0,03273085;2,00227;;;-2,333804;2,335577;4,489837
0,1444445;-0,0050973449;0,008413737;(-2.326728000, 2.338301000, 4.493485000);(-0.050384900, 1.635123000, 0.114999600);0,0249088;1,998975;;;-2,326728;2,338301;4,493485
0,1555556;-0,0162212049;0,01112386;(-2.317377000, 2.341911000, 4.498307000);(-0.050351950, 1.635113000, 0.114868300);0,01554068;1,994674;;;-2,317377;2,341911;4,498307
0,1666667;-0,0238890469;0,007667842;(-2.312927000, 2.347575000, 4.500938000);(-0.050297370, 1.635122000, 0.114738200);0,008288013;1,995517;;;-2,312927;2,347575;4,500938
0,1777778;-0,0318167109;0,007927664;(-2.314812000, 2.355271000, 4.500685000);(-0.050272710, 1.635061000, 0.114609600);0,004097568;2,002508;;;-2,314812;2,355271;4,500685
0,1888889;-0,0263688419;0,005447869;(-2.319710000, 2.355101000, 4.498306000);(-0.050142340, 1.635146000, 0.114508800);0,009544421;2,005976;;;-2,31971;2,355101;4,498306
0,2;-0,0235219569;0,002846885;(-2.321143000, 2.352807000, 4.497418000);(-0.050075850, 1.635068000, 0.114527800);0,011537;2,00536;;;-2,321143;2,352807;4,497418
0,2111111;-0,0325144049;0,008992448;(-2.314594000, 2.347261000, 4.500106000);(-0.050014560, 1.635064000, 0.114430800);0,009261522;1,996514;;;-2,314594;2,347261;4,500106
0,2222222;-0,0242652799;0,008249125;(-2.307160000, 2.346928000, 4.503666000);(-0.049893970, 1.634977000, 0.114302500);0,009540537;1,990819;;;-2,30716;2,346928;4,503666
0,2333333;-0,0147033019;0,009561978;(-2.298681000, 2.348275000, 4.507874000);(-0.049680720, 1.634889000, 0.114157200);0,01538562;1,98561;;;-2,298681;2,348275;4,507874
0,2444444;-0,0066049599;0,008098342;(-2.292109000, 2.351516000, 4.511323000);(-0.049614530, 1.634846000, 0.114150800);0,02136052;1,983209;;;-2,292109;2,351516;4,511323
0,2555556;0,0052423501;0,01184731;(-2.281572000, 2.349180000, 4.516210000);(-0.049434860, 1.634816000, 0.114067100);0,03320745;1,973861;;;-2,281572;2,34918;4,51621
0,2666667;0,0278813101;0,02263896;(-2.262382000, 2.340738000, 4.524753000);(-0.049311620, 1.634676000, 0.114079300);0,05560194;1,953799;;;-2,262382;2,340738;4,524753
0,2777778;0,0530363301;0,02515502;(-2.242617000, 2.327655000, 4.533177000);(-0.049085030, 1.634503000, 0.114060100);0,080085;1,92993;;;-2,242617;2,327655;4,533177
0,2888889;0,0950721101;0,04203578;(-2.210921000, 2.303421000, 4.546409000);(-0.048875310, 1.634277000, 0.114044400);0,1211901;1,889287;;;-2,210921;2,303421;4,546409
0,3;0,1275491001;0,03247699;(-2.185587000, 2.286182000, 4.557167000);(-0.048635680, 1.634035000, 0.114126200);0,153496;1,858447;;;-2,185587;2,286182;4,557167
0,3111111;0,1670748801;0,03952578;(-2.152670000, 2.269786000, 4.571657000);(-0.048395220, 1.633697000, 0.114182800);0,1929953;1,823005;;;-2,15267;2,269786;4,571657
0,3222222;0,2079686701;0,04089379;(-2.117269000, 2.257017000, 4.587656000);(-0.048166040, 1.633363000, 0.114280500);0,2335431;1,788801;;;-2,117269;2,257017;4,587656
0,3333333;0,2677356701;0,059767;(-2.064519000, 2.242822000, 4.611907000);(-0.048434090, 1.633129000, 0.114752700);0,2923953;1,742135;;;-2,064519;2,242822;4,611907
0,3444445;0,3410896101;0,07335394;(-2.001416000, 2.218465000, 4.640288000);(-0.048216810, 1.632692000, 0.114913200);0,3656527;1,68153;;;-2,001416;2,218465;4,640288
0,3555556;0,4145999401;0,07351033;(-1.944311000, 2.179002000, 4.664486000);(-0.047979170, 1.632182000, 0.115129100);0,438138;1,613539;;;-1,944311;2,179002;4,664486
0,3666667;0,4797269601;0,06512702;(-1.900694000, 2.133800000, 4.681684000);(-0.047712800, 1.631583000, 0.115371100);0,4997368;1,549727;;;-1,900694;2,1338;4,681684
0,3777778;0,5492348301;0,06950787;(-1.873099000, 2.070498000, 4.689603000);(-0.047441130, 1.630948000, 0.115636300);0,5550941;1,481345;;;-1,873099;2,070498;4,689603
0,3888889;0,6210917901;0,07185696;(-1.845291000, 2.004701000, 4.697413000);(-0.047128300, 1.630218000, 0.115998600);0,6148853;1,410945;;;-1,845291;2,004701;4,697413
0,4;0,6999610101;0,07886922;(-1.800711000, 1.941674000, 4.713554000);(-0.047082100, 1.629501000, 0.116509500);0,6901844;1,332107;;;-1,800711;1,941674;4,713554
0,4111111;0,7898811401;0,08992013;(-1.739937000, 1.879926000, 4.737622000);(-0.046851060, 1.628804000, 0.116958100);0,7795834;1,24409;;;-1,739937;1,879926;4,737622
0,4222222;0,8755226901;0,08564155;(-1.681605000, 1.821665000, 4.760808000);(-0.046583730, 1.627951000, 0.117399600);0,8648951;1,160707;;;-1,681605;1,821665;4,760808
0,4333333;0,9652047001;0,08968201;(-1.622426000, 1.758388000, 4.783976000);(-0.046365250, 1.627220000, 0.117997300);0,9540061;1,073023;;;-1,622426;1,758388;4,783976
0,4444444;1,0495223101;0,08431761;(-1.572457000, 1.693053000, 4.802521000);(-0.046082710, 1.626379000, 0.118534900);1,036597;0,989321;;;-1,572457;1,693053;4,802521
0,4555556;1,1290475901;0,07952528;(-1.525633000, 1.631152000, 4.819842000);(-0.045724540, 1.625686000, 0.119161200);1,114649;0,910421;;;-1,525633;1,631152;4,819842
0,4666667;1,2022258701;0,07317828;(-1.484269000, 1.572673000, 4.834820000);(-0.045282830, 1.625087000, 0.119912100);1,186173;0,8376153;;;-1,484269;1,572673;4,83482
0,4777778;1,2652389101;0,06301304;(-1.454950000, 1.517705000, 4.844282000);(-0.044796710, 1.624501000, 0.120786700);1,245719;0,7746333;;;-1,45495;1,517705;4,844282
0,4888889;1,3231538001;0,05791489;(-1.429462000, 1.466307000, 4.852201000);(-0.044326730, 1.623981000, 0.121629100);1,300136;0,7168505;;;-1,429462;1,466307;4,852201
0,5;1,3786156701;0,05546187;(-1.400888000, 1.419798000, 4.862025000);(-0.044197350, 1.623566000, 0.122575400);1,35403;0,6614124;;;-1,400888;1,419798;4,862025
0,5111111;1,4430154101;0,06439974;(-1.364689000, 1.368164000, 4.875093000);(-0.043571760, 1.623003000, 0.123540800);1,41756;0,5973373;;;-1,364689;1,368164;4,875093
0,5222223;1,5119412301;0,06892582;(-1.327711000, 1.311471000, 4.888106000);(-0.042981520, 1.622414000, 0.124449400);1,485217;0,5286015;;;-1,327711;1,311471;4,888106
0,5333334;1,5859514501;0,07401022;(-1.293859000, 1.246549000, 4.898908000);(-0.042481690, 1.621955000, 0.125575700);1,556221;0,4546211;;;-1,293859;1,246549;4,898908
0,5444446;1,6526752101;0,06672376;(-1.262821000, 1.188339000, 4.908924000);(-0.041760790, 1.621405000, 0.126743000);1,620639;0,387914;;;-1,262821;1,188339;4,908924
0,5555557;1,7119905301;0,05931532;(-1.238034000, 1.134963000, 4.916335000);(-0.041032470, 1.620770000, 0.127865400);1,677076;0,3288476;;;-1,238034;1,134963;4,916335
0,5666668;1,7669644901;0,05497396;(-1.214113000, 1.086018000, 4.923705000);(-0.040328970, 1.620139000, 0.128948200);1,729891;0,2740735;;;-1,214113;1,086018;4,923705
0,577778;1,8092444201;0,04227993;(-1.203279000, 1.045187000, 4.925452000);(-0.039618900, 1.619442000, 0.130078900);1,767264;0,2341493;;;-1,203279;1,045187;4,925452
0,5888891;1,8526622201;0,0434178;(-1.186181000, 1.005576000, 4.930326000);(-0.038779080, 1.618803000, 0.131194700);1,808569;0,1917915;;;-1,186181;1,005576;4,930326
0,6000003;1,8987180901;0,04605587;(-1.165369000, 0.965022300, 4.936912000);(-0.038055350, 1.618170000, 0.132430700);1,853374;0,1466273;;;-1,165369;0,9650223;4,936912
0,6111114;1,9436994301;0,04498134;(-1.145947000, 0.924889200, 4.942863000);(-0.037197300, 1.617486000, 0.133556700);1,89692;0,1036654;;;-1,145947;0,9248892;4,942863
0,6222225;1,9856664501;0,04196702;(-1.124270000, 0.889737100, 4.950327000);(-0.036321820, 1.616822000, 0.134666700);1,938488;0,06383397;;;-1,12427;0,8897371;4,950327
0,6333337;2,0259678601;0,04030141;(-1.101083000, 0.857882500, 4.958802000);(-0.035521150, 1.616188000, 0.135778100);1,978731;0,02881646;;;-1,101083;0,8578825;4,958802
0,6444448;2,0610389101;0,03507105;(-1.078109000, 0.832945500, 4.967764000);(-0.034681100, 1.615576000, 0.136810900);2,013722;0,02203487;;;-1,078109;0,8329455;4,967764
0,655556;2,0899265801;0,02888767;(-1.058892000, 0.812742100, 4.975317000);(-0.033935520, 1.615168000, 0.137885600);2,042511;0,04507465;;;-1,058892;0,8127421;4,975317
0,6666671;2,1138962301;0,02396965;(-1.043692000, 0.795151600, 4.981153000);(-0.033088960, 1.614615000, 0.138869000);2,066468;0,06799106;;;-1,043692;0,7951516;4,981153
0,6777782;2,1375892501;0,02369302;(-1.031034000, 0.775622700, 4.985597000);(-0.032161510, 1.614175000, 0.139857400);2,090009;0,09160556;;;-1,031034;0,7756227;4,985597
0,6888894;2,1545453501;0,0169561;(-1.023108000, 0.760854400, 4.988163000);(-0.031312170, 1.613784000, 0.140804700);2,106623;0,108559;;;-1,023108;0,7608544;4,988163
0,7000005;2,1727692801;0,01822393;(-1.012303000, 0.746737000, 4.992173000);(-0.030561990, 1.613540000, 0.141819000);2,12484;0,1265921;;;-1,012303;0,746737;4,992173
0,7111117;2,1910642301;0,01829495;(-1.001956000, 0.732122100, 4.995922000);(-0.029662050, 1.613299000, 0.142492100);2,143095;0,1448157;;;-1,001956;0,7321221;4,995922
0,7222228;2,2094516201;0,01838739;(-0.992332700, 0.716814300, 4.999261000);(-0.028903290, 1.613018000, 0.143326400);2,161339;0,1631984;;;-0,9923327;0,7168143;4,999261
0,7333339;2,2167631241;0,007311504;(-0.987288600, 0.711920700, 5.001278000);(-0.028160870, 1.612767000, 0.144138100);2,168591;0,17025;;;-0,9872886;0,7119207;5,001278
0,7444451;2,2270363741;0,01027325;(-0.978781300, 0.707534700, 5.005010000);(-0.027442380, 1.612584000, 0.144737300);2,177971;0,1790623;;;-0,9787813;0,7075347;5,00501
0,7555562;2,2325526931;0,005516319;(-0.974710300, 0.710522700, 5.007230000);(-0.026609320, 1.612385000, 0.145225900);2,17872;0,1793075;;;-0,9747103;0,7105227;5,00723
0,7666674;2,2370627661;0,004510073;(-0.971358900, 0.712927900, 5.009053000);(-0.025842790, 1.612362000, 0.145759400);2,179387;0,1796783;;;-0,9713589;0,7129279;5,009053
0,7777785;2,2406649021;0,003602136;(-0.968134900, 0.712378000, 5.010563000);(-0.025104750, 1.612198000, 0.146180600);2,182135;0,1823113;;;-0,9681349;0,712378;5,010563
0,7888896;2,2463548621;0,00568996;(-0.963196600, 0.713702900, 5.013060000);(-0.024388880, 1.612106000, 0.146576800);2,184764;0,1847917;;;-0,9631966;0,7137029;5,01306
0,8000008;2,2539555741;0,007600712;(-0.956568200, 0.715342000, 5.016398000);(-0.023713460, 1.612075000, 0.146760600);2,188412;0,1884398;;;-0,9565682;0,715342;5,016398
0,8111119;2,2498482751;0,004107299;(-0.953910200, 0.718081400, 5.017915000);(-0.023140340, 1.612064000, 0.147039500);2,188365;0,1884996;;;-0,9539102;0,7180814;5,017915
0,8222231;2,2471952271;0,002653048;(-0.954624200, 0.720633300, 5.017788000);(-0.022485110, 1.611993000, 0.147238600);2,185982;0,1861652;;;-0,9546242;0,7206333;5,017788
0,8333342;2,2381642151;0,009031012;(-0.961952700, 0.724847000, 5.014610000);(-0.021846220, 1.611950000, 0.147511700);2,177537;0,1776121;;;-0,9619527;0,724847;5,01461
0,8444453;2,2308811001;0,007283115;(-0.966651900, 0.730105300, 5.012791000);(-0.020601380, 1.612041000, 0.147881900);2,170259;0,1703295;;;-0,9666519;0,7301053;5,012791
0,8555565;2,2161422801;0,01473882;(-0.972908000, 0.743315600, 5.010898000);(-0.020601380, 1.612041000, 0.147881900);2,156048;0,1562862;;;-0,972908;0,7433156;5,010898
0,8666676;2,2161422801;0;(-0.972908000, 0.743315600, 5.010898000);(-0.019993280, 1.612074000, 0.148000400);2,156048;0,1562862;;;-0,972908;0,7433156;5,010898
0,8777788;2,2089113931;0,007230887;(-0.976243400, 0.749641300, 5.009827000);(-0.019397660, 1.612138000, 0.148007600);2,148996;0,1493409;;;-0,9762434;0,7496413;5,009827
0,8888899;2,2008520731;0,00805932;(-0.980012200, 0.756659900, 5.008607000);(-0.018845220, 1.612204000, 0.148085000);2,141123;0,1416141;;;-0,9800122;0,7566599;5,008607
0,900001;2,1959201081;0,004931965;(-0.983666500, 0.759606400, 5.007094000);(-0.018344390, 1.612288000, 0.148145000);2,136293;0,136721;;;-0,9836665;0,7596064;5,007094
0,9111122;2,1898132531;0,006106855;(-0.989056600, 0.758597100, 5.004407000);(-0.017708990, 1.612390000, 0.148076200);2,13307;0,1331951;;;-0,9890566;0,7585971;5,004407
0,9222233;2,1800448411;0,009768412;(-0.996603800, 0.763916000, 5.001218000);(-0.017249450, 1.612455000, 0.148058000);2,123661;0,1237032;;;-0,9966038;0,763916;5,001218
0,9333345;2,1626276211;0,01741722;(-1.007987000, 0.776329500, 4.996781000);(-0.016895360, 1.612535000, 0.148087100);2,10627;0,1062945;;;-1,007987;0,7763295;4,996781
0,9444456;2,1463195011;0,01630812;(-1.016881000, 0.789629500, 4.993624000);(-0.016453220, 1.612597000, 0.148065200);2,090055;0,09014318;;;-1,016881;0,7896295;4,993624
0,9555568;2,1391987841;0,007120717;(-1.020401000, 0.795705600, 4.992443000);(-0.016130390, 1.612755000, 0.147908600);2,083046;0,0832087;;;-1,020401;0,7957056;4,992443
0,9666679;2,1356078271;0,003590957;(-1.022921000, 0.798053600, 4.991426000);(-0.015753080, 1.612861000, 0.147852300);2,079487;0,07962776;;;-1,022921;0,7980536;4,991426
0,977779;2,1301284051;0,005479422;(-1.027859000, 0.798266300, 4.989061000);(-0.015424740, 1.612896000, 0.147727400);2,075716;0,07572141;;;-1,027859;0,7982663;4,989061
0,9888902;2,1209475571;0,009180848;(-1.035437000, 0.794905100, 4.985116000);(-0.015132340, 1.612954000, 0.147617600);2,072646;0,07305129;;;-1,035437;0,7949051;4,985116
1,000001;2,1083836571;0,0125639;(-1.046674000, 0.793834600, 4.979601000);(-0.014874090, 1.612999000, 0.147516400);2,065276;0,06762289;;;-1,046674;0,7938346;4,979601
1,011112;2,0937652971;0,01461836;(-1.059848000, 0.794312700, 4.973283000);(-0.014634460, 1.612984000, 0.147388400);2,055418;0,06219729;;;-1,059848;0,7943127;4,973283
1,022224;2,0810276371;0,01273766;(-1.069877000, 0.800897000, 4.969003000);(-0.014423010, 1.613098000, 0.147339000);2,043335;0,05394739;;;-1,069877;0,800897;4,969003
1,033335;2,0707664371;0,0102612;(-1.073755000, 0.810337300, 4.967937000);(-0.014256400, 1.613154000, 0.147233800);2,033556;0,04433694;;;-1,073755;0,8103373;4,967937
1,044446;2,0625114821;0,008254955;(-1.075622000, 0.818375500, 4.967722000);(-0.014179680, 1.613192000, 0.147187100);2,026267;0,03632032;;;-1,075622;0,8183755;4,967722
1,055557;2,0557020621;0,00680942;(-1.073908000, 0.824820300, 4.969099000);(-0.014042660, 1.613238000, 0.147060100);2,022747;0,02981304;;;-1,073908;0,8248203;4,969099
1,066668;2,0520717011;0,003630361;(-1.074332000, 0.828424300, 4.969201000);(-0.013903310, 1.613250000, 0.146973000);2,019785;0,02619661;;;-1,074332;0,8284243;4,969201
1,077779;2,0465970661;0,005474635;(-1.076884000, 0.833197500, 4.968377000);(-0.013875960, 1.613199000, 0.146983500);2,014424;0,02157468;;;-1,076884;0,8331975;4,968377
1,08889;2,0350646761;0,01153239;(-1.086179000, 0.838717000, 4.964361000);(-0.013789710, 1.613205000, 0.146904900);2,003633;0,02038046;;;-1,086179;0,838717;4,964361
1,100002;2,0236905661;0,01137411;(-1.095810000, 0.842989900, 4.960077000);(-0.013787970, 1.613195000, 0.146880800);1,993529;0,02603904;;;-1,09581;0,8429899;4,960077
1,111113;2,0146190041;0,009071562;(-1.103804000, 0.845207000, 4.956407000);(-0.013704850, 1.613156000, 0.146812600);1,986138;0,03345071;;;-1,103804;0,845207;4,956407
1,122224;2,0069837761;0,007635228;(-1.110685000, 0.845446900, 4.953106000);(-0.013639230, 1.613088000, 0.146677600);1,981026;0,04077841;;;-1,110685;0,8454469;4,953106
1,133335;2,0099573301;0,002973554;(-1.112332000, 0.843176600, 4.952118000);(-0.013564330, 1.613046000, 0.146586000);1,981537;0,04318896;;;-1,112332;0,8431766;4,952118
1,144446;2,0116609731;0,001703643;(-1.111162000, 0.842028900, 4.952584000);(-0.013573740, 1.613094000, 0.146522300);1,983226;0,04230607;;;-1,111162;0,8420289;4,952584
1,155557;2,0229827931;0,01132182;(-1.101084000, 0.843375100, 4.957564000);(-0.013545930, 1.613125000, 0.146451500);1,989449;0,03123764;;;-1,101084;0,8433751;4,957564
1,166668;2,0164104921;0,006572301;(-1.098503000, 0.849163900, 4.959304000);(-0.013507550, 1.613135000, 0.146420800);1,987026;0,02663224;;;-1,098503;0,8491639;4,959304
1,17778;2,0050046721;0,01140582;(-1.097037000, 0.860352300, 4.960966000);(-0.013658640, 1.613173000, 0.146422700);1,979841;0,02473277;;;-1,097037;0,8603523;4,960966
1,188891;1,9971228901;0,007881782;(-1.099166000, 0.867931400, 4.960585000);(-0.013636470, 1.613169000, 0.146400400);1,972726;0,0293692;;;-1,099166;0,8679314;4,960585
1,200002;1,9943080071;0,002814883;(-1.100540000, 0.870345600, 4.960127000);(-0.013701480, 1.613196000, 0.146307200);1,969956;0,03178824;;;-1,10054;0,8703456;4,960127
1,211113;1,9992261141;0,004918107;(-1.101254000, 0.865538500, 4.959373000);(-0.013681070, 1.613241000, 0.146349000);1,972969;0,03058433;;;-1,101254;0,8655385;4,959373
1,222224;1,9953891011;0,003837013;(-1.103992000, 0.863314900, 4.957862000);(-0.013613580, 1.613374000, 0.146375000);1,972624;0,0328494;;;-1,103992;0,8633149;4,957862
1,233335;2,0018732731;0,006484172;(-1.108003000, 0.858781200, 4.955538000);(-0.013511230, 1.613392000, 0.146456200);1,973073;0,03652038;;;-1,108003;0,8587812;4,955538
