time;total distance traveled;distance to prev position;ray position;hmd position;distance to prev target;distance to current target
(-0.391676600, 0.228558800, 4.959686000);(-2.254832000, 0.858400600, 4.596433000);0,2555556;0,2666667

0;-0,005676289;0,005676289;(-0.365329500, 0.205397800, 4.963021000);(-0.035671060, 1.603648000, 0.193900900);0,03523814;2,032491;;;-0,3653295;0,2053978;4,963021
0,01111111;-0,019012269;0,01333598;(-0.378287400, 0.206552000, 4.960087000);(-0.035627150, 1.603613000, 0.193904300);0,02576297;2,019547;;;-0,3782874;0,206552;4,960087
0,02222222;-0,025600645;0,006588376;(-0.384573200, 0.208031200, 4.958780000);(-0.035481640, 1.603603000, 0.193869700);0,02174077;2,012994;;;-0,3845732;0,2080312;4,95878
0,03333334;-0,028451963;0,002851318;(-0.386234000, 0.210346600, 4.958678000);(-0.035422150, 1.603569000, 0.193891900);0,01903469;2,010685;;;-0,386234;0,2103466;4,958678
0,04444445;-0,020470922;0,007981041;(-0.378497200, 0.210827600, 4.960578000);(-0.035380230, 1.603581000, 0.193893300);0,02211073;2,018064;;;-0,3784972;0,2108276;4,960578
0,05555556;-0,014793246;0,005677676;(-0.373402300, 0.212858300, 4.962046000);(-0.035338290, 1.603597000, 0.193853500);0,02420796;2,022418;;;-0,3734023;0,2128583;4,962046
0,06666667;-0,019355913;0,004562667;(-0.374314500, 0.217315400, 4.962392000);(-0.035359030, 1.603552000, 0.193744500);0,02086092;2,020213;;;-0,3743145;0,2173154;4,962392
0,07777778;-0,024068727;0,004712814;(-0.378300700, 0.219746500, 4.961751000);(-0.035312360, 1.603559000, 0.193503500);0,01615041;2,015615;;;-0,3783007;0,2197465;4,961751
0,08888889;-0,030777070;0,006708343;(-0.384741900, 0.221027300, 4.960382000);(-0.035288670, 1.603571000, 0.193435900);0,01026156;2,008965;;;-0,3847419;0,2210273;4,960382
0,1;-0,035330421;0,004553351;(-0.388849900, 0.219453400, 4.959208000);(-0.035113640, 1.603519000, 0.193304300);0,009546061;2,00543;;;-0,3888499;0,2194534;4,959208
0,1111111;-0,030391525;0,004938896;(-0.391270400, 0.215291600, 4.958106000);(-0.035092450, 1.603529000, 0.193189300);0,01336705;2,00431;;;-0,3912704;0,2152916;4,958106
0,1222222;-0,021644320;0,008747205;(-0.393702200, 0.207046900, 4.956486000);(-0.035086490, 1.603621000, 0.193193200);0,02184268;2,004421;;;-0,3937022;0,2070469;4,956486
0,1333333;-0,017471221;0,004173099;(-0.393653800, 0.202905500, 4.955975000);(-0.035073370, 1.603647000, 0.193029800);0,02599559;2,005724;;;-0,3936538;0,2029055;4,955975
0,1444445;-0,016242434;0,001228787;(-0.394149000, 0.201810500, 4.955719000);(-0.034986440, 1.603727000, 0.192871900);0,02715364;2,005577;;;-0,394149;0,2018105;4,955719
0,1555556;-0,023150772;0,006908338;(-0.395731500, 0.208518600, 4.956190000);(-0.034978510, 1.603761000, 0.192742900);0,02074294;2,002005;;;-0,3957315;0,2085186;4,95619
0,1666667;-0,026908958;0,003758186;(-0.398844100, 0.210569100, 4.955709000);(-0.034926000, 1.603801000, 0.192586500);0,01976901;1,998363;;;-0,3988441;0,2105691;4,955709
0,1777778;-0,028457680;0,001548722;(-0.398868900, 0.212106200, 4.955897000);(-0.034917720, 1.603854000, 0.192438700);0,01835129;1,997876;;;-0,3988689;0,2121062;4,955897
0,1888889;-0,0293339599;0,0008762799;(-0.398353000, 0.212783200, 4.956106000);(-0.034959540, 1.603973000, 0.192293000);0,01750033;1,998174;;;-0,398353;0,2127832;4,956106
0,2;-0,0301905051;0,0008565452;(-0.397528800, 0.212885500, 4.956315000);(-0.034790430, 1.604082000, 0.192088300);0,01706639;1,998945;;;-0,3975288;0,2128855;4,956315
0,2111111;-0,0284445661;0,001745939;(-0.399227100, 0.212991100, 4.955924000);(-0.034859930, 1.604268000, 0.191939300);0,01770634;1,997262;;;-0,3992271;0,2129911;4,955924
0,2222222;-0,0302441011;0,001799535;(-0.400727800, 0.213956000, 4.955689000);(-0.035152320, 1.604483000, 0.191836700);0,01763906;1,995514;;;-0,4007278;0,213956;4,955689
0,2333333;-0,0383933291;0,008149228;(-0.405414000, 0.220617500, 4.955417000);(-0.035358450, 1.604617000, 0.191652700);0,01643174;1,988965;;;-0,405414;0,2206175;4,955417
0,2444444;-0,0306331811;0,007760148;(-0.409397500, 0.227276300, 4.955312000);(-0.035413660, 1.604755000, 0.191301400);0,01829777;1,983114;;;-0,4093975;0,2272763;4,955312
0,2555556;-0,0152296411;0,01540354;(-0.419050300, 0.239254800, 4.954531000);(-0.035731660, 1.604912000, 0.191017800);0,02983787;1,970195;;;-0,4190503;0,2392548;4,954531
0,2666667;-0,0005370711;0,01469257;(-0.429537500, 0.249474800, 4.953330000);(-0.036025830, 1.605062000, 0.190838300);0,04371871;1,957004;;;-0,4295375;0,2494748;4,95333
0,2777778;0,0180552389;0,01859231;(-0.440970000, 0.264110900, 4.952461000);(-0.036294080, 1.605218000, 0.190752700);0,06120448;1,941657;;;-0,44097;0,2641109;4,952461
0,2888889;0,0360640889;0,01800885;(-0.453759300, 0.276706800, 4.951013000);(-0.036650660, 1.605390000, 0.190605800);0,07904243;1,925606;;;-0,4537593;0,2767068;4,951013
0,3;0,0591157689;0,02305168;(-0.471329200, 0.291448800, 4.948699000);(-0.037058430, 1.605691000, 0.190603700);0,1020803;1,904313;;;-0,4713292;0,2914488;4,948699
0,3111111;0,0876269489;0,02851118;(-0.495452800, 0.306142600, 4.944822000);(-0.037347140, 1.605795000, 0.190345700);0,1304211;1,87664;;;-0,4954528;0,3061426;4,944822
0,3222222;0,1175437589;0,02991681;(-0.521857100, 0.319435500, 4.940227000);(-0.037744050, 1.605869000, 0.190170900);0,1599507;1,847127;;;-0,5218571;0,3194355;4,940227
0,3333333;0,1617871889;0,04424343;(-0.564586000, 0.326150500, 4.930919000);(-0.038186050, 1.605966000, 0.189988200);0,2006224;1,803358;;;-0,564586;0,3261505;4,930919
0,3444445;0,1972406189;0,03545343;(-0.598509800, 0.333592800, 4.923796000);(-0.038549350, 1.606034000, 0.189591300);0,2347343;1,768048;;;-0,5985098;0,3335928;4,923796
0,3555556;0,2401643489;0,04292373;(-0.640102200, 0.338832100, 4.914573000);(-0.039024650, 1.606117000, 0.189282500);0,2755189;1,725838;;;-0,6401022;0,3388321;4,914573
0,3666667;0,2749314489;0,0347671;(-0.673617200, 0.344584100, 4.907333000);(-0.039636820, 1.606086000, 0.188846400);0,3093431;1,691421;;;-0,6736172;0,3445841;4,907333
0,3777778;0,3069192589;0,03198781;(-0.704225300, 0.351297400, 4.900907000);(-0.040289730, 1.606087000, 0.188409300);0,3408906;1,65959;;;-0,7042253;0,3512974;4,900907
0,3888889;0,3387184889;0,03179923;(-0.734212000, 0.359995000, 4.894879000);(-0.041055210, 1.606111000, 0.187894600);0,3725667;1,627809;;;-0,734212;0,359995;4,894879
0,4;0,3847111689;0,04599268;(-0.777269100, 0.373751300, 4.886383000);(-0.042114900, 1.605975000, 0.187117500);0,4184922;1,581818;;;-0,7772691;0,3737513;4,886383
0,4111111;0,4513159889;0,06660482;(-0.840742600, 0.389059300, 4.873231000);(-0.043183240, 1.605986000, 0.186449100);0,4846599;1,515436;;;-0,8407426;0,3890593;4,873231
0,4222222;0,5298307089;0,07851472;(-0.916642500, 0.400365900, 4.856620000);(-0.044231220, 1.606004000, 0.185674400);0,5618981;1,438139;;;-0,9166425;0,4003659;4,85662
0,4333333;0,6017996889;0,07196898;(-0.986401900, 0.408901800, 4.841118000);(-0.045425360, 1.605970000, 0.184895600);0,6326769;1,367785;;;-0,9864019;0,4089018;4,841118
0,4444444;0,6795789089;0,07777922;(-1.061390000, 0.421700200, 4.824913000);(-0.046592850, 1.605742000, 0.183903900);0,7099178;1,291206;;;-1,06139;0,4217002;4,824913
0,4555556;0,7486536789;0,06907477;(-1.126402000, 0.441080900, 4.811909000);(-0.047884930, 1.605636000, 0.183011900);0,77899;1,222268;;;-1,126402;0,4410809;4,811909
0,4666667;0,8165103289;0,06785665;(-1.189904000, 0.461462900, 4.799392000);(-0.049095380, 1.605567000, 0.182143400);0,8468205;1,15448;;;-1,189904;0,4614629;4,799392
0,4777778;0,8867139689;0,07020364;(-1.255730000, 0.482086800, 4.786352000);(-0.050492640, 1.605555000, 0.181300000);0,9170115;1,084382;;;-1,25573;0,4820868;4,786352
0,4888889;0,9530810789;0,06636711;(-1.319112000, 0.496665200, 4.773129000);(-0.051655760, 1.605529000, 0.180476700);0,9832705;1,018649;;;-1,319112;0,4966652;4,773129
0,5;1,0188375589;0,06575648;(-1.382509000, 0.507479100, 4.759428000);(-0.052647700, 1.605543000, 0.179606100);1,048642;0,9542847;;;-1,382509;0,5074791;4,759428
0,5111111;1,0810139389;0,06217638;(-1.442813000, 0.514435200, 4.745974000);(-0.053686480, 1.605625000, 0.178875600);1,110084;0,8944547;;;-1,442813;0,5144352;4,745974
0,5222223;1,1427512389;0,0617373;(-1.502691000, 0.521342600, 4.732615000);(-0.054587360, 1.605841000, 0.178214100);1,171168;0,8353862;;;-1,502691;0,5213426;4,732615
0,5333334;1,2008658789;0,05811464;(-1.559253000, 0.523246900, 4.719412000);(-0.055444430, 1.605987000, 0.177593900);1,227928;0,7818446;;;-1,559253;0,5232469;4,719412
0,5444446;1,2627277889;0,06186191;(-1.619354000, 0.528729100, 4.705820000);(-0.056346260, 1.606166000, 0.176925800);1,289086;0,7242103;;;-1,619354;0,5287291;4,70582
0,5555557;1,3236083189;0,06088053;(-1.678125000, 0.538177700, 4.693046000);(-0.057141740, 1.606267000, 0.176335800);1,349781;0,666684;;;-1,678125;0,5381777;4,693046
0,5666668;1,3818943389;0,05828602;(-1.733238000, 0.553513800, 4.681884000);(-0.057882610, 1.606301000, 0.175803400);1,408033;0,6101784;;;-1,733238;0,5535138;4,681884
0,577778;1,4408710889;0,05897675;(-1.787564000, 0.574019000, 4.671563000);(-0.058624290, 1.606313000, 0.175123500);1,466581;0,5521384;;;-1,787564;0,574019;4,671563
0,5888891;1,4961986389;0,05532755;(-1.835121000, 0.601175500, 4.663691000);(-0.059226590, 1.606343000, 0.174613000);1,519864;0,4968355;;;-1,835121;0,6011755;4,663691
0,6000003;1,5442031889;0,04800455;(-1.876242000, 0.625003100, 4.656928000);(-0.059755410, 1.606322000, 0.174186000);1,566131;0,4488476;;;-1,876242;0,6250031;4,656928
0,6111114;1,5876695589;0,04346637;(-1.916303000, 0.640048900, 4.649307000);(-0.060267650, 1.606259000, 0.173759200);1,609393;0,4062941;;;-1,916303;0,6400489;4,649307
0,6222225;1,6296274989;0,04195794;(-1.957034000, 0.644264300, 4.640159000);(-0.060590470, 1.606252000, 0.173413000);1,650834;0,3693912;;;-1,957034;0,6442643;4,640159
0,6333337;1,6724772089;0,04284971;(-1.998103000, 0.652879200, 4.631486000);(-0.061030400, 1.606123000, 0.173017500);1,693626;0,3307226;;;-1,998103;0,6528792;4,631486
0,6444448;1,7091074489;0,03663024;(-2.032669000, 0.662802500, 4.624524000);(-0.061432620, 1.605945000, 0.172658900);1,730248;0,2973279;;;-2,032669;0,6628025;4,624524
0,655556;1,7411787489;0,0320713;(-2.062232000, 0.673892400, 4.618899000);(-0.061903980, 1.605847000, 0.172356900);1,762161;0,2676616;;;-2,062232;0,6738924;4,618899
0,6666671;1,7714344089;0,03025566;(-2.089571000, 0.685855700, 4.613913000);(-0.062266030, 1.605683000, 0.171980700);1,792073;0,2395589;;;-2,089571;0,6858557;4,613913
0,6777782;1,8043725289;0,03293812;(-2.118197000, 0.701412800, 4.609074000);(-0.062485170, 1.605498000, 0.171573100);1,824114;0,208504;;;-2,118197;0,7014128;4,609074
0,6888894;1,8359640889;0,03159156;(-2.138983000, 0.725123900, 4.607130000);(-0.062485170, 1.605498000, 0.171573100);1,850392;0,1769127;;;-2,138983;0,7251239;4,60713
0,7000005;1,8359640889;0;(-2.138983000, 0.725123900, 4.607130000);(-0.063340460, 1.605045000, 0.170542600);1,850392;0,1769127;;;-2,138983;0,7251239;4,60713
0,7111117;1,9364935889;0,1005295;(-2.170009000, 0.820630700, 4.611821000);(-0.063706360, 1.605017000, 0.170308300);1,906312;0,09411844;;;-2,170009;0,8206307;4,611821
0,7222228;1,9664323289;0,02993874;(-2.161977000, 0.848945300, 4.617308000);(-0.063995260, 1.604975000, 0.169954300);1,906847;0,09564073;;;-2,161977;0,8489453;4,617308
0,7333339;1,9861352189;0,01970289;(-2.169130000, 0.867293400, 4.617926000);(-0.064369540, 1.604979000, 0.169682700);1,919407;0,08880174;;;-2,16913;0,8672934;4,617926
0,7444451;2,0050071189;0,0188719;(-2.184015000, 0.878704200, 4.615829000);(-0.064646300, 1.604919000, 0.169342200);1,93737;0,0761807;;;-2,184015;0,8787042;4,615829
0,7555562;2,0298785389;0,02487142;(-2.205723000, 0.890266300, 4.612131000);(-0.064693640, 1.604834000, 0.168981100);1,961992;0,06060994;;;-2,205723;0,8902663;4,612131
0,7666674;2,0640239289;0,03414539;(-2.238953000, 0.891756000, 4.604421000);(-0.064925500, 1.604760000, 0.168649400);1,994611;0,03779592;;;-2,238953;0,891756;4,604421
0,7777785;2,0952796689;0,03125574;(-2.268993000, 0.887753500, 4.596775000);(-0.065315310, 1.604828000, 0.168383900);2,022513;0,03259234;;;-2,268993;0,8877535;4,596775
0,7888896;2,1161786489;0,02089898;(-2.288944000, 0.884299000, 4.591598000);(-0.065525610, 1.604770000, 0.168022900);2,040859;0,0431017;;;-2,288944;0,884299;4,591598
0,8000008;2,1302276089;0,01404896;(-2.296496000, 0.872902800, 4.588363000);(-0.065658140, 1.604737000, 0.167645200);2,044847;0,04484826;;;-2,296496;0,8729028;4,588363
0,8111119;2,1217256119;0,008501997;(-2.297519000, 0.864562900, 4.587066000);(-0.065685560, 1.604647000, 0.167149200);2,043425;0,04413569;;;-2,297519;0,8645629;4,587066
0,8222231;2,1180923239;0,003633288;(-2.295393000, 0.867380400, 4.587927000);(-0.065844290, 1.604617000, 0.166700500);2,042164;0,04240547;;;-2,295393;0,8673804;4,587927
0,8333342;2,1064198539;0,01167247;(-2.291389000, 0.878099200, 4.590233000);(-0.066043800, 1.604532000, 0.166085500);2,041398;0,04198679;;;-2,291389;0,8780992;4,590233
0,8444453;2,0902230439;0,01619681;(-2.286026000, 0.893051400, 4.593397000);(-0.066197360, 1.604556000, 0.165612600);2,040656;0,04672234;;;-2,286026;0,8930514;4,593397
0,8555565;2,1027352639;0,01251222;(-2.284859000, 0.905373300, 4.595231000);(-0.066345180, 1.604599000, 0.165137000);2,043293;0,05576303;;;-2,284859;0,9053733;4,595231
0,8666676;2,1155996839;0,01286442;(-2.281967000, 0.917705800, 4.597476000);(-0.066463750, 1.604658000, 0.164713800);2,044338;0,0652267;;;-2,281967;0,9177058;4,597476
0,8777788;2,1242405129;0,008640829;(-2.281221000, 0.926222600, 4.598729000);(-0.066560140, 1.604773000, 0.164236600);2,046314;0,07281131;;;-2,281221;0,9262226;4,598729
0,8888899;2,1297993159;0,005558803;(-2.280293000, 0.931628300, 4.599633000);(-0.066648430, 1.604823000, 0.163730500);2,047148;0,07759376;;;-2,280293;0,9316283;4,599633
0,900001;2,1237389189;0,006060397;(-2.275902000, 0.927483800, 4.600153000);(-0.066771560, 1.604921000, 0.163273600);2,041584;0,07232055;;;-2,275902;0,9274838;4,600153
0,9111122;2,1081148289;0,01562409;(-2.270419000, 0.912863300, 4.599608000);(-0.066942860, 1.605069000, 0.162948800);2,03165;0,05673831;;;-2,270419;0,9128633;4,599608
0,9222233;2,0955705689;0,01254426;(-2.272801000, 0.900727400, 4.597509000);(-0.067095480, 1.605179000, 0.162554700);2,030175;0,04599563;;;-2,272801;0,9007274;4,597509
0,9333345;2,0869432169;0,008627352;(-2.273884000, 0.892271600, 4.596184000);(-0.067425330, 1.605361000, 0.162103200);2,028634;0,03886269;;;-2,273884;0,8922716;4,596184
0,9444456;2,0796170689;0,007326148;(-2.270866000, 0.885597500, 4.596058000);(-0.067619870, 1.605474000, 0.161739700);2,023679;0,03157368;;;-2,270866;0,8855975;4,596058
0,9555568;2,0722310119;0,007386057;(-2.264628000, 0.881770000, 4.597057000);(-0.067670870, 1.605479000, 0.161363900);2,016465;0,02534736;;;-2,264628;0,88177;4,597057
0,9666679;2,0602666819;0,01196433;(-2.253725000, 0.885615200, 4.600134000);(-0.067763780, 1.605475000, 0.160976200);2,007043;0,02748748;;;-2,253725;0,8856152;4,600134
0,977779;2,0509092689;0,009357413;(-2.245204000, 0.888643100, 4.602542000);(-0.067881710, 1.605501000, 0.160630900);1,999707;0,03232058;;;-2,245204;0,8886431;4,602542
0,9888902;2,0405858589;0,01032341;(-2.235820000, 0.892026100, 4.605199000);(-0.068007340, 1.605388000, 0.160319100);1,991661;0,03961028;;;-2,23582;0,8920261;4,605199
1,000001;2,0313607649;0,009225094;(-2.229562000, 0.885277600, 4.605834000);(-0.068155860, 1.605252000, 0.159993600);1,98351;0,03806974;;;-2,229562;0,8852776;4,605834
1,011112;2,0200814649;0,0112793;(-2.227303000, 0.874260100, 4.604980000);(-0.068198820, 1.605151000, 0.159529900);1,977946;0,03290019;;;-2,227303;0,8742601;4,60498
1,022224;2,0298295049;0,00974804;(-2.230912000, 0.865422800, 4.603005000);(-0.068317170, 1.605040000, 0.159203000);1,978788;0,02578085;;;-2,230912;0,8654228;4,603005
1,033335;2,0363423209;0,006512816;(-2.234842000, 0.860468700, 4.601445000);(-0.068473720, 1.605026000, 0.158848000);1,981137;0,02071246;;;-2,234842;0,8604687;4,601445
1,044446;2,0493016109;0,01295929;(-2.247287000, 0.862926200, 4.598798000);(-0.068636810, 1.605016000, 0.158585200);1,993979;0,009110042;;;-2,247287;0,8629262;4,598798
1,055557;2,0533081579;0,004006547;(-2.251152000, 0.863571000, 4.597961000);(-0.068636810, 1.605016000, 0.158585200);1,997932;0,006527465;;;-2,251152;0,863571;4,597961
1,066668;2,0533081579;0;(-2.251152000, 0.863571000, 4.597961000);(-0.068836200, 1.604888000, 0.158319500);1,997932;0,006527465;;;-2,251152;0,863571;4,597961
1,077779;2,0559393019;0,002631144;(-2.250825000, 0.866150300, 4.598365000);(-0.069008420, 1.604861000, 0.158097000);1,998376;0,008935641;;;-2,250825;0,8661503;4,598365
1,08889;2,0483896879;0,007549614;(-2.244376000, 0.869550100, 4.600327000);(-0.069081810, 1.604843000, 0.157882900);1,993114;0,0157734;;;-2,244376;0,8695501;4,600327
1,100002;2,0411237959;0,007265892;(-2.237453000, 0.870820900, 4.602132000);(-0.069069720, 1.604945000, 0.157846500);1,986766;0,0221077;;;-2,237453;0,8708209;4,602132
1,111113;2,0357837499;0,005340046;(-2.234473000, 0.866392500, 4.602282000);(-0.069170100, 1.604929000, 0.157647100);1,982541;0,02263968;;;-2,234473;0,8663925;4,602282
1,122224;2,0298279739;0,005955776;(-2.236154000, 0.860787400, 4.601173000);(-0.069233170, 1.604930000, 0.157348300);1,982509;0,0194171;;;-2,236154;0,8607874;4,601173
