time;total distance traveled;distance to prev position;ray position;hmd position;distance to prev target;distance to current target
(0.492888800, 2.483194000, 5.052477000);(-1.428457000, 1.938764000, 4.942817000);0,2555556;0,2555556

0;-0,00366991;0,00366991;(0.498060900, 2.515269000, 5.056065000);(-0.004896685, 1.627096000, 0.174801100);0,03268622;2,014113;;;0,4980609;2,515269;5,056065
0,01111111;-0,008105024;0,004435114;(0.494459900, 2.512707000, 5.055694000);(-0.004926428, 1.627136000, 0.174623200);0,02972845;2,009915;;;0,4944599;2,512707;5,055694
0,02222222;-0,015951272;0,007846248;(0.490973400, 2.505728000, 5.054850000);(-0.005186915, 1.627205000, 0.174525400);0,02273929;2,004548;;;0,4909734;2,505728;5,05485
0,03333334;-0,024989391;0,009038119;(0.487258100, 2.497547000, 5.053871000);(-0.005307644, 1.627321000, 0.174410500);0,01548085;1,998633;;;0,4872581;2,497547;5,053871
0,04444445;-0,028839191;0,0038498;(0.484741400, 2.494659000, 5.053493000);(-0.005588844, 1.627526000, 0.174357100);0,0141012;1,995394;;;0,4847414;2,494659;5,053493
0,05555556;-0,027110120;0,001729071;(0.483080400, 2.495139000, 5.053501000);(-0.005836859, 1.627658000, 0.174237200);0,01548966;1,993935;;;0,4830804;2,495139;5,053501
0,06666667;-0,025350357;0,001759763;(0.481327600, 2.495292000, 5.053472000);(-0.006103635, 1.627626000, 0.174193000);0,01676344;1,992296;;;0,4813276;2,495292;5,053472
0,07777778;-0,022374159;0,002976198;(0.482194300, 2.498121000, 5.053799000);(-0.006384268, 1.627723000, 0.174038500);0,01840969;1,993937;;;0,4821943;2,498121;5,053799
0,08888889;-0,024495635;0,002121476;(0.484222800, 2.498730000, 5.053918000);(-0.006577387, 1.627899000, 0.173929400);0,01784781;1,996058;;;0,4842228;2,49873;5,053918
0,1;-0,026227070;0,001731435;(0.485854700, 2.498152000, 5.053899000);(-0.006755769, 1.628015000, 0.173992900);0,01659032;1,997459;;;0,4858547;2,498152;5,053899
0,1111111;-0,028336931;0,002109861;(0.486763900, 2.496257000, 5.053720000);(-0.007009715, 1.628129000, 0.173944900);0,01448053;1,997791;;;0,4867639;2,496257;5,05372
0,1222222;-0,032292754;0,003955823;(0.490079100, 2.494103000, 5.053576000);(-0.007248744, 1.628244000, 0.173899200);0,01131854;2,000362;;;0,4900791;2,494103;5,053576
0,1333333;-0,033517599;0,001224845;(0.490215200, 2.492893000, 5.053450000);(-0.007463932, 1.628370000, 0.173711300);0,01010705;2,00015;;;0,4902152;2,492893;5,05345
0,1444445;-0,030089614;0,003427985;(0.487000600, 2.491721000, 5.053238000);(-0.007778049, 1.628405000, 0.173500900);0,01039019;1,99673;;;0,4870006;2,491721;5,053238
0,1555556;-0,028915062;0,001174552;(0.486714600, 2.492855000, 5.053352000);(-0.008068323, 1.628523000, 0.173424900);0,01149812;1,996776;;;0,4867146;2,492855;5,053352
0,1666667;-0,031052994;0,002137932;(0.488551500, 2.491763000, 5.053284000);(-0.008238181, 1.628702000, 0.173465400);0,009637534;1,998232;;;0,4885515;2,491763;5,053284
0,1777778;-0,029166373;0,001886621;(0.490133200, 2.492780000, 5.053435000);(-0.008622929, 1.628899000, 0.173431900);0,01001973;2,000039;;;0,4901332;2,49278;5,053435
0,1888889;-0,027433737;0,001732636;(0.490805000, 2.494366000, 5.053624000);(-0.008958355, 1.629133000, 0.173478800);0,01142193;2,001134;;;0,490805;2,494366;5,053624
0,2;-0,025924623;0,001509114;(0.489951300, 2.495605000, 5.053734000);(-0.009439394, 1.629279000, 0.173526900);0,01281579;2,000666;;;0,4899513;2,495605;5,053734
0,2111111;-0,020063962;0,005860661;(0.484522800, 2.493429000, 5.053356000);(-0.009984344, 1.629434000, 0.173591400);0,01324837;1,994834;;;0,4845228;2,493429;5,053356
0,2222222;-0,012094589;0,007969373;(0.478674800, 2.488065000, 5.052623000);(-0.010614110, 1.629513000, 0.173640400);0,01502617;1,987697;;;0,4786748;2,488065;5,052623
0,2333333;-0,002574380;0,009520209;(0.470450900, 2.483325000, 5.051895000);(-0.011227560, 1.629695000, 0.173770700);0,02244581;1,978458;;;0,4704509;2,483325;5,051895
0,2444444;0,010872500;0,01344688;(0.457013300, 2.483709000, 5.051579000);(-0.011912440, 1.629910000, 0.173939500);0,03589048;1,965653;;;0,4570133;2,483709;5,051579
0,2555556;0,025299350;0,01442685;(0.443580800, 2.488969000, 5.051787000);(-0.012654050, 1.630118000, 0.174068300);0,04964972;1,954258;;;0,4435808;2,488969;5,051787
0,2666667;0,036332370;0,01103302;(0.436082500, 2.497034000, 5.052455000);(-0.013174580, 1.630229000, 0.174198000);0,058468;1,949408;;;0,4360825;2,497034;5,052455
0,2777778;0,053758470;0,0174261;(0.430070100, 2.513313000, 5.054046000);(-0.013881980, 1.630410000, 0.174411700);0,0696834;1,948487;;;0,4300701;2,513313;5,054046
0,2888889;0,071664190;0,01790572;(0.417623300, 2.526142000, 5.055095000);(-0.014576720, 1.630529000, 0.174658700);0,0866964;1,940523;;;0,4176233;2,526142;5,055095
0,3;0,097088010;0,02542382;(0.392209400, 2.525983000, 5.054401000);(-0.015289410, 1.630574000, 0.174848500);0,1094118;1,916273;;;0,3922094;2,525983;5,054401
0,3111111;0,133724660;0,03663665;(0.356840500, 2.516629000, 5.052455000);(-0.015923190, 1.630489000, 0.174992800);0,1400966;1,87969;;;0,3568405;2,516629;5,052455
0,3222222;0,172469040;0,03874438;(0.319672700, 2.505901000, 5.050312000);(-0.016610280, 1.630255000, 0.175122700);0,1747115;1,840966;;;0,3196727;2,505901;5,050312
0,3333333;0,221386640;0,0489176;(0.272690800, 2.492544000, 5.047626000);(-0.017218670, 1.629979000, 0.175305300);0,2204498;1,792083;;;0,2726908;2,492544;5,047626
0,3444445;0,289625590;0,06823895;(0.206426600, 2.476621000, 5.044151000);(-0.017897970, 1.629672000, 0.175366300);0,2866586;1,724066;;;0,2064266;2,476621;5,044151
0,3555556;0,357944430;0,06831884;(0.140663100, 2.458485000, 5.040451000);(-0.018451740, 1.629348000, 0.175425100);0,3532961;1,655832;;;0,1406631;2,458485;5,040451
0,3666667;0,437347200;0,07940277;(0.064006370, 2.438218000, 5.036232000);(-0.018879610, 1.628931000, 0.175310300);0,4315402;1,576587;;;0,06400637;2,438218;5,036232
0,3777778;0,520266210;0,08291901;(-0.015475760, 2.415046000, 5.031626000);(-0.019395230, 1.628572000, 0.175283600);0,5133356;1,493736;;;-0,01547576;2,415046;5,031626
0,3888889;0,615062980;0,09479677;(-0.106032000, 2.387529000, 5.026258000);(-0.020101040, 1.628242000, 0.175159100);0,6070794;1,398985;;;-0,106032;2,387529;5,026258
0,4;0,702396610;0,08733363;(-0.191578000, 2.370438000, 5.022144000);(-0.020668400, 1.627916000, 0.174969000);0,6943551;1,312442;;;-0,191578;2,370438;5,022144
0,4111111;0,782983770;0,08058716;(-0.270978000, 2.357120000, 5.018600000);(-0.021180140, 1.627510000, 0.174849200);0,7749419;1,233094;;;-0,270978;2,35712;5,0186
0,4222222;0,859475900;0,07649213;(-0.345983100, 2.342540000, 5.015037000);(-0.021758870, 1.627190000, 0.174698700);0,8514057;1,157583;;;-0,3459831;2,34254;5,015037
0,4333333;0,940023620;0,08054772;(-0.423010600, 2.319428000, 5.010502000);(-0.022155440, 1.626808000, 0.174476200);0,9313716;1,077222;;;-0,4230106;2,319428;5,010502
0,4444444;1,026151060;0,08612744;(-0.501942800, 2.285450000, 5.004748000);(-0.022775620, 1.626649000, 0.174311700);1,015417;0,9911883;;;-0,5019428;2,28545;5,004748
0,4555556;1,110268230;0,08411717;(-0.574591900, 2.243541000, 4.998309000);(-0.023379970, 1.626401000, 0.174224600);1,095392;0,9083245;;;-0,5745919;2,243541;4,998309
0,4666667;1,180821970;0,07055374;(-0.627812300, 2.197659000, 4.991958000);(-0.023993140, 1.626116000, 0.173981400);1,158086;0,8428957;;;-0,6278123;2,197659;4,991958
0,4777778;1,245716830;0,06489486;(-0.676450800, 2.155102000, 4.986087000);(-0.024692690, 1.625976000, 0.173728400);1,216309;0,7837009;;;-0,6764508;2,155102;4,986087
0,4888889;1,301146490;0,05542966;(-0.705139900, 2.108033000, 4.980262000);(-0.025340310, 1.625780000, 0.173623300);1,257471;0,743802;;;-0,7051399;2,108033;4,980262
0,5;1,352687700;0,05154121;(-0.738819600, 2.069347000, 4.975205000);(-0.026075980, 1.625563000, 0.173538600);1,30167;0,7026381;;;-0,7388196;2,069347;4,975205
0,5111111;1,383366120;0,03067842;(-0.758759700, 2.046229000, 4.972188000);(-0.026850820, 1.625397000, 0.173207400);1,32816;0,6789002;;;-0,7587597;2,046229;4,972188
0,5222223;1,426454320;0,0430882;(-0.792912100, 2.020220000, 4.968482000);(-0.027537260, 1.625241000, 0.173143400);1,369191;0,6412571;;;-0,7929121;2,02022;4,968482
0,5333334;1,473780400;0,04732608;(-0.834649600, 1.998183000, 4.965002000);(-0.028342580, 1.625074000, 0.172961200);1,416067;0,5971848;;;-0,8346496;1,998183;4,965002
0,5444446;1,527298590;0,05351819;(-0.880367400, 1.970675000, 4.960828000);(-0.029234740, 1.624951000, 0.172833500);1,468642;0,5493128;;;-0,8803674;1,970675;4,960828
0,5555557;1,587069360;0,05977077;(-0.934902600, 1.946549000, 4.956782000);(-0.030038080, 1.624732000, 0.172803500);1,528311;0,493813;;;-0,9349026;1,946549;4,956782
0,5666668;1,647214160;0,0601448;(-0.993061500, 1.931551000, 4.953622000);(-0.030515170, 1.624429000, 0.172634100);1,588122;0,4355889;;;-0,9930615;1,931551;4,953622
0,577778;1,699508880;0,05229472;(-1.043118000, 1.916703000, 4.950694000);(-0.031343630, 1.624228000, 0.172474500);1,640302;0,3860496;;;-1,043118;1,916703;4,950694
0,5888891;1,749352410;0,04984353;(-1.092391000, 1.909478000, 4.948606000);(-0.032393680, 1.623994000, 0.172480200);1,689098;0,3373884;;;-1,092391;1,909478;4,948606
0,6000003;1,801948700;0,05259629;(-1.144199000, 1.900704000, 4.946284000);(-0.033307850, 1.623837000, 0.172467600);1,74087;0,2868156;;;-1,144199;1,900704;4,946284
0,6111114;1,860354380;0,05840568;(-1.202581000, 1.900247000, 4.944682000);(-0.034258380, 1.623769000, 0.172504100);1,796125;0,2291441;;;-1,202581;1,900247;4,944682
0,6222225;1,913404800;0,05305042;(-1.255520000, 1.897290000, 4.942956000);(-0.035242380, 1.623709000, 0.172669300);1,847218;0,1778401;;;-1,25552;1,89729;4,942956
0,6333337;1,955879230;0,04247443;(-1.297639000, 1.902747000, 4.942423000);(-0.036153780, 1.623679000, 0.172645400);1,885477;0,1356855;;;-1,297639;1,902747;4,942423
0,6444448;1,982651660;0,02677243;(-1.324077000, 1.906961000, 4.942173000);(-0.036900180, 1.623784000, 0.172687600);1,909339;0,1091192;;;-1,324077;1,906961;4,942173
0,655556;1,998304410;0,01565275;(-1.339415000, 1.903926000, 4.941439000);(-0.037755210, 1.623712000, 0.172780600);1,924895;0,09562416;;;-1,339415;1,903926;4,941439
0,6666671;2,005599947;0,007295537;(-1.346036000, 1.900903000, 4.940937000);(-0.038600000, 1.623631000, 0.172873100);1,932136;0,09072029;;;-1,346036;1,900903;4,940937
0,6777782;2,014726680;0,009126733;(-1.355022000, 1.902499000, 4.940870000);(-0.039386400, 1.623553000, 0.173002200);1,940216;0,08192456;;;-1,355022;1,902499;4,94087
0,6888894;2,012018510;0,00270817;(-1.354247000, 1.905077000, 4.941168000);(-0.040178170, 1.623344000, 0.173112000);1,93869;0,08151469;;;-1,354247;1,905077;4,941168
0,7000005;2,016303741;0,004285231;(-1.358009000, 1.907126000, 4.941288000);(-0.040939570, 1.623165000, 0.173184300);1,941659;0,07724152;;;-1,358009;1,907126;4,941288
0,7111117;2,021586706;0,005282965;(-1.362712000, 1.909528000, 4.941422000);(-0.041643650, 1.622965000, 0.173257300);1,945426;0,07196573;;;-1,362712;1,909528;4,941422
0,7222228;2,035705506;0,0141188;(-1.376823000, 1.909842000, 4.941080000);(-0.042313420, 1.622695000, 0.173456900);1,958817;0,05920749;;;-1,376823;1,909842;4,94108
0,7333339;2,056308316;0,02060281;(-1.397396000, 1.910869000, 4.940643000);(-0.042974650, 1.622509000, 0.173532300);1,978191;0,04180467;;;-1,397396;1,910869;4,940643
0,7444451;2,078871726;0,02256341;(-1.419920000, 1.909744000, 4.939923000);(-0.043598920, 1.622345000, 0.173641800);2,000087;0,03038722;;;-1,41992;1,909744;4,939923
0,7555562;2,097832666;0,01896094;(-1.438860000, 1.910509000, 4.939501000);(-0.044194780, 1.622145000, 0.173737400);2,018016;0,03029116;;;-1,43886;1,910509;4,939501
0,7666674;2,111559516;0,01372685;(-1.452098000, 1.914142000, 4.939540000);(-0.044783300, 1.621843000, 0.173941300);2,029667;0,03429061;;;-1,452098;1,914142;4,93954
0,7777785;2,116482135;0,004922619;(-1.455531000, 1.917658000, 4.939827000);(-0.045322680, 1.621646000, 0.173922700);2,03196;0,03445912;;;-1,455531;1,917658;4,939827
0,7888896;2,103934455;0,01254768;(-1.447188000, 1.926950000, 4.941048000);(-0.045819240, 1.621322000, 0.173974100);2,021317;0,022216;;;-1,447188;1,92695;4,941048
0,8000008;2,089645605;0,01428885;(-1.442116000, 1.940217000, 4.942610000);(-0.046275890, 1.621032000, 0.174137000);2,012745;0,01373846;;;-1,442116;1,940217;4,94261
0,8111119;2,078675995;0,01096961;(-1.444528000, 1.950863000, 4.943691000);(-0.046695460, 1.620827000, 0.174225400);2,012161;0,02013565;;;-1,444528;1,950863;4,943691
0,8222231;2,087722022;0,009046027;(-1.450205000, 1.957880000, 4.944294000);(-0.047023140, 1.620599000, 0.174259200);2,015756;0,02899335;;;-1,450205;1,95788;4,944294
0,8333342;2,095982584;0,008260562;(-1.458321000, 1.956388000, 4.943918000);(-0.047355690, 1.620418000, 0.174386000);2,023989;0,0346947;;;-1,458321;1,956388;4,943918
0,8444453;2,107108654;0,01112607;(-1.468868000, 1.952907000, 4.943263000);(-0.047526020, 1.620299000, 0.174402300);2,035098;0,04281732;;;-1,468868;1,952907;4,943263
0,8555565;2,126169174;0,01906052;(-1.483997000, 1.941428000, 4.941626000);(-0.047775960, 1.620181000, 0.174526400);2,052773;0,05561657;;;-1,483997;1,941428;4,941626
0,8666676;2,141956914;0,01578774;(-1.493445000, 1.928881000, 4.940025000);(-0.047909480, 1.620014000, 0.174644500);2,065292;0,06579483;;;-1,493445;1,928881;4,940025
0,8777788;2,146359006;0,004402092;(-1.496902000, 1.926183000, 4.939643000);(-0.048144870, 1.620020000, 0.174633800);2,069363;0,06966451;;;-1,496902;1,926183;4,939643
0,8888899;2,138879275;0,007479731;(-1.493645000, 1.932868000, 4.940449000);(-0.048338090, 1.619996000, 0.174746700);2,064395;0,06549753;;;-1,493645;1,932868;4,940449
0,900001;2,123519645;0,01535963;(-1.487953000, 1.947035000, 4.942124000);(-0.048400110, 1.619996000, 0.174788900);2,055086;0,0600725;;;-1,487953;1,947035;4,942124
0,9111122;2,111010435;0,01250921;(-1.481303000, 1.957550000, 4.943432000);(-0.048504850, 1.619952000, 0.174895200);2,045881;0,05608972;;;-1,481303;1,95755;4,943432
0,9222233;2,102551425;0,00845901;(-1.475790000, 1.963911000, 4.944263000);(-0.048578640, 1.619962000, 0.174951500);2,038887;0,05361816;;;-1,47579;1,963911;4,944263
0,9333345;2,099510912;0,003040513;(-1.472753000, 1.964030000, 4.944356000);(-0.048644890, 1.619984000, 0.175003700);2,03592;0,05101902;;;-1,472753;1,96403;4,944356
0,9444456;2,105029981;0,005519069;(-1.472617000, 1.958544000, 4.943769000);(-0.048604760, 1.620090000, 0.175028400);2,037226;0,04839747;;;-1,472617;1,958544;4,943769
0,9555568;2,109165575;0,004135594;(-1.472860000, 1.954440000, 4.943322000);(-0.048625520, 1.620188000, 0.175070600);2,038545;0,04709228;;;-1,47286;1,95444;4,943322
0,9666679;2,100521499;0,008644076;(-1.468730000, 1.946879000, 4.942618000);(-0.048578050, 1.620419000, 0.175148100);2,036578;0,0410831;;;-1,46873;1,946879;4,942618
0,977779;2,095214126;0,005307373;(-1.463668000, 1.948447000, 4.942922000);(-0.048557300, 1.620548000, 0.175190100);2,031274;0,03651888;;;-1,463668;1,948447;4,942922
0,9888902;2,092949970;0,002264156;(-1.463594000, 1.950697000, 4.943166000);(-0.048447390, 1.620691000, 0.175294500);2,030597;0,03710956;;;-1,463594;1,950697;4,943166
1,000001;2,095839718;0,002889748;(-1.464464000, 1.953439000, 4.943438000);(-0.048377480, 1.620835000, 0.175329100);2,030705;0,03888804;;;-1,464464;1,953439;4,943438
1,011112;2,092845542;0,002994176;(-1.463052000, 1.950810000, 4.943192000);(-0.048313250, 1.620975000, 0.175316000);2,030045;0,03663453;;;-1,463052;1,95081;4,943192
1,022224;2,087493014;0,005352528;(-1.458038000, 1.948937000, 4.943124000);(-0.048102540, 1.621082000, 0.175302600);2,025711;0,0312836;;;-1,458038;1,948937;4,943124
1,033335;2,075567174;0,01192584;(-1.446418000, 1.946256000, 4.943145000);(-0.048002010, 1.621246000, 0.175353900);2,015234;0,01946392;;;-1,446418;1,946256;4,943145
1,044446;2,062625464;0,01294171;(-1.433646000, 1.944169000, 4.943260000);(-0.047794230, 1.621487000, 0.175312900);2,0035;0,007506014;;;-1,433646;1,944169;4,94326
1,055557;2,057133975;0,005491489;(-1.428197000, 1.944819000, 4.943475000);(-0.047650750, 1.621655000, 0.175390600);1,998074;0,006096809;;;-1,428197;1,944819;4,943475
1,066668;2,058786084;0,001652109;(-1.428904000, 1.946306000, 4.943616000);(-0.047550720, 1.621872000, 0.175449000);1,998346;0,007597709;;;-1,428904;1,946306;4,943616
1,077779;2,063458010;0,004671926;(-1.433337000, 1.947780000, 4.943657000);(-0.047437420, 1.622020000, 0.175509700);2,002213;0,01028698;;;-1,433337;1,94778;4,943657
1,08889;2,068038357;0,004580347;(-1.435187000, 1.943620000, 4.943160000);(-0.047174480, 1.622144000, 0.175617400);2,005135;0,008305935;;;-1,435187;1,94362;4,94316
1,100002;2,061329012;0,006709345;(-1.433228000, 1.937234000, 4.942526000);(-0.047075990, 1.622310000, 0.175673000);2,005016;0,005019073;;;-1,433228;1,937234;4,942526
1,111113;2,054321196;0,007007816;(-1.431244000, 1.930546000, 4.941859000);(-0.046944190, 1.622412000, 0.175818900);2,00498;0,008730473;;;-1,431244;1,930546;4,941859
1,122224;2,049845589;0,004475607;(-1.428160000, 1.927314000, 4.941593000);(-0.046832860, 1.622561000, 0.175915800);2,002929;0,01151907;;;-1,42816;1,927314;4,941593
1,133335;2,046999809;0,00284578;(-1.425532000, 1.926222000, 4.941545000);(-0.046749950, 1.622703000, 0.176001600);2,000715;0,01294083;;;-1,425532;1,926222;4,941545
