time;total distance traveled;distance to prev position;ray position;hmd position;distance to prev target;distance to current target
(-2.925295000, 2.407969000, 4.104160000);(-1.806937000, 0.876212400, 4.738980000);0,2555556;0,2444444

0;-0,004055007;0,004055007;(-2.904478000, 2.376160000, 4.115728000);(-0.028953720, 1.629402000, 0.103066500);0,03973649;1,960327;;;-2,904478;2,37616;4,115728
0,01111111;-0,008751539;0,004696532;(-2.907150000, 2.379709000, 4.114202000);(-0.028818720, 1.629382000, 0.102845200);0,03505377;1,965023;;;-2,90715;2,379709;4,114202
0,02222222;-0,008751539;0;(-2.907150000, 2.379709000, 4.114202000);(-0.028745240, 1.629333000, 0.102552700);0,03505377;1,965023;;;-2,90715;2,379709;4,114202
0,03333334;-0,015992238;0,007240699;(-2.908202000, 2.386870000, 4.114037000);(-0.028583870, 1.629406000, 0.102365800);0,02889401;1,971149;;;-2,908202;2,38687;4,114037
0,04444445;-0,026188488;0,01019625;(-2.904543000, 2.395858000, 4.117168000);(-0.028470820, 1.629423000, 0.102104600);0,02732265;1,975022;;;-2,904543;2,395858;4,117168
0,05555556;-0,017223137;0,008965351;(-2.897153000, 2.396636000, 4.122184000);(-0.028348240, 1.629416000, 0.101891000);0,03528801;1,969949;;;-2,897153;2,396636;4,122184
0,06666667;-0,009966685;0,007256452;(-2.891184000, 2.395302000, 4.126088000);(-0.028059930, 1.629205000, 0.101616200);0,04248359;1,964399;;;-2,891184;2,395302;4,126088
0,07777778;-0,002732223;0,007234462;(-2.887572000, 2.389353000, 4.128063000);(-0.027937180, 1.629317000, 0.101389100);0,04838346;1,957188;;;-2,887572;2,389353;4,128063
0,08888889;-0,006547431;0,003815208;(-2.890732000, 2.389203000, 4.125931000);(-0.027752030, 1.629267000, 0.101192500);0,04495271;1,959485;;;-2,890732;2,389203;4,125931
0,1;-0,013153041;0,00660561;(-2.895092000, 2.385418000, 4.122722000);(-0.027623730, 1.629222000, 0.100978600);0,04201566;1,959989;;;-2,895092;2,385418;4,122722
0,1111111;-0,007757053;0,005395988;(-2.894924000, 2.380033000, 4.122428000);(-0.027494020, 1.629130000, 0.100661400);0,04512849;1,955845;;;-2,894924;2,380033;4,122428
0,1222222;0,002118360;0,009875413;(-2.888786000, 2.373186000, 4.126030000);(-0.027263870, 1.629070000, 0.100405400);0,05496434;1,946031;;;-2,888786;2,373186;4,12603
0,1333333;0,005753418;0,003635058;(-2.885770000, 2.373243000, 4.128058000);(-0.027089540, 1.629021000, 0.100097300);0,05778644;1,943761;;;-2,88577;2,373243;4,128058
0,1444445;0,000548003;0,005205415;(-2.886501000, 2.378396000, 4.127955000);(-0.027018100, 1.629071000, 0.099897700);0,05427464;1,94817;;;-2,886501;2,378396;4,127955
0,1555556;-0,006128815;0,006676818;(-2.889062000, 2.384431000, 4.126692000);(-0.026853340, 1.629042000, 0.099668490);0,0487291;1,95464;;;-2,889062;2,384431;4,126692
0,1666667;-0,014424267;0,008295452;(-2.888753000, 2.392679000, 4.127521000);(-0.026594960, 1.628962000, 0.099454300);0,04598762;1,960581;;;-2,888753;2,392679;4,127521
0,1777778;-0,008219893;0,006204374;(-2.883782000, 2.394078000, 4.130961000);(-0.026452690, 1.628959000, 0.099280850);0,05132782;1,957856;;;-2,883782;2,394078;4,130961
0,1888889;-0,003056764;0,005163129;(-2.881310000, 2.389745000, 4.132292000);(-0.026263150, 1.629109000, 0.099152520);0,05530079;1,952724;;;-2,88131;2,389745;4,132292
0,2;0,006842717;0,009899481;(-2.884151000, 2.380624000, 4.129699000);(-0.025924670, 1.629132000, 0.098889400);0,05561319;1,948042;;;-2,884151;2,380624;4,129699
0,2111111;0,010947826;0,004105109;(-2.883770000, 2.376537000, 4.129647000);(-0.025699630, 1.629132000, 0.098733860);0,05798254;1,944692;;;-2,88377;2,376537;4,129647
0,2222222;0,017349269;0,006401443;(-2.878693000, 2.374371000, 4.132890000);(-0.025422930, 1.629081000, 0.098571380);0,06423419;1,939197;;;-2,878693;2,374371;4,13289
0,2333333;0,028210429;0,01086116;(-2.869706000, 2.372886000, 4.138806000);(-0.025135760, 1.629009000, 0.098461110);0,07430533;1,931248;;;-2,869706;2,372886;4,138806
0,2444444;0,047260159;0,01904973;(-2.853941000, 2.373860000, 4.149455000);(-0.024861370, 1.628915000, 0.098334390);0,09113993;1,92008;;;-2,853941;2,37386;4,149455
0,2555556;0,060302009;0,01304185;(-2.843102000, 2.373136000, 4.156672000);(-0.024584460, 1.628819000, 0.098242030);0,103569;1,911414;;;-2,843102;2,373136;4,156672
0,2666667;0,072921739;0,01261973;(-2.833100000, 2.368841000, 4.163057000);(-0.024557090, 1.628797000, 0.098216250);0,1161886;1,900694;;;-2,8331;2,368841;4,163057
0,2777778;0,089347599;0,01642586;(-2.822248000, 2.358357000, 4.169547000);(-0.024291610, 1.628622000, 0.098196040);0,1317405;1,884639;;;-2,822248;2,358357;4,169547
0,2888889;0,111848599;0,022501;(-2.807412000, 2.343949000, 4.178414000);(-0.024040750, 1.628546000, 0.098126610);0,153325;1,862643;;;-2,807412;2,343949;4,178414
0,3;0,153685879;0,04183728;(-2.779233000, 2.318087000, 4.195368000);(-0.023838330, 1.628448000, 0.098091800);0,1942466;1,822053;;;-2,779233;2,318087;4,195368
0,3111111;0,184542729;0,03085685;(-2.756567000, 2.302548000, 4.209402000);(-0.023616000, 1.628303000, 0.098156440);0,2250744;1,793512;;;-2,756567;2,302548;4,209402
0,3222222;0,224892909;0,04035018;(-2.725800000, 2.284989000, 4.228719000);(-0.023468100, 1.628131000, 0.098114390);0,2654007;1,757648;;;-2,7258;2,284989;4,228719
0,3333333;0,272154239;0,04726133;(-2.688793000, 2.267320000, 4.252213000);(-0.023350990, 1.627734000, 0.098056270);0,3124661;1,717496;;;-2,688793;2,26732;4,252213
0,3444445;0,327835279;0,05568104;(-2.644535000, 2.248856000, 4.280509000);(-0.023184050, 1.627455000, 0.098042980);0,367753;1,672099;;;-2,644535;2,248856;4,280509
0,3555556;0,380405669;0,05257039;(-2.603153000, 2.229946000, 4.306845000);(-0.023047910, 1.627093000, 0.098030610);0,4201775;1,628894;;;-2,603153;2,229946;4,306845
0,3666667;0,444220859;0,06381519;(-2.556116000, 2.198170000, 4.336004000);(-0.022866220, 1.626735000, 0.098005490);0,4837977;1,572015;;;-2,556116;2,19817;4,336004
0,3777778;0,510180059;0,0659592;(-2.513550000, 2.154579000, 4.361273000);(-0.022752870, 1.626361000, 0.098021640);0,5475835;1,508703;;;-2,51355;2,154579;4,361273
0,3888889;0,580819889;0,07063983;(-2.476384000, 2.098179000, 4.381956000);(-0.022646060, 1.625976000, 0.097907080);0,6120959;1,438343;;;-2,476384;2,098179;4,381956
0,4;0,655787639;0,07496775;(-2.446790000, 2.030905000, 4.396741000);(-0.022530290, 1.625599000, 0.097885620);0,675831;1,363765;;;-2,44679;2,030905;4,396741
0,4111111;0,721605639;0,065818;(-2.418942000, 1.973014000, 4.411061000);(-0.022469110, 1.625222000, 0.097886580);0,7346889;1,298097;;;-2,418942;1,973014;4,411061
0,4222222;0,793414949;0,07180931;(-2.395668000, 1.905907000, 4.421618000);(-0.022472620, 1.624996000, 0.097879010);0,7958342;1,227841;;;-2,395668;1,905907;4,421618
0,4333333;0,869571449;0,0761565;(-2.359903000, 1.841451000, 4.440755000);(-0.022457690, 1.624699000, 0.097848310);0,8682782;1,151693;;;-2,359903;1,841451;4,440755
0,4444444;0,950278709;0,08070726;(-2.310300000, 1.784778000, 4.469760000);(-0.022521020, 1.624397000, 0.097908090);0,9488152;1,073007;;;-2,3103;1,784778;4,46976
0,4555556;1,028861439;0,07858273;(-2.259682000, 1.732708000, 4.499792000);(-0.022518640, 1.624069000, 0.097835560);1,027396;0,9978852;;;-2,259682;1,732708;4,499792
0,4666667;1,118602279;0,08974084;(-2.205018000, 1.669075000, 4.531668000);(-0.022446470, 1.623512000, 0.097587120);1,116927;0,9110867;;;-2,205018;1,669075;4,531668
0,4777778;1,202145139;0,08354286;(-2.163267000, 1.600410000, 4.554502000);(-0.022428530, 1.623038000, 0.097479570);1,198184;0,827929;;;-2,163267;1,60041;4,554502
0,4888889;1,288418439;0,0862733;(-2.129873000, 1.522601000, 4.571043000);(-0.022385320, 1.622589000, 0.097367180);1,278496;0,7418281;;;-2,129873;1,522601;4,571043
0,5;1,364966259;0,07654782;(-2.102025000, 1.452570000, 4.584448000);(-0.022373830, 1.622098000, 0.097160590);1,349532;0,6656916;;;-2,102025;1,45257;4,584448
0,5111111;1,435699839;0,07073358;(-2.068169000, 1.393204000, 4.602687000);(-0.022265590, 1.621649000, 0.097036700);1,418782;0,5950615;;;-2,068169;1,393204;4,602687
0,5222223;1,496730319;0,06103048;(-2.032871000, 1.347722000, 4.622939000);(-0.022154750, 1.621330000, 0.096930580);1,479756;0,5355677;;;-2,032871;1,347722;4,622939
0,5333334;1,557664199;0,06093388;(-1.995778000, 1.304485000, 4.644565000);(-0.022009900, 1.620964000, 0.096899850);1,540687;0,4774859;;;-1,995778;1,304485;4,644565
0,5444446;1,598409119;0,04074492;(-1.970076000, 1.276736000, 4.659716000);(-0.021862400, 1.620770000, 0.097186640);1,581383;0,439678;;;-1,970076;1,276736;4,659716
0,5555557;1,640461199;0,04205208;(-1.950058000, 1.241355000, 4.670478000);(-0.021675690, 1.620590000, 0.097368550);1,622588;0,3981275;;;-1,950058;1,241355;4,670478
0,5666668;1,701198009;0,06073681;(-1.932383000, 1.183735000, 4.677995000);(-0.021575040, 1.620401000, 0.097627920);1,677471;0,3376779;;;-1,932383;1,183735;4,677995
0,577778;1,774219059;0,07302105;(-1.913407000, 1.113617000, 4.685442000);(-0.021398490, 1.620428000, 0.097952980);1,742743;0,2656378;;;-1,913407;1,113617;4,685442
0,5888891;1,863010529;0,08879147;(-1.904670000, 1.025260000, 4.684648000);(-0.021199930, 1.620502000, 0.098362880);1,813981;0,1863305;;;-1,90467;1,02526;4,684648
0,6000003;1,943246439;0,08023591;(-1.900612000, 0.945195600, 4.681339000);(-0.021036610, 1.620565000, 0.098709660);1,876917;0,1298319;;;-1,900612;0,9451956;4,681339
0,6111114;1,995293119;0,05204668;(-1.892800000, 0.893756700, 4.682705000);(-0.020808000, 1.620640000, 0.099262790);1,921874;0,1041496;;;-1,8928;0,8937567;4,682705
0,6222225;2,039575049;0,04428193;(-1.882276000, 0.850914600, 4.686537000);(-0.020516100, 1.620742000, 0.099797740);1,962517;0,09521654;;;-1,882276;0,8509146;4,686537
0,6333337;2,062954069;0,02337902;(-1.866040000, 0.837287900, 4.696402000);(-0.020270680, 1.620820000, 0.100412400);1,984896;0,08259105;;;-1,86604;0,8372879;4,696402
0,6444448;2,095345239;0,03239117;(-1.847082000, 0.813400900, 4.707319000);(-0.020043230, 1.620976000, 0.101134000);2,017174;0,08098987;;;-1,847082;0,8134009;4,707319
0,655556;2,125964809;0,03061957;(-1.828050000, 0.792173500, 4.718487000);(-0.019781960, 1.620994000, 0.101753700);2,047472;0,08904077;;;-1,82805;0,7921735;4,718487
0,6666671;2,138717269;0,01275246;(-1.819260000, 0.798839100, 4.724885000);(-0.019520140, 1.620995000, 0.102405100);2,048881;0,07960625;;;-1,81926;0,7988391;4,724885
0,6777782;2,136528335;0,002188934;(-1.818263000, 0.800614800, 4.725688000);(-0.019239580, 1.620920000, 0.103168400);2,048269;0,07758839;;;-1,818263;0,8006148;4,725688
0,6888894;2,130427402;0,006100933;(-1.822469000, 0.797427100, 4.722627000);(-0.018862740, 1.620823000, 0.103962900);2,047577;0,08195005;;;-1,822469;0,7974271;4,722627
0,7000005;2,122961131;0,007466271;(-1.827457000, 0.793248200, 4.718966000);(-0.018421550, 1.620635000, 0.104644800);2,047085;0,08777643;;;-1,827457;0,7932482;4,718966
0,7111117;2,118092526;0,004868605;(-1.831302000, 0.791925600, 4.716288000);(-0.018026380, 1.620490000, 0.105322900);2,045267;0,09062482;;;-1,831302;0,7919256;4,716288
0,7222228;2,1175258169;0,0005667091;(-1.831128000, 0.792442200, 4.716443000);(-0.017644620, 1.620324000, 0.105902700);2,044999;0,09005877;;;-1,831128;0,7924422;4,716443
0,7333339;2,1127292309;0,004796586;(-1.831686000, 0.797206200, 4.716427000);(-0.017213210, 1.620080000, 0.106540100);2,040933;0,08580895;;;-1,831686;0,7972062;4,716427
0,7444451;2,1000800209;0,01264921;(-1.835372000, 0.809204600, 4.714859000);(-0.016958510, 1.619786000, 0.107057800);2,029023;0,0766838;;;-1,835372;0,8092046;4,714859
0,7555562;2,0857343109;0,01434571;(-1.839019000, 0.823007300, 4.713452000);(-0.016564390, 1.619520000, 0.107619600);2,015772;0,06716955;;;-1,839019;0,8230073;4,713452
0,7666674;2,0593724709;0,02636184;(-1.843816000, 0.848898200, 4.712184000);(-0.016188250, 1.619238000, 0.108176200);1,992484;0,05314247;;;-1,843816;0,8488982;4,712184
0,7777785;2,0387098909;0,02066258;(-1.843122000, 0.869450800, 4.714197000);(-0.015793530, 1.619008000, 0.108709700);1,977443;0,04437704;;;-1,843122;0,8694508;4,714197
0,7888896;2,0208182909;0,0178916;(-1.832847000, 0.881831500, 4.722023000);(-0.015412200, 1.618798000, 0.109206700);1,975928;0,03147167;;;-1,832847;0,8818315;4,722023
0,8000008;2,0357549409;0,01493665;(-1.822871000, 0.890196800, 4.729345000);(-0.014967530, 1.618685000, 0.109716800);1,977328;0,02328763;;;-1,822871;0,8901968;4,729345
0,8111119;2,0507668909;0,01501195;(-1.811794000, 0.896530300, 4.737253000);(-0.014573200, 1.618442000, 0.110116600);1,981196;0,02096168;;;-1,811794;0,8965303;4,737253
0,8222231;2,0603658049;0,009598914;(-1.804345000, 0.899585400, 4.742479000);(-0.014214250, 1.618263000, 0.110469400);1,984743;0,02377519;;;-1,804345;0,8995854;4,742479
0,8333342;2,0554311819;0,004934623;(-1.805832000, 0.904245900, 4.741833000);(-0.013839830, 1.618039000, 0.110735500);1,980153;0,02819989;;;-1,805832;0,9042459;4,741833
0,8444453;2,0442427519;0,01118843;(-1.815131000, 0.904876000, 4.735643000);(-0.013533770, 1.617844000, 0.111165800);1,972441;0,02999812;;;-1,815131;0,904876;4,735643
0,8555565;2,0494018889;0,005159137;(-1.813581000, 0.900001500, 4.736315000);(-0.013198140, 1.617655000, 0.111332900);1,977244;0,02484281;;;-1,813581;0,9000015;4,736315
0,8666676;2,0551989469;0,005797058;(-1.809528000, 0.896671300, 4.738783000);(-0.012856230, 1.617494000, 0.111536200);1,982853;0,02062329;;;-1,809528;0,8966713;4,738783
0,8777788;2,0608536819;0,005654735;(-1.811309000, 0.891542900, 4.737202000);(-0.012556360, 1.617406000, 0.111669300);1,985259;0,01604085;;;-1,811309;0,8915429;4,737202
0,8888899;2,0585970369;0,002256645;(-1.813185000, 0.891629700, 4.735950000);(-0.012258110, 1.617289000, 0.111796900);1,983742;0,01690914;;;-1,813185;0,8916297;4,73595
0,900001;2,0561797279;0,002417309;(-1.812801000, 0.893976300, 4.736385000);(-0.012022730, 1.617079000, 0.111981500);1,982303;0,01888598;;;-1,812801;0,8939763;4,736385
0,9111122;2,0474413989;0,008738329;(-1.807684000, 0.899904000, 4.740263000);(-0.011769830, 1.617025000, 0.112091300);1,981904;0,02373809;;;-1,807684;0,899904;4,740263
0,9222233;2,0562597829;0,008818384;(-1.802069000, 0.905273400, 4.744435000);(-0.011618850, 1.617080000, 0.112217500);1,982343;0,02996656;;;-1,802069;0,9052734;4,744435
0,9333345;2,0685670729;0,01230729;(-1.792982000, 0.910453900, 4.750920000);(-0.011347500, 1.617112000, 0.112222600);1,985695;0,03885593;;;-1,792982;0,9104539;4,75092
0,9444456;2,0726202779;0,004053205;(-1.790060000, 0.912318500, 4.753021000);(-0.011139910, 1.617170000, 0.112292900);1,986643;0,04225668;;;-1,79006;0,9123185;4,753021
0,9555568;2,0685459829;0,004074295;(-1.793388000, 0.911730600, 4.750745000);(-0.010951300, 1.617192000, 0.112356400);1,984444;0,03979364;;;-1,793388;0,9117306;4,750745
0,9666679;2,0740265099;0,005480527;(-1.796697000, 0.908140900, 4.748255000);(-0.010903550, 1.617414000, 0.112433400);1,984459;0,0347895;;;-1,796697;0,9081409;4,748255
0,977779;2,0784880329;0,004461523;(-1.797459000, 0.903825200, 4.747418000);(-0.010773060, 1.617541000, 0.112495700);1,987019;0,03038928;;;-1,797459;0,9038252;4,747418
