time;total distance traveled;distance to prev position;ray position;hmd position;distance to prev target;distance to current target
(2.899182000, 2.679316000, 3.906644000);(2.698357000, 0.696155300, 4.070180000);0,3333333;0,2777778

0;-0,0132598;0,0132598;(2.919392000, 2.690430000, 3.890949000);(-0.055260260, 1.701532000, 0.035869790);0,02789831;2,014476;;;2,919392;2,69043;3,890949
0,01111111;-0,022587459;0,009327659;(2.912933000, 2.685947000, 3.895968000);(-0.055150590, 1.701673000, 0.035759340);0,01862924;2,008897;;;2,912933;2,685947;3,895968
0,02222222;-0,028758329;0,00617087;(2.908099000, 2.685127000, 3.899715000);(-0.055094950, 1.701671000, 0.035523720);0,01270051;2,007252;;;2,908099;2,685127;3,899715
0,03333334;-0,026291042;0,002467287;(2.910033000, 2.685445000, 3.898216000);(-0.055036610, 1.701690000, 0.035201020);0,0150447;2,007897;;;2,910033;2,685445;3,898216
0,04444445;-0,023979009;0,002312033;(2.911667000, 2.686475000, 3.896946000);(-0.054975110, 1.701664000, 0.034920760);0,01735495;2,0092;;;2,911667;2,686475;3,896946
0,05555556;-0,025584327;0,001605318;(2.911943000, 2.684907000, 3.896739000);(-0.054896160, 1.701662000, 0.034816810);0,01709452;2,007694;;;2,911943;2,684907;3,896739
0,06666667;-0,029334884;0,003750557;(2.911601000, 2.681183000, 3.897020000);(-0.054797250, 1.701641000, 0.034532500);0,01582211;2,003944;;;2,911601;2,681183;3,89702
0,07777778;-0,017951684;0,0113832;(2.915879000, 2.671155000, 3.893747000);(-0.054667190, 1.701677000, 0.034273700);0,02262113;1,99476;;;2,915879;2,671155;3,893747
0,08888889;-0,006496384;0,0114553;(2.921085000, 2.661765000, 3.889753000);(-0.054583180, 1.701742000, 0.033974540);0,03275779;1,9864;;;2,921085;2,661765;3,889753
0,1;-0,002312432;0,004183952;(2.919322000, 2.658231000, 3.891133000);(-0.054479410, 1.701726000, 0.033629130);0,03302718;1,98258;;;2,919322;2,658231;3,891133
0,1111111;-0,009305544;0,006993112;(2.913996000, 2.660122000, 3.895250000);(-0.054325140, 1.701702000, 0.033303030);0,02678882;1,983499;;;2,913996;2,660122;3,89525
0,1222222;-0,023808984;0,01450344;(2.909419000, 2.673435000, 3.898741000);(-0.054215780, 1.701714000, 0.033043510);0,01420696;1,995889;;;2,909419;2,673435;3,898741
0,1333333;-0,035482954;0,01167397;(2.905201000, 2.683832000, 3.901965000);(-0.054105200, 1.701688000, 0.032752530);0,00886103;2,005477;;;2,905201;2,683832;3,901965
0,1444445;-0,023854384;0,01162857;(2.901751000, 2.694621000, 3.904593000);(-0.054002560, 1.701592000, 0.032464520);0,01565484;2,015603;;;2,901751;2,694621;3,904593
0,1555556;-0,017245411;0,006608973;(2.901055000, 2.701174000, 3.905105000);(-0.053905330, 1.701562000, 0.032151170);0,02199199;2,021988;;;2,901055;2,701174;3,905105
0,1666667;-0,014512633;0,002732778;(2.901803000, 2.703735000, 3.904515000);(-0.053871260, 1.701578000, 0.031898090);0,02465167;2,024651;;;2,901803;2,703735;3,904515
0,1777778;-0,018704738;0,004192105;(2.902967000, 2.699806000, 3.903630000);(-0.053756600, 1.701588000, 0.031627070);0,02105387;2,020945;;;2,902967;2,699806;3,90363
0,1888889;-0,024804663;0,006099925;(2.903303000, 2.693720000, 3.903395000);(-0.053659790, 1.701607000, 0.031354680);0,01533048;2,014965;;;2,903303;2,69372;3,903395
0,2;-0,034246203;0,00944154;(2.903769000, 2.684295000, 3.903071000);(-0.053454810, 1.701614000, 0.031012730);0,007655693;2,005697;;;2,903769;2,684295;3,903071
0,2111111;-0,041062207;0,006816004;(2.903493000, 2.677489000, 3.903313000);(-0.053394070, 1.701574000, 0.030767150);0,005746587;1,998902;;;2,903493;2,677489;3,903313
0,2222222;-0,036344236;0,004717971;(2.902239000, 2.673050000, 3.904302000);(-0.053292430, 1.701575000, 0.030527480);0,00735418;1,994291;;;2,902239;2,67305;3,904302
0,2333333;-0,033633990;0,002710246;(2.902911000, 2.670475000, 3.903792000);(-0.053191170, 1.701589000, 0.030318810);0,01001015;1,99185;;;2,902911;2,670475;3,903792
0,2444444;-0,024986309;0,008647681;(2.907983000, 2.676259000, 3.899841000);(-0.053126830, 1.701567000, 0.030133740);0,0115362;1,998441;;;2,907983;2,676259;3,899841
0,2555556;-0,016414348;0,008571961;(2.910055000, 2.684413000, 3.898203000);(-0.053057580, 1.701562000, 0.029913500);0,01467867;2,006879;;;2,910055;2,684413;3,898203
0,2666667;0,000617842;0,01703219;(2.904844000, 2.700135000, 3.902175000);(-0.052991540, 1.701533000, 0.029768480);0,02203328;2,021583;;;2,904844;2,700135;3,902175
0,2777778;-0,006632463;0,007250305;(2.899127000, 2.699617000, 3.906605000);(-0.053045800, 1.701506000, 0.029692960);0,02030145;2,02013;;;2,899127;2,699617;3,906605
0,2888889;-0,018327203;0,01169474;(2.895040000, 2.689140000, 3.909812000);(-0.052996190, 1.701267000, 0.029582210);0,01112265;2,009077;;;2,89504;2,68914;3,909812
0,3;-0,031075013;0,01274781;(2.895992000, 2.676446000, 3.909126000);(-0.052988580, 1.701078000, 0.029333190);0,004956743;1,996635;;;2,895992;2,676446;3,909126
0,3111111;-0,016734213;0,0143408;(2.901851000, 2.664150000, 3.904638000);(-0.052968390, 1.700861000, 0.029088390);0,01552835;1,985402;;;2,901851;2,66415;3,904638
0,3222222;0,001831097;0,01856531;(2.911157000, 2.649764000, 3.897490000);(-0.053003060, 1.700666000, 0.028820470);0,03317394;1,972737;;;2,911157;2,649764;3,89749
0,3333333;0,018959707;0,01712861;(2.918492000, 2.635342000, 3.891868000);(-0.053013360, 1.700449000, 0.028547950);0,05024808;1,95977;;;2,918492;2,635342;3,891868
0,3444445;0,041285117;0,02232541;(2.921774000, 2.613396000, 3.889415000);(-0.053070130, 1.700172000, 0.028252910);0,07178184;1,93866;;;2,921774;2,613396;3,889415
0,3555556;0,057919737;0,01663462;(2.923417000, 2.596887000, 3.888210000);(-0.053221270, 1.699908000, 0.028007400);0,08787325;1,92264;;;2,923417;2,596887;3,88821
0,3666667;0,089580297;0,03166056;(2.912370000, 2.568511000, 3.896880000);(-0.053290450, 1.699671000, 0.027756400);0,112013;1,892498;;;2,91237;2,568511;3,89688
0,3777778;0,128245147;0,03866485;(2.897089000, 2.535071000, 3.908848000);(-0.053297240, 1.699638000, 0.027490810);0,1442767;1,856646;;;2,897089;2,535071;3,908848
0,3888889;0,162117847;0,0338727;(2.884984000, 2.504894000, 3.918344000);(-0.053381540, 1.699466000, 0.027245000);0,1753889;1,82467;;;2,884984;2,504894;3,918344
0,4;0,208314837;0,04619699;(2.863992000, 2.467155000, 3.934753000);(-0.053495290, 1.699254000, 0.027008720);0,2168884;1,783876;;;2,863992;2,467155;3,934753
0,4111111;0,250788017;0,04247318;(2.843478000, 2.433592000, 3.950775000);(-0.053650800, 1.698969000, 0.026741580);0,2557938;1,747571;;;2,843478;2,433592;3,950775
0,4222222;0,286697857;0,03590984;(2.825209000, 2.406162000, 3.965034000);(-0.053811540, 1.698640000, 0.026472760);0,2889541;1,717926;;;2,825209;2,406162;3,965034
0,4333333;0,317758307;0,03106045;(2.817557000, 2.376671000, 3.971078000);(-0.054033830, 1.698201000, 0.026166150);0,3200122;1,68765;;;2,817557;2,376671;3,971078
0,4444444;0,348443237;0,03068493;(2.820296000, 2.346174000, 3.969080000);(-0.054229100, 1.697708000, 0.025871230);0,3480004;1,657605;;;2,820296;2,346174;3,96908
0,4555556;0,402710927;0,05426769;(2.828663000, 2.292922000, 3.962816000);(-0.054401480, 1.697176000, 0.025590550);0,3967718;1,605669;;;2,828663;2,292922;3,962816
0,4666667;0,465825027;0,0631141;(2.831570000, 2.229907000, 3.960819000);(-0.054553740, 1.696624000, 0.025366620);0,4576836;1,543405;;;2,83157;2,229907;3,960819
0,4777778;0,562342907;0,09651788;(2.831190000, 2.133392000, 3.961504000);(-0.054676600, 1.696183000, 0.025134520);0,5528695;1,447448;;;2,83119;2,133392;3,961504
0,4888889;0,664841807;0,1024989;(2.828031000, 2.030982000, 3.964364000);(-0.054507070, 1.695718000, 0.024890260);0,6547751;1,345279;;;2,828031;2,030982;3,964364
0,5;0,764409597;0,09956779;(2.829104000, 1.931421000, 3.963936000);(-0.054534900, 1.695450000, 0.024815150);0,7533523;1,246701;;;2,829104;1,931421;3,963936
0,5111111;0,844481127;0,08007153;(2.826404000, 1.851431000, 3.966351000);(-0.054617870, 1.695233000, 0.024935380);0,8332189;1,166979;;;2,826404;1,851431;3,966351
0,5222223;0,908484007;0,06400288;(2.824570000, 1.787477000, 3.968029000);(-0.054610200, 1.694976000, 0.024953320);0,8970571;1,103335;;;2,82457;1,787477;3,968029
0,5333334;0,949920427;0,04143642;(2.824242000, 1.746044000, 3.968451000);(-0.054638110, 1.694736000, 0.025043440);0,9383135;1,062291;;;2,824242;1,746044;3,968451
0,5444446;0,978486507;0,02856608;(2.826056000, 1.717565000, 3.967161000);(-0.054545320, 1.694370000, 0.025085520);0,9664236;1,034503;;;2,826056;1,717565;3,967161
0,5555557;1,022055977;0,04356947;(2.833705000, 1.675059000, 3.961409000);(-0.054420590, 1.694131000, 0.025164910);1,007878;0,9941847;;;2,833705;1,675059;3,961409
0,5666668;1,081834307;0,05977833;(2.850595000, 1.619176000, 3.948556000);(-0.054269210, 1.694029000, 0.025242520);1,06208;0,9433638;;;2,850595;1,619176;3,948556
0,577778;1,137223857;0,05538955;(2.861038000, 1.565352000, 3.940686000);(-0.054054870, 1.693833000, 0.025346710);1,115137;0,8937204;;;2,861038;1,565352;3,940686
0,5888891;1,193015597;0,05579174;(2.866207000, 1.509929000, 3.936907000);(-0.053766220, 1.693590000, 0.025472950);1,170243;0,8415239;;;2,866207;1,509929;3,936907
0,6000003;1,260703567;0,06768797;(2.861033000, 1.442575000, 3.941186000);(-0.053412810, 1.693329000, 0.025673940);1,237811;0,7747545;;;2,861033;1,442575;3,941186
0,6111114;1,340508437;0,07980487;(2.847212000, 1.364752000, 3.952204000);(-0.053070060, 1.693028000, 0.025886610);1,31638;0,695052;;;2,847212;1,364752;3,952204
0,6222225;1,428655817;0,08814738;(2.829566000, 1.279532000, 3.966213000);(-0.052633690, 1.692899000, 0.026127290);1,402779;0,6069215;;;2,829566;1,279532;3,966213
0,6333337;1,510844807;0,08218899;(2.816462000, 1.199074000, 3.976687000);(-0.052099160, 1.692699000, 0.026213600);1,484205;0,5249919;;;2,816462;1,199074;3,976687
0,6444448;1,585387697;0,07454289;(2.804914000, 1.126012000, 3.985925000);(-0.051616610, 1.692544000, 0.026467040);1,558179;0,4508108;;;2,804914;1,126012;3,985925
0,655556;1,653279697;0,067892;(2.796393000, 1.059008000, 3.992794000);(-0.051036290, 1.692421000, 0.026739190);1,625848;0,3837473;;;2,796393;1,059008;3,992794
0,6666671;1,693035617;0,03975592;(2.796446000, 1.019253000, 3.992914000);(-0.050485410, 1.692330000, 0.026976000);1,665475;0,3463863;;;2,796446;1,019253;3,992914
0,6777782;1,731001987;0,03796637;(2.797547000, 0.981308600, 3.992214000);(-0.049842840, 1.692254000, 0.027343940);1,703197;0,311817;;;2,797547;0,9813086;3,992214
0,6888894;1,775848317;0,04484633;(2.801164000, 0.936685200, 3.989594000);(-0.049211160, 1.692172000, 0.027721120);1,747355;0,2737118;;;2,801164;0,9366852;3,989594
0,7000005;1,809171097;0,03332278;(2.812573000, 0.906613300, 3.980880000);(-0.048455510, 1.692058000, 0.028185800);1,776368;0,255563;;;2,812573;0,9066133;3,98088
0,7111117;1,834826027;0,02565493;(2.820365000, 0.882902400, 3.974943000);(-0.047762500, 1.691989000, 0.028643740);1,799438;0,2425502;;;2,820365;0,8829024;3,974943
0,7222228;1,858849307;0,02402328;(2.823115000, 0.859123800, 3.972909000);(-0.047091790, 1.691803000, 0.029283710);1,822985;0,2271232;;;2,823115;0,8591238;3,972909
0,7333339;1,865060105;0,006210798;(2.819355000, 0.855140100, 3.975836000);(-0.046585950, 1.691683000, 0.029835230);1,827232;0,2209469;;;2,819355;0,8551401;3,975836
0,7444451;1,889399995;0,02433989;(2.810256000, 0.833721500, 3.982970000);(-0.045872490, 1.691504000, 0.030338470);1,849311;0,1976148;;;2,810256;0,8337215;3,98297
0,7555562;1,910685845;0,02128585;(2.802378000, 0.814936600, 3.989146000);(-0.045243070, 1.691250000, 0.030958780);1,868713;0,1774709;;;2,802378;0,8149366;3,989146
0,7666674;1,933772185;0,02308634;(2.788692000, 0.799703400, 3.999806000);(-0.044520110, 1.690893000, 0.031396280);1,88516;0,1543867;;;2,788692;0,7997034;3,999806
0,7777785;1,958646825;0,02487464;(2.776176000, 0.780555200, 4.009576000);(-0.043826510, 1.690453000, 0.031789550);1,905522;0,1298158;;;2,776176;0,7805552;4,009576
0,7888896;1,983537285;0,02489046;(2.769557000, 0.757136000, 4.014796000);(-0.043129830, 1.689978000, 0.032173040);1,929579;0,1088828;;;2,769557;0,757136;4,014796
0,8000008;2,014753665;0,03121638;(2.765224000, 0.726418300, 4.018276000);(-0.042430770, 1.689438000, 0.032491630);1,960667;0,08989496;;;2,765224;0,7264183;4,018276
0,8111119;2,046150345;0,03139668;(2.761538000, 0.695381400, 4.021256000);(-0.041718990, 1.688946000, 0.032882640);1,992003;0,07991283;;;2,761538;0,6953814;4,021256
0,8222231;2,071669415;0,02551907;(2.767083000, 0.670827900, 4.017061000);(-0.041020530, 1.688594000, 0.033223040);2,015853;0,09047908;;;2,767083;0,6708279;4,017061
0,8333342;2,088433475;0,01676406;(2.774703000, 0.657086900, 4.011216000);(-0.040395230, 1.688279000, 0.033445660);2,028753;0,104076;;;2,774703;0,6570869;4,011216
0,8444453;2,097562674;0,009129199;(2.778656000, 0.649435900, 4.008186000);(-0.039769010, 1.687932000, 0.033686350);2,035988;0,1116864;;;2,778656;0,6494359;4,008186
0,8555565;2,087057554;0,01050512;(2.780899000, 0.659543400, 4.006408000);(-0.039156230, 1.687604000, 0.033981030);2,025691;0,1105466;;;2,780899;0,6595434;4,006408
0,8666676;2,074628584;0,01242897;(2.773846000, 0.668220800, 4.011834000);(-0.038562460, 1.687299000, 0.034133440);2,01774;0,09941476;;;2,773846;0,6682208;4,011834
0,8777788;2,061241304;0,01338728;(2.764024000, 0.673241700, 4.019420000);(-0.037951780, 1.687078000, 0.034351890);2,013782;0,08610415;;;2,764024;0,6732417;4,01942
0,8888899;2,082056754;0,02081545;(2.747631000, 0.675130900, 4.032107000);(-0.037379010, 1.686874000, 0.034526770);2,013819;0,06572332;;;2,747631;0,6751309;4,032107
0,900001;2,106552784;0,02449603;(2.729175000, 0.667761700, 4.046430000);(-0.036838470, 1.686657000, 0.034747910);2,023559;0,04816712;;;2,729175;0,6677617;4,04643
0,9111122;2,129466284;0,0229135;(2.713812000, 0.655666000, 4.058375000);(-0.036274720, 1.686424000, 0.034913610);2,037779;0,04491788;;;2,713812;0,655666;4,058375
0,9222233;2,155605414;0,02613913;(2.696818000, 0.640844300, 4.071596000);(-0.035791380, 1.686195000, 0.035102550);2,055122;0,05535045;;;2,696818;0,6408443;4,071596
0,9333345;2,170032124;0,01442671;(2.686714000, 0.634182300, 4.079447000);(-0.035444540, 1.685987000, 0.035346100);2,063389;0,06373452;;;2,686714;0,6341823;4,079447
0,9444456;2,165291730;0,004740394;(2.686417000, 0.638908700, 4.079658000);(-0.035060060, 1.685704000, 0.035458040);2,058753;0,05924148;;;2,686417;0,6389087;4,079658
0,9555568;2,163196784;0,002094946;(2.686270000, 0.640995800, 4.079763000);(-0.034721140, 1.685451000, 0.035536710);2,056708;0,05727558;;;2,68627;0,6409958;4,079763
0,9666679;2,152934144;0,01026264;(2.694128000, 0.643531300, 4.073668000);(-0.034347650, 1.685242000, 0.035683940);2,052891;0,05290879;;;2,694128;0,6435313;4,073668
0,977779;2,142855564;0,01007858;(2.702096000, 0.643432600, 4.067498000);(-0.034037100, 1.685013000, 0.035846420);2,051715;0,05292316;;;2,702096;0,6434326;4,067498
0,9888902;2,150834375;0,007978811;(2.708236000, 0.641580600, 4.062751000);(-0.033636390, 1.684821000, 0.035930580);2,052607;0,0559571;;;2,708236;0,6415806;4,062751
1,000001;2,140577565;0,01025681;(2.716337000, 0.642014700, 4.056475000);(-0.033423110, 1.684667000, 0.036018740);2,05097;0,05867135;;;2,716337;0,6420147;4,056475
1,011112;2,131003138;0,009574427;(2.723840000, 0.643265000, 4.050660000);(-0.033213290, 1.684511000, 0.036116430);2,048655;0,06186934;;;2,72384;0,643265;4,05066
1,022224;2,128006578;0,00299656;(2.725640000, 0.645207600, 4.049258000);(-0.033110510, 1.684473000, 0.036214120);2,046473;0,06146361;;;2,72564;0,6452076;4,049258
1,033335;2,116169018;0,01183756;(2.718438000, 0.652790200, 4.054805000);(-0.033011960, 1.684439000, 0.036306330);2,039957;0,05020155;;;2,718438;0,6527902;4,054805
1,044446;2,101246998;0,01492202;(2.708292000, 0.660438000, 4.062631000);(-0.032889750, 1.684376000, 0.036411770);2,033872;0,03783439;;;2,708292;0,660438;4,062631
1,055557;2,078554008;0,02269299;(2.691127000, 0.667095500, 4.075897000);(-0.032777670, 1.684316000, 0.036514650);2,030015;0,03048639;;;2,691127;0,6670955;4,075897
1,066668;2,061156078;0,01739793;(2.677553000, 0.669954200, 4.086397000);(-0.032613170, 1.684300000, 0.036691200);2,029523;0,03717919;;;2,677553;0,6699542;4,086397
1,077779;2,069542059;0,008385981;(2.671307000, 0.667160300, 4.091246000);(-0.032541770, 1.684204000, 0.036912930);2,033414;0,04490167;;;2,671307;0,6671603;4,091246
1,08889;2,078318925;0,008776866;(2.676572000, 0.661426400, 4.087192000);(-0.032416980, 1.684266000, 0.037062180);2,038144;0,04438543;;;2,676572;0,6614264;4,087192
1,100002;2,087284527;0,008965602;(2.683237000, 0.658354600, 4.082042000);(-0.032407880, 1.684173000, 0.037216670);2,04002;0,04240512;;;2,683237;0,6583546;4,082042
1,111113;2,064282807;0,02300172;(2.701076000, 0.662774700, 4.068210000);(-0.032369780, 1.684101000, 0.037345890);2,03268;0,0335491;;;2,701076;0,6627747;4,06821
1,122224;2,055018079;0,009264728;(2.707052000, 0.668113600, 4.063560000);(-0.032347370, 1.684169000, 0.037428570);2,026443;0,03009596;;;2,707052;0,6681136;4,06356
1,133335;2,048848068;0,006170011;(2.711452000, 0.670763300, 4.060142000);(-0.032330530, 1.684217000, 0.037643680);2,023138;0,0302822;;;2,711452;0,6707633;4,060142
1,144446;2,053788293;0,004940225;(2.715223000, 0.669462600, 4.057227000);(-0.032363090, 1.684092000, 0.037710670);2,023864;0,03412841;;;2,715223;0,6694626;4,057227
1,155557;2,056763348;0,002975055;(2.717025000, 0.667544100, 4.055840000);(-0.032340260, 1.684093000, 0.037846040);2,025504;0,03705037;;;2,717025;0,6675441;4,05584
1,166668;2,0558386383;0,0009247097;(2.717439000, 0.668304700, 4.055516000);(-0.032435060, 1.684117000, 0.038175230);2,024687;0,03680796;;;2,717439;0,6683047;4,055516
1,17778;2,0641434703;0,008304832;(2.711395000, 0.665077900, 4.060209000);(-0.032482770, 1.684051000, 0.038329970);2,028793;0,03514568;;;2,711395;0,6650779;4,060209
1,188891;2,0739178843;0,009774414;(2.703754000, 0.663636000, 4.066133000);(-0.032589350, 1.684089000, 0.038558370);2,031402;0,03321178;;;2,703754;0,663636;4,066133
1,200002;2,0799376993;0,006019815;(2.698995000, 0.663589800, 4.069818000);(-0.032646020, 1.684095000, 0.038791370);2,032203;0,03257374;;;2,698995;0,6635898;4,069818
1,211113;2,0810857373;0,001148038;(2.699854000, 0.663216900, 4.069154000);(-0.032678100, 1.684103000, 0.038958260);2,032436;0,0329884;;;2,699854;0,6632169;4,069154
1,222224;2,0789442443;0,002141493;(2.701389000, 0.664116400, 4.067962000);(-0.032716540, 1.684062000, 0.039159840);2,031298;0,03225838;;;2,701389;0,6641164;4,067962
1,233335;2,0768969103;0,002047334;(2.702997000, 0.663873600, 4.066718000);(-0.032771940, 1.684138000, 0.039309210);2,031285;0,03279671;;;2,702997;0,6638736;4,066718
