time;total distance traveled;distance to prev position;ray position;hmd position;distance to prev target;distance to current target
(-1.088570000, 2.546130000, 4.871524000);(-2.769962000, 1.637508000, 4.282179000);0,1777778;0,3111111

0;-0,001737241;0,001737241;(-1.070311000, 2.583420000, 4.878819000);(-0.098364030, 1.694242000, 0.022516330);0,0421566;2,034587;;;-1,070311;2,58342;4,878819
0,01111111;-0,010105510;0,008368269;(-1.078053000, 2.581644000, 4.876185000);(-0.098312510, 1.694177000, 0.022456120);0,03733095;2,026522;;;-1,078053;2,581644;4,876185
0,02222222;-0,015862501;0,005756991;(-1.083071000, 2.579424000, 4.874442000);(-0.098222840, 1.694314000, 0.022378580);0,0338718;2,020788;;;-1,083071;2,579424;4,874442
0,03333334;-0,025921511;0,01005901;(-1.088451000, 2.571179000, 4.872382000);(-0.098151340, 1.694374000, 0.022283390);0,02506396;2,011855;;;-1,088451;2,571179;4,872382
0,04444445;-0,034105973;0,008184462;(-1.095012000, 2.566873000, 4.870058000);(-0.098114950, 1.694428000, 0.022228790);0,02176937;2,003691;;;-1,095012;2,566873;4,870058
0,05555556;-0,042213609;0,008107636;(-1.101596000, 2.562752000, 4.867732000);(-0.098125350, 1.694423000, 0.022109340);0,02145577;1,995594;;;-1,101596;2,562752;4,867732
0,06666667;-0,039349159;0,00286445;(-1.100709000, 2.565449000, 4.868114000);(-0.098088710, 1.694455000, 0.022056120);0,0230697;1,997699;;;-1,100709;2,565449;4,868114
0,07777778;-0,032914811;0,006434348;(-1.098624000, 2.571471000, 4.869005000);(-0.098021300, 1.694483000, 0.021733780);0,02737886;2,002504;;;-1,098624;2,571471;4,869005
0,08888889;-0,014467481;0,01844733;(-1.082173000, 2.577590000, 4.874681000);(-0.098038230, 1.694472000, 0.021741820);0,03225905;2,020754;;;-1,082173;2,57759;4,874681
0,1;-0,007362307;0,007105174;(-1.075576000, 2.578984000, 4.876923000);(-0.098025530, 1.694416000, 0.021579220);0,03574097;2,02757;;;-1,075576;2,578984;4,876923
0,1111111;-0,0065822238;0,0007800832;(-1.075973000, 2.579647000, 4.876812000);(-0.097978400, 1.694391000, 0.021438260);0,03619476;2,027514;;;-1,075973;2,579647;4,876812
0,1222222;-0,0136715708;0,007089347;(-1.078197000, 2.572984000, 4.875854000);(-0.097978400, 1.694391000, 0.021438260);0,029112;2,022285;;;-1,078197;2,572984;4,875854
0,1333333;-0,0136715708;0;(-1.078197000, 2.572984000, 4.875854000);(-0.097906710, 1.694289000, 0.021174510);0,029112;2,022285;;;-1,078197;2,572984;4,875854
0,1444445;-0,0430205908;0,02934902;(-1.081751000, 2.543929000, 4.873722000);(-0.097897130, 1.694270000, 0.021050890);0,007495602;2,005388;;;-1,081751;2,543929;4,873722
0,1555556;-0,0354083648;0,007612226;(-1.086435000, 2.538188000, 4.871975000);(-0.098060190, 1.694116000, 0.021017330);0,008235733;1,998337;;;-1,086435;2,538188;4,871975
0,1666667;-0,0283496638;0,007058701;(-1.093068000, 2.537285000, 4.869738000);(-0.098097710, 1.694101000, 0.020910640);0,01008216;1,991682;;;-1,093068;2,537285;4,869738
0,1777778;-0,0223364608;0,006013203;(-1.098285000, 2.534906000, 4.867924000);(-0.098113390, 1.694143000, 0.020810860);0,01527412;1,98568;;;-1,098285;2,534906;4,867924
0,1888889;-0,0180573468;0,004279114;(-1.101889000, 2.536915000, 4.866790000);(-0.098176750, 1.694154000, 0.020713880);0,0168728;1,983223;;;-1,101889;2,536915;4,86679
0,2;-0,0310300868;0,01297274;(-1.090907000, 2.542653000, 4.870633000);(-0.098235160, 1.694181000, 0.020658330);0,004282565;1,996195;;;-1,090907;2,542653;4,870633
0,2111111;-0,0218289658;0,009201121;(-1.082316000, 2.544201000, 4.873543000);(-0.098318530, 1.694164000, 0.020608020);0,006849361;2,004982;;;-1,082316;2,544201;4,873543
0,2222222;-0,0178689148;0,003960051;(-1.078562000, 2.544333000, 4.874797000);(-0.098373580, 1.694231000, 0.020639730);0,010682;2,008572;;;-1,078562;2,544333;4,874797
0,2333333;-0,0228253668;0,004956452;(-1.081950000, 2.540934000, 4.873558000);(-0.098491010, 1.694266000, 0.020622330);0,008658516;2,003819;;;-1,08195;2,540934;4,873558
0,2444444;-0,0076012268;0,01522414;(-1.086178000, 2.526430000, 4.871676000);(-0.098541230, 1.694178000, 0.020657020);0,01984515;1,993193;;;-1,086178;2,52643;4,871676
0,2555556;0,0125618832;0,02016311;(-1.093807000, 2.508032000, 4.868536000);(-0.098538830, 1.693954000, 0.020629480);0,03857193;1,977656;;;-1,093807;2,508032;4,868536
0,2666667;0,0509707932;0,03840891;(-1.118237000, 2.479811000, 4.859482000);(-0.098560840, 1.693696000, 0.020575600);0,07364311;1,941893;;;-1,118237;2,479811;4,859482
0,2777778;0,0806483132;0,02967752;(-1.134406000, 2.455702000, 4.853312000);(-0.098560840, 1.693696000, 0.020575600);0,1030039;1,915901;;;-1,134406;2,455702;4,853312
0,2888889;0,0806483132;0;(-1.134406000, 2.455702000, 4.853312000);(-0.098725230, 1.692886000, 0.020440060);0,1030039;1,915901;;;-1,134406;2,455702;4,853312
0,3;0,1577374332;0,07708912;(-1.176747000, 2.393333000, 4.837182000);(-0.098781330, 1.692446000, 0.020287590);0,1797253;1,848685;;;-1,176747;2,393333;4,837182
0,3111111;0,1855381932;0,02780076;(-1.199599000, 2.379701000, 4.829130000);(-0.098827420, 1.691953000, 0.020075630);0,2045069;1,821002;;;-1,199599;2,379701;4,82913
0,3222222;0,2143215732;0,02878338;(-1.225049000, 2.369539000, 4.820327000);(-0.098876920, 1.691555000, 0.019934010);0,22898;1,792269;;;-1,225049;2,369539;4,820327
0,3333333;0,2496086632;0,03528709;(-1.258500000, 2.368361000, 4.809154000);(-0.098969330, 1.691098000, 0.019795850);0,2537078;1,75965;;;-1,2585;2,368361;4,809154
0,3444445;0,2941777632;0,0445691;(-1.299784000, 2.359149000, 4.795111000);(-0.098971220, 1.690784000, 0.019701080);0,2922528;1,716185;;;-1,299784;2,359149;4,795111
0,3555556;0,3546722532;0,06049449;(-1.350851000, 2.332093000, 4.777230000);(-0.098960410, 1.690572000, 0.019633310);0,3514169;1,655718;;;-1,350851;2,332093;4,77723
0,3666667;0,4286260032;0,07395375;(-1.414097000, 2.300761000, 4.755155000);(-0.098936860, 1.690329000, 0.019555880);0,4239284;1,581765;;;-1,414097;2,300761;4,755155
0,3777778;0,4998857532;0,07125975;(-1.475860000, 2.272445000, 4.733671000);(-0.098880560, 1.690224000, 0.019434050);0,493862;1,510527;;;-1,47586;2,272445;4,733671
0,3888889;0,5678303732;0,06794462;(-1.534537000, 2.244949000, 4.713242000);(-0.098776270, 1.690128000, 0.019337370);0,5609365;1,442593;;;-1,534537;2,244949;4,713242
0,4;0,6329908632;0,06516049;(-1.587638000, 2.212166000, 4.694495000);(-0.098722860, 1.690037000, 0.019217860);0,6260512;1,377725;;;-1,587638;2,212166;4,694495
0,4111111;0,7040774832;0,07108662;(-1.645082000, 2.175549000, 4.674179000);(-0.098658060, 1.689986000, 0.019070340);0,697123;1,307099;;;-1,645082;2,175549;4,674179
0,4222222;0,7779899432;0,07391246;(-1.703400000, 2.135148000, 4.653447000);(-0.098585100, 1.690015000, 0.018931110);0,7710248;1,234115;;;-1,7034;2,135148;4,653447
0,4333333;0,8593774332;0,08138749;(-1.763475000, 2.084685000, 4.631803000);(-0.098585100, 1.690015000, 0.018931110);0,8519937;1,155518;;;-1,763475;2,084685;4,631803
0,4444444;0,8593774332;0;(-1.763475000, 2.084685000, 4.631803000);(-0.098664820, 1.690108000, 0.018793000);0,8519937;1,155518;;;-1,763475;2,084685;4,631803
0,4555556;0,9874501332;0,1280727;(-1.860568000, 2.008759000, 4.597004000);(-0.098627270, 1.690219000, 0.018709260);0,9798506;1,031475;;;-1,860568;2,008759;4,597004
0,4666667;1,0417589832;0,05430885;(-1.903768000, 1.979636000, 4.581674000);(-0.098651720, 1.690318000, 0.018620860);1,034154;0,9782851;;;-1,903768;1,979636;4,581674
0,4777778;1,0975765332;0,05581755;(-1.949066000, 1.951220000, 4.565667000);(-0.098724220, 1.690342000, 0.018565250);1,089916;0,9233915;;;-1,949066;1,95122;4,565667
0,4888889;1,1559833132;0,05840678;(-1.997486000, 1.923348000, 4.548639000);(-0.098813800, 1.690474000, 0.018524600);1,148146;0,8656933;;;-1,997486;1,923348;4,548639
0,5;1,2202199232;0,06423661;(-2.049411000, 1.890287000, 4.530276000);(-0.099039210, 1.690561000, 0.018508330);1,21235;0,8028975;;;-2,049411;1,890287;4,530276
0,5111111;1,2844484032;0,06422848;(-2.101466000, 1.857470000, 4.511877000);(-0.099267780, 1.690499000, 0.018456240);1,276541;0,7402915;;;-2,101466;1,85747;4,511877
0,5222223;1,3478494832;0,06340108;(-2.157164000, 1.834128000, 4.492575000);(-0.099494920, 1.690637000, 0.018414210);1,338821;0,6770873;;;-2,157164;1,834128;4,492575
0,5333334;1,4117772032;0,06392772;(-2.214058000, 1.812586000, 4.472934000);(-0.099809570, 1.690722000, 0.018431620);1,401315;0,6132446;;;-2,214058;1,812586;4,472934
0,5444446;1,4727564632;0,06097926;(-2.269703000, 1.796481000, 4.453886000);(-0.100154300, 1.690809000, 0.018418510);1,459955;0,5522821;;;-2,269703;1,796481;4,453886
0,5555557;1,5323900732;0,05963361;(-2.321352000, 1.772698000, 4.435917000);(-0.100592900, 1.690955000, 0.018530440);1,519112;0,4931157;;;-2,321352;1,772698;4,435917
0,5666668;1,5865218932;0,05413182;(-2.369374000, 1.754024000, 4.419323000);(-0.100977100, 1.690993000, 0.018566380);1,572379;0,4391527;;;-2,369374;1,754024;4,419323
0,577778;1,6408276232;0,05430573;(-2.417464000, 1.735048000, 4.402696000);(-0.101454800, 1.691089000, 0.018611980);1,625918;0,3850892;;;-2,417464;1,735048;4,402696
0,5888891;1,6783298832;0,03750226;(-2.451847000, 1.725766000, 4.390948000);(-0.101454800, 1.691089000, 0.018611980);1,662069;0,3475877;;;-2,451847;1,725766;4,390948
0,6000003;1,6783298832;0;(-2.451847000, 1.725766000, 4.390948000);(-0.102468800, 1.691159000, 0.018766000);1,662069;0,3475877;;;-2,451847;1,725766;4,390948
0,6111114;1,7463848732;0,06805499;(-2.516118000, 1.719863000, 4.369363000);(-0.102980700, 1.691203000, 0.018862920);1,724174;0,2807494;;;-2,516118;1,719863;4,369363
0,6222225;1,7796854332;0,03330056;(-2.546958000, 1.712952000, 4.358871000);(-0.103550700, 1.691138000, 0.018914060);1,756101;0,2475974;;;-2,546958;1,712952;4,358871
0,6333337;1,8166268332;0,0369414;(-2.580775000, 1.703603000, 4.347310000);(-0.104256100, 1.690941000, 0.018881040);1,792017;0,2107188;;;-2,580775;1,703603;4,34731
0,6444448;1,8544765632;0,03784973;(-2.614900000, 1.692180000, 4.335578000);(-0.104894000, 1.690765000, 0.018858860);1,829248;0,1728727;;;-2,6149;1,69218;4,335578
0,655556;1,8904495632;0,035973;(-2.645051000, 1.675654000, 4.325002000);(-0.105514200, 1.690706000, 0.018920910);1,86522;0,1374477;;;-2,645051;1,675654;4,325002
0,6666671;1,9210690332;0,03061947;(-2.669950000, 1.660155000, 4.316208000);(-0.106138300, 1.690558000, 0.018926460);1,895808;0,1080427;;;-2,66995;1,660155;4,316208
0,6777782;1,9497789532;0,02870992;(-2.695300000, 1.649922000, 4.307436000);(-0.106862900, 1.690441000, 0.018990830);1,924309;0,07979034;;;-2,6953;1,649922;4,307436
0,6888894;1,9771206232;0,02734167;(-2.720684000, 1.644550000, 4.298811000);(-0.107617400, 1.690421000, 0.019084470);1,950548;0,05248455;;;-2,720684;1,64455;4,298811
0,7000005;2,0002866432;0,02316602;(-2.742494000, 1.641901000, 4.291465000);(-0.108327400, 1.690344000, 0.019146280);1,972197;0,02932679;;;-2,742494;1,641901;4,291465
0,7111117;2,0140846332;0,01379799;(-2.754958000, 1.646255000, 4.287458000);(-0.108923300, 1.690237000, 0.019118090);1,981857;0,0181521;;;-2,754958;1,646255;4,287458
0,7222228;2,0305861932;0,01650156;(-2.765044000, 1.658980000, 4.284517000);(-0.109588100, 1.690145000, 0.019208090);1,985492;0,0221515;;;-2,765044;1,65898;4,284517
0,7333339;2,0455881332;0,01500194;(-2.778015000, 1.665297000, 4.280406000);(-0.110194100, 1.690044000, 0.019314010);1,994871;0,02898683;;;-2,778015;1,665297;4,280406
0,7444451;2,0522834852;0,006695352;(-2.783609000, 1.668531000, 4.278650000);(-0.110194100, 1.690044000, 0.019314010);1,998708;0,03407488;;;-2,783609;1,668531;4,27865
0,7555562;2,0522834852;0;(-2.783609000, 1.668531000, 4.278650000);(-0.111520300, 1.689889000, 0.019440370);1,998708;0,03407488;;;-2,783609;1,668531;4,27865
0,7666674;2,0864878552;0,03420437;(-2.816064000, 1.668958000, 4.267861000);(-0.112141200, 1.689793000, 0.019493420);2,029304;0,05761517;;;-2,816064;1,668958;4,267861
0,7777785;2,1017572752;0,01526942;(-2.830553000, 1.669177000, 4.263046000);(-0.112728400, 1.689580000, 0.019587890);2,042987;0,07099449;;;-2,830553;1,669177;4,263046
0,7888896;2,1066813282;0,004924053;(-2.833744000, 1.665616000, 4.261867000);(-0.113347600, 1.689225000, 0.019386840);2,047587;0,07259949;;;-2,833744;1,665616;4,261867
0,8000008;2,1017264382;0,00495489;(-2.829050000, 1.665287000, 4.263419000);(-0.113864200, 1.689030000, 0.019394530);2,043268;0,06793305;;;-2,82905;1,665287;4,263419
0,8111119;2,0951165782;0,00660986;(-2.822813000, 1.665918000, 4.265515000);(-0.114321200, 1.688812000, 0.019378740);2,03706;0,06227354;;;-2,822813;1,665918;4,265515
0,8222231;2,0921071492;0,003009429;(-2.820125000, 1.666906000, 4.266442000);(-0.114742100, 1.688677000, 0.019364010);2,03407;0,06023451;;;-2,820125;1,666906;4,266442
0,8333342;2,0938701992;0,00176305;(-2.821414000, 1.665796000, 4.265977000);(-0.115234800, 1.688542000, 0.019559160);2,035785;0,06090889;;;-2,821414;1,665796;4,265977
0,8444453;2,1011806892;0,00731049;(-2.822588000, 1.658607000, 4.265351000);(-0.115588300, 1.688334000, 0.019555820);2,040088;0,05914219;;;-2,822588;1,658607;4,265351
0,8555565;2,1021739404;0,0009932512;(-2.822291000, 1.657662000, 4.265419000);(-0.115851600, 1.688227000, 0.019519280);2,040226;0,05852634;;;-2,822291;1,657662;4,265419
0,8666676;2,1008205244;0,001353416;(-2.821990000, 1.658974000, 4.265563000);(-0.116177400, 1.688075000, 0.019512370);2,039357;0,05868304;;;-2,82199;1,658974;4,265563
0,8777788;2,0974442624;0,003376262;(-2.822040000, 1.662348000, 4.265656000);(-0.116472700, 1.688027000, 0.019514750);2,037906;0,06001758;;;-2,82204;1,662348;4,265656
0,8888899;2,1011554084;0,003711146;(-2.823883000, 1.665529000, 4.265146000);(-0.116780000, 1.687994000, 0.019538660);2,03825;0,06310883;;;-2,823883;1,665529;4,265146
0,900001;2,1076263024;0,006470894;(-2.828643000, 1.669666000, 4.263698000);(-0.116780000, 1.687994000, 0.019538660);2,040955;0,06941992;;;-2,828643;1,669666;4,263698
0,9111122;2,1076263024;0;(-2.828643000, 1.669666000, 4.263698000);(-0.117299400, 1.688188000, 0.019726050);2,040955;0,06941992;;;-2,828643;1,669666;4,263698
0,9222233;2,1195327324;0,01190643;(-2.839937000, 1.669469000, 4.259932000);(-0.117540400, 1.688222000, 0.019801150);2,051795;0,08008018;;;-2,839937;1,669469;4,259932
0,9333345;2,1133225534;0,006210179;(-2.835736000, 1.665071000, 4.261187000);(-0.117766800, 1.688162000, 0.019867550);2,049723;0,07434051;;;-2,835736;1,665071;4,261187
0,9444456;2,1059735874;0,007348966;(-2.828953000, 1.663292000, 4.263386000);(-0.117953000, 1.688104000, 0.019908740);2,044056;0,06706627;;;-2,828953;1,663292;4,263386
0,9555568;2,0926670274;0,01330656;(-2.816899000, 1.659202000, 4.267264000);(-0.118066900, 1.688008000, 0.019916970);2,034427;0,0538157;;;-2,816899;1,659202;4,267264
0,9666679;2,0808254674;0,01184156;(-2.805667000, 1.659387000, 4.271009000);(-0.118175800, 1.688049000, 0.019999340);2,023698;0,04333883;;;-2,805667;1,659387;4,271009
0,977779;2,0712288884;0,009596579;(-2.798254000, 1.664876000, 4.273656000);(-0.118235700, 1.687981000, 0.020026160);2,014217;0,04027505;;;-2,798254;1,664876;4,273656
0,9888902;2,0649871274;0,006241761;(-2.793442000, 1.668461000, 4.275375000);(-0.118447800, 1.688055000, 0.020166890);2,008054;0,03944152;;;-2,793442;1,668461;4,275375
1,000001;2,0708263044;0,005839177;(-2.798741000, 1.670222000, 4.273669000);(-0.118558300, 1.688083000, 0.020221430);2,012294;0,04439405;;;-2,798741;1,670222;4,273669
1,011112;2,0779321604;0,007105856;(-2.804128000, 1.666009000, 4.271738000);(-0.118529700, 1.688181000, 0.020248010);2,01928;0,0457009;;;-2,804128;1,666009;4,271738
1,022224;2,0857222334;0,007790073;(-2.805298000, 1.658334000, 4.271098000);(-0.118626900, 1.688251000, 0.020337830);2,023819;0,04248628;;;-2,805298;1,658334;4,271098
1,033335;2,0776494404;0,008072793;(-2.798527000, 1.654487000, 4.273226000);(-0.118730600, 1.688331000, 0.020550680);2,019143;0,0344147;;;-2,798527;1,654487;4,273226
1,044446;2,0669925504;0,01065689;(-2.788682000, 1.651946000, 4.276420000);(-0.118811100, 1.688391000, 0.020668940);2,010993;0,02433227;;;-2,788682;1,651946;4,27642
1,055557;2,0532891404;0,01370341;(-2.775699000, 1.652555000, 4.280761000);(-0.118811100, 1.688391000, 0.020668940);1,998469;0,01616591;;;-2,775699;1,652555;4,280761
1,066668;2,0532891404;0;(-2.775699000, 1.652555000, 4.280761000);(-0.118939900, 1.688513000, 0.020766750);1,998469;0,01616591;;;-2,775699;1,652555;4,280761
1,077779;2,0352822704;0,01800687;(-2.758641000, 1.653406000, 4.286466000);(-0.119068500, 1.688557000, 0.020857170);1,982015;0,01998251;;;-2,758641;1,653406;4,286466
1,08889;2,0262217054;0,009060565;(-2.752405000, 1.647105000, 4.288336000);(-0.119066400, 1.688338000, 0.020889710);1,979066;0,02093449;;;-2,752405;1,647105;4,288336
1,100002;2,0337579354;0,00753623;(-2.751405000, 1.639636000, 4.288425000);(-0.119146400, 1.688157000, 0.020849600);1,981603;0,01969614;;;-2,751405;1,639636;4,288425
1,111113;2,0413011544;0,007543219;(-2.753179000, 1.632351000, 4.287597000);(-0.119077700, 1.688038000, 0.020880540);1,986676;0,018375;;;-2,753179;1,632351;4,287597
1,122224;2,0469431404;0,005641986;(-2.751713000, 1.626912000, 4.287907000);(-0.119134600, 1.687999000, 0.020895200);1,987866;0,02186644;;;-2,751713;1,626912;4,287907
1,133335;2,0414309814;0,005512159;(-2.751616000, 1.632419000, 4.288119000);(-0.119347900, 1.688133000, 0.020806630);1,985183;0,01994387;;;-2,751616;1,632419;4,288119
1,144446;2,0312557114;0,01017527;(-2.743926000, 1.638485000, 4.290877000);(-0.119449700, 1.688200000, 0.020848110);1,975139;0,02746786;;;-2,743926;1,638485;4,290877
1,155557;2,0205807014;0,01067501;(-2.734330000, 1.641796000, 4.294179000);(-0.119533900, 1.688240000, 0.020923030);1,964605;0,03784244;;;-2,73433;1,641796;4,294179
1,166668;2,0113580674;0,009222634;(-2.726666000, 1.646163000, 4.296873000);(-0.119617500, 1.688214000, 0.021035510);1,955383;0,04653331;;;-2,726666;1,646163;4,296873
