time;total distance traveled;distance to prev position;ray position;hmd position;distance to prev target;distance to current target
(0.379401200, 3.060271000, 4.867427000);(-1.577463000, 2.676105000, 4.715446000);0,2;0,04444445
True

0;-0,01588058;0,01588058;(0.384449200, 3.056664000, 4.867544000);(0.020438850, 1.660173000, 0.100586600);0,006205273;2,00426;;;0,3844492;3,056664;4,867544
0,01111111;-0,008041952;0,007838628;(0.385831100, 3.064360000, 4.868095000);(0.020491480, 1.660155000, 0.100621700);0,007649387;2,007129;;;0,3858311;3,06436;4,868095
0,02222222;-0,017568912;0,00952696;(0.376397200, 3.065569000, 4.867546000);(0.020424380, 1.660178000, 0.100710200);0,006092086;1,998096;;;0,3763972;3,065569;4,867546
0,03333334;-0,004739692;0,01282922;(0.363697300, 3.064009000, 4.866615000);(0.020448000, 1.660190000, 0.100738400);0,0161632;1,985303;;;0,3636973;3,064009;4,866615
0,04444445;0,006549208;0,0112889;(0.354530800, 3.057496000, 4.865621000);(0.020482360, 1.660282000, 0.100813300);0,02508988;1,974997;;;0,3545308;3,057496;4,865621
0,05555556;0,029312838;0,02276363;(0.353063100, 3.034826000, 4.864169000);(0.020493780, 1.660326000, 0.100826500);0,03676627;1,969196;;;0,3530631;3,034826;4,864169
0,06666667;0,040356918;0,01104408;(0.357066200, 3.024539000, 4.863817000);(0.020534010, 1.660303000, 0.101012400);0,04229255;1,971249;;;0,3570662;3,024539;4,863817
0,07777778;0,042392851;0,002035933;(0.357517100, 3.022555000, 4.863729000);(0.020591770, 1.660378000, 0.101069000);0,04376126;1,971336;;;0,3575171;3,022555;4,863729
0,08888889;0,028798531;0,01359432;(0.367754000, 3.031419000, 4.864933000);(0.020641270, 1.660414000, 0.101096800);0,03121402;1,983044;;;0,367754;3,031419;4,864933
0,1;0,008372221;0,02042631;(0.378434200, 3.048743000, 4.866673000);(0.020676670, 1.660518000, 0.101043300);0,01159253;1,996813;;;0,3784342;3,048743;4,866673
0,1111111;0,045105111;0,03673289;(0.388630300, 3.083923000, 4.869450000);(0.020743160, 1.660584000, 0.101072100);0,02546979;2,013841;;;0,3886303;3,083923;4,86945
0,1222222;0,075893341;0,03078823;(0.385545100, 3.114513000, 4.871076000);(0.020780220, 1.660633000, 0.101104100);0,05471129;2,017381;;;0,3855451;3,114513;4,871076
0,1333333;0,096513631;0,02062029;(0.377597400, 3.133531000, 4.871689000);(0.020769230, 1.660619000, 0.101107800);0,07340586;2,01393;;;0,3775974;3,133531;4,871689
0,1444445;0,085091101;0,01142253;(0.369162100, 3.125896000, 4.870677000);(0.020783130, 1.660627000, 0.101050000);0,06649815;2,003936;;;0,3691621;3,125896;4,870677
0,1555556;0,059255421;0,02583568;(0.368193100, 3.100128000, 4.869071000);(0.020801810, 1.660622000, 0.101065000);0,0414357;1,997242;;;0,3681931;3,100128;4,869071
0,1666667;0,031605871;0,02764955;(0.362421300, 3.073161000, 4.867078000);(0.020840800, 1.660663000, 0.101082300);0,02132132;1,9859;;;0,3624213;3,073161;4,867078
0,1777778;0,054503111;0,02289724;(0.349741800, 3.054197000, 4.865108000);(0.020825180, 1.660676000, 0.101090300);0,03036354;1,969638;;;0,3497418;3,054197;4,865108
0,1888889;0,071847121;0,01734401;(0.337804200, 3.041709000, 4.863574000);(0.020849500, 1.660768000, 0.101159700);0,04571321;1,955469;;;0,3378042;3,041709;4,863574
0,2;0,081548309;0,009701188;(0.330880100, 3.034969000, 4.862715000);(0.020913320, 1.660829000, 0.101164100);0,05492448;1,947369;;;0,3308801;3,034969;4,862715
0,2111111;0,079835819;0,00171249;(0.330958800, 3.036676000, 4.862822000);(0.020843250, 1.660889000, 0.101221300);0,05407948;1,94777;;;0,3309588;3,036676;4,862822
0,2222222;0,059913389;0,01992243;(0.338139300, 3.055192000, 4.864403000);(0.020747590, 1.660957000, 0.101295100);0,04168314;1,958425;;;0,3381393;3,055192;4,864403
0,2333333;0,088447079;0,02853369;(0.330981800, 3.082788000, 4.865582000);(0.020549330, 1.660982000, 0.101348700);0,05343108;1,957063;;;0,3309818;3,082788;4,865582
0,2444444;0,126314459;0,03786738;(0.301145000, 3.106099000, 4.865009000);(0.020235810, 1.660966000, 0.101389500);0,09071977;1,932985;;;0,301145;3,106099;4,865009
0,2555556;0,181585639;0,05527118;(0.249684700, 3.126147000, 4.862815000);(0.019828080, 1.661034000, 0.101418700);0,1455586;1,887518;;;0,2496847;3,126147;4,862815
0,2666667;0,235273689;0,05368805;(0.198196900, 3.141153000, 4.860318000);(0.019461510, 1.661081000, 0.101499300);0,1985634;1,841257;;;0,1981969;3,141153;4,860318
0,2777778;0,312516019;0,07724233;(0.121712100, 3.150981000, 4.855864000);(0.018988090, 1.661237000, 0.101636200);0,2734334;1,769865;;;0,1217121;3,150981;4,855864
0,2888889;0,408759959;0,09624394;(0.025774920, 3.155722000, 4.849823000);(0.018566120, 1.661255000, 0.101698500);0,3667047;1,678828;;;0,02577492;3,155722;4,849823
0,3;0,491454859;0,0826949;(-0.053758150, 3.134039000, 4.843283000);(0.018214450, 1.661161000, 0.101814100);0,4400587;1,596159;;;-0,05375815;3,134039;4,843283
0,3111111;0,553288329;0,06183347;(-0.102694800, 3.096639000, 4.837820000);(0.017798260, 1.660976000, 0.101828700);0,4843715;1,53843;;;-0,1026948;3,096639;4,83782
0,3222222;0,600575159;0,04728683;(-0.139402800, 3.067125000, 4.833635000);(0.017395740, 1.660993000, 0.101764600);0,5199485;1,494953;;;-0,1394028;3,067125;4,833635
0,3333333;0,639980189;0,03940503;(-0.163400400, 3.036060000, 4.830194000);(0.017005760, 1.660769000, 0.101740900);0,5446154;1,463663;;;-0,1634004;3,03606;4,830194
0,3444445;0,690128349;0,05014816;(-0.212009600, 3.024366000, 4.826291000);(0.016513630, 1.660604000, 0.101901200);0,593926;1,413519;;;-0,2120096;3,024366;4,826291
0,3555556;0,745493229;0,05536488;(-0.266994700, 3.019224000, 4.822359000);(0.016256050, 1.660323000, 0.101896900);0,6492639;1,358856;;;-0,2669947;3,019224;4,822359
0,3666667;0,801808889;0,05631566;(-0.323088300, 3.016084000, 4.818473000);(0.015996680, 1.660214000, 0.101827300);0,7055781;1,303709;;;-0,3230883;3,016084;4,818473
0,3777778;0,861556149;0,05974726;(-0.382224300, 3.023888000, 4.815042000);(0.015764090, 1.660074000, 0.101743100);0,7642914;1,248787;;;-0,3822243;3,023888;4,815042
0,3888889;0,921327709;0,05977156;(-0.441843900, 3.025778000, 4.811224000);(0.015377150, 1.659923000, 0.101761200);0,8238884;1,192089;;;-0,4418439;3,025778;4,811224
0,4;0,983778229;0,06245052;(-0.500729200, 3.005611000, 4.806136000);(0.014999960, 1.659778000, 0.101712500);0,8839535;1,12967;;;-0,5007292;3,005611;4,806136
0,4111111;1,059183309;0,07540508;(-0.563262800, 2.963997000, 4.799524000);(0.014608890, 1.659741000, 0.101801100);0,9499972;1,057617;;;-0,5632628;2,963997;4,799524
0,4222222;1,131376719;0,07219341;(-0.623701900, 2.925021000, 4.793209000);(0.014226450, 1.659691000, 0.101892500);1,014897;0,9887704;;;-0,6237019;2,925021;4,793209
0,4333333;1,212084479;0,08070776;(-0.689488300, 2.878810000, 4.786108000);(0.013846710, 1.659645000, 0.101972600);1,087228;0,9135546;;;-0,6894883;2,87881;4,786108
0,4444444;1,285283079;0,0731986;(-0.756911800, 2.850975000, 4.779999000);(0.013463400, 1.659560000, 0.102025400);1,15873;0,8414578;;;-0,7569118;2,850975;4,779999
0,4555556;1,354384569;0,06910149;(-0.821226900, 2.826359000, 4.774287000);(0.013111300, 1.659410000, 0.102133000);1,226743;0,7732606;;;-0,8212269;2,826359;4,774287
0,4666667;1,416997519;0,06261295;(-0.878888400, 2.802521000, 4.769060000);(0.012722930, 1.659184000, 0.102182500);1,288178;0,7119428;;;-0,8788884;2,802521;4,76906
0,4777778;1,465306689;0,04830917;(-0.920606400, 2.778524000, 4.764874000);(0.012466700, 1.658864000, 0.102213200);1,334136;0,6666287;;;-0,9206064;2,778524;4,764874
0,4888889;1,512333319;0,04702663;(-0.956380800, 2.748286000, 4.760707000);(0.012130100, 1.658679000, 0.102249200);1,375877;0,6268989;;;-0,9563808;2,748286;4,760707
0,5;1,559300049;0,04696673;(-0.992986400, 2.719155000, 4.756552000);(0.011863880, 1.658554000, 0.102371300);1,418486;0,5875;;;-0,9929864;2,719155;4,756552
0,5111111;1,600100759;0,04080071;(-1.029133000, 2.700557000, 4.753057000);(0.011484060, 1.658483000, 0.102469500);1,458233;0,5501623;;;-1,029133;2,700557;4,753057
0,5222223;1,642779589;0,04267883;(-1.068348000, 2.684098000, 4.749487000);(0.010879890, 1.658521000, 0.102720800);1,500465;0,5103143;;;-1,068348;2,684098;4,749487
0,5333334;1,683207589;0,040428;(-1.104857000, 2.667073000, 4.746062000);(0.010454520, 1.658552000, 0.102860800);1,540245;0,4736834;;;-1,104857;2,667073;4,746062
0,5444446;1,713081289;0,0298737;(-1.130705000, 2.652322000, 4.743476000);(0.010077170, 1.658565000, 0.103040100);1,569142;0,4482681;;;-1,130705;2,652322;4,743476
0,5555557;1,735931619;0,02285033;(-1.151960000, 2.644148000, 4.741586000);(0.009711804, 1.658553000, 0.103213000);1,591873;0,427502;;;-1,15196;2,644148;4,741586
0,5666668;1,756237649;0,02030603;(-1.171131000, 2.637662000, 4.739934000);(0.009332063, 1.658420000, 0.103294200);1,612142;0,4088807;;;-1,171131;2,637662;4,739934
0,577778;1,778476309;0,02223866;(-1.191858000, 2.629816000, 4.738098000);(0.009077223, 1.658427000, 0.103581500);1,634281;0,3890336;;;-1,191858;2,629816;4,738098
0,5888891;1,802634139;0,02415783;(-1.215847000, 2.632288000, 4.736665000);(0.008725049, 1.658325000, 0.103716900);1,656829;0,3648794;;;-1,215847;2,632288;4,736665
0,6000003;1,836988939;0,0343548;(-1.249706000, 2.637781000, 4.734761000);(0.008308189, 1.658332000, 0.103791500);1,68822;0,3305554;;;-1,249706;2,637781;4,734761
0,6111114;1,872882439;0,0358935;(-1.285185000, 2.642820000, 4.732724000);(0.007958191, 1.658258000, 0.103898500);1,721412;0,2946742;;;-1,285185;2,64282;4,732724
0,6222225;1,905256469;0,03237403;(-1.317460000, 2.644318000, 4.730685000);(0.007648544, 1.658156000, 0.104023000);1,752442;0,2623819;;;-1,31746;2,644318;4,730685
0,6333337;1,932596139;0,02733967;(-1.344244000, 2.639234000, 4.728616000);(0.007301496, 1.658094000, 0.104145200);1,779745;0,2364835;;;-1,344244;2,639234;4,728616
0,6444448;1,957916129;0,02531999;(-1.369022000, 2.634392000, 4.726693000);(0.006928535, 1.658075000, 0.104230800);1,805038;0,212872;;;-1,369022;2,634392;4,726693
0,655556;1,981485539;0,02356941;(-1.392516000, 2.633408000, 4.725085000);(0.006626444, 1.658021000, 0.104448500);1,828158;0,1900571;;;-1,392516;2,633408;4,725085
0,6666671;2,008416929;0,02693139;(-1.419338000, 2.635168000, 4.723422000);(0.006272377, 1.657967000, 0.104536600);1,853891;0,1635334;;;-1,419338;2,635168;4,723422
0,6777782;2,032928179;0,02451125;(-1.443772000, 2.636348000, 4.721882000);(0.005932646, 1.657937000, 0.104610200);1,87746;0,1396259;;;-1,443772;2,636348;4,721882
0,6888894;2,057026019;0,02409784;(-1.467264000, 2.631308000, 4.720031000);(0.005603479, 1.657901000, 0.104610300);1,901554;0,1190451;;;-1,467264;2,631308;4,720031
0,7000005;2,083426429;0,02640041;(-1.493292000, 2.627346000, 4.718079000);(0.005288543, 1.657922000, 0.104602200);1,927877;0,09730986;;;-1,493292;2,627346;4,718079
0,7111117;2,112581539;0,02915511;(-1.521648000, 2.620949000, 4.715827000);(0.004937874, 1.657902000, 0.104678600);1,957032;0,07847173;;;-1,521648;2,620949;4,715827
0,7222228;2,140800569;0,02821903;(-1.545491000, 2.606057000, 4.713364000);(0.004585059, 1.657844000, 0.104677900);1,983748;0,07702816;;;-1,545491;2,606057;4,713364
0,7333339;2,155336069;0,0145355;(-1.556332000, 2.596461000, 4.712076000);(0.004225196, 1.657825000, 0.104716000);1,996577;0,08246888;;;-1,556332;2,596461;4,712076
0,7444451;2,159004696;0,003668627;(-1.559775000, 2.597720000, 4.711924000);(0.003918843, 1.657757000, 0.104712100);1,999635;0,08043377;;;-1,559775;2,59772;4,711924
0,7555562;2,162334265;0,003329569;(-1.562960000, 2.598677000, 4.711771000);(0.003649087, 1.657706000, 0.104719800);2,002515;0,07886039;;;-1,56296;2,598677;4,711771
0,7666674;2,152306795;0,01002747;(-1.558527000, 2.607634000, 4.712599000);(0.003406392, 1.657692000, 0.104713900);1,996101;0,07109912;;;-1,558527;2,607634;4,712599
0,7777785;2,135991145;0,01631565;(-1.556455000, 2.623780000, 4.713701000);(0.003162177, 1.657612000, 0.104780900);1,990401;0,05641283;;;-1,556455;2,62378;4,713701
0,7888896;2,151581125;0,01558998;(-1.561061000, 2.638662000, 4.714288000);(0.002872483, 1.657709000, 0.104864600);1,991633;0,04089491;;;-1,561061;2,638662;4,714288
0,8000008;2,167901705;0,01632058;(-1.574198000, 2.648342000, 4.714001000);(0.002517612, 1.657661000, 0.104961100);2,002443;0,0279925;;;-1,574198;2,648342;4,714001
0,8111119;2,188703245;0,02080154;(-1.593969000, 2.654742000, 4.713080000);(0.002274574, 1.657605000, 0.104889800);2,020512;0,02710062;;;-1,593969;2,654742;4,71308
0,8222231;2,214315305;0,02561206;(-1.619505000, 2.653813000, 4.711341000);(0.002033339, 1.657619000, 0.104881200);2,045776;0,0477633;;;-1,619505;2,653813;4,711341
0,8333342;2,233054875;0,01873957;(-1.633603000, 2.641579000, 4.709680000);(0.001807676, 1.657596000, 0.104862800);2,062128;0,0661586;;;-1,633603;2,641579;4,70968
0,8444453;2,246972655;0,01391778;(-1.631086000, 2.627906000, 4.709028000);(0.001592160, 1.657621000, 0.104825000);2,062544;0,07238631;;;-1,631086;2,627906;4,709028
0,8555565;2,254018577;0,007045922;(-1.634349000, 2.621689000, 4.708441000);(0.001391188, 1.657667000, 0.104826500);2,06708;0,07903305;;;-1,634349;2,621689;4,708441
0,8666676;2,237463917;0,01655466;(-1.620679000, 2.612357000, 4.708785000);(0.001137049, 1.657670000, 0.104819700);2,055752;0,07730375;;;-1,620679;2,612357;4,708785
0,8777788;2,232696049;0,004767868;(-1.616486000, 2.610092000, 4.708925000);(0.000979007, 1.657627000, 0.104805700);2,052157;0,07696103;;;-1,616486;2,610092;4,708925
0,8888899;2,226270387;0,006425662;(-1.612853000, 2.615363000, 4.709480000);(0.000831218, 1.657539000, 0.104743300);2,047429;0,07055225;;;-1,612853;2,615363;4,70948
0,900001;2,229147880;0,002877493;(-1.614935000, 2.617348000, 4.709462000);(0.000669749, 1.657441000, 0.104654600);2,049027;0,06994538;;;-1,614935;2,617348;4,709462
0,9111122;2,224855628;0,004292252;(-1.612098000, 2.620547000, 4.709840000);(0.000490383, 1.657347000, 0.104535600);2,045546;0,06570967;;;-1,612098;2,620547;4,70984
0,9222233;2,211866548;0,01298908;(-1.602786000, 2.629529000, 4.710991000);(0.000570045, 1.657252000, 0.104579100);2,034472;0,05320203;;;-1,602786;2,629529;4,710991
0,9333345;2,194193178;0,01767337;(-1.597484000, 2.646334000, 4.712345000);(0.000406400, 1.657252000, 0.104536800);2,025702;0,03601111;;;-1,597484;2,646334;4,712345
0,9444456;2,212025158;0,01783198;(-1.601447000, 2.663703000, 4.713123000);(0.000293897, 1.657240000, 0.104476600);2,026039;0,02710021;;;-1,601447;2,663703;4,713123
0,9555568;2,203302344;0,008722814;(-1.602078000, 2.672390000, 4.713601000);(0.000165881, 1.657327000, 0.104512900);2,024938;0,02496176;;;-1,602078;2,67239;4,713601
0,9666679;2,197446975;0,005855369;(-1.596268000, 2.671751000, 4.713946000);(0.000069038, 1.657358000, 0.104495800);2,019349;0,01936006;;;-1,596268;2,671751;4,713946
0,977779;2,183928515;0,01351846;(-1.583816000, 2.666512000, 4.714453000);(-0.000009923, 1.657378000, 0.104457800);2,00815;0,01154843;;;-1,583816;2,666512;4,714453
0,9888902;2,158599415;0,0253291;(-1.561033000, 2.655477000, 4.715296000);(-0.000098615, 1.657352000, 0.104446300);1,988036;0,02637284;;;-1,561033;2,655477;4,715296
1,000001;2,145301975;0,01329744;(-1.549946000, 2.648141000, 4.715588000);(-0.000110119, 1.657306000, 0.104425700);1,978708;0,03923316;;;-1,549946;2,648141;4,715588
1,011112;2,151544682;0,006242707;(-1.555672000, 2.645711000, 4.715065000);(-0.000179662, 1.657244000, 0.104393700);1,984838;0,03740136;;;-1,555672;2,645711;4,715065
1,022224;2,165000952;0,01345627;(-1.568839000, 2.648394000, 4.714357000);(-0.000303342, 1.657283000, 0.104390900);1,997176;0,02904289;;;-1,568839;2,648394;4,714357
1,033335;2,193182032;0,02818108;(-1.595107000, 2.658537000, 4.713232000);(-0.000361576, 1.657171000, 0.104380400);2,020854;0,0249968;;;-1,595107;2,658537;4,713232
1,044446;2,198365726;0,005183694;(-1.599723000, 2.660891000, 4.713069000);(-0.000501453, 1.657260000, 0.104443700);2,02491;0,02706697;;;-1,599723;2,660891;4,713069
1,055557;2,186416736;0,01194899;(-1.588764000, 2.665546000, 4.714069000);(-0.000506177, 1.657224000, 0.104397600);2,013206;0,01552697;;;-1,588764;2,665546;4,714069
1,066668;2,166081146;0,02033559;(-1.570252000, 2.673789000, 4.715783000);(-0.000535219, 1.657277000, 0.104408300);1,993367;0,007581536;;;-1,570252;2,673789;4,715783
1,077779;2,148331606;0,01774954;(-1.560343000, 2.688435000, 4.717312000);(-0.000583469, 1.657306000, 0.104363800);1,980759;0,0211801;;;-1,560343;2,688435;4,717312
1,08889;2,159599576;0,01126797;(-1.562935000, 2.699390000, 4.717796000);(-0.000595822, 1.657308000, 0.104352800);1,981236;0,02754559;;;-1,562935;2,69939;4,717796
1,100002;2,167183850;0,007584274;(-1.570494000, 2.699052000, 4.717278000);(-0.000588953, 1.657304000, 0.104328600);1,988747;0,024051;;;-1,570494;2,699052;4,717278
1,111113;2,172854539;0,005670689;(-1.575114000, 2.695802000, 4.716779000);(-0.000482678, 1.657243000, 0.104123700);1,993906;0,01988055;;;-1,575114;2,695802;4,716779
1,122224;2,187198279;0,01434374;(-1.584150000, 2.684733000, 4.715521000);(-0.000493719, 1.657214000, 0.104079700);2,004903;0,01091542;;;-1,58415;2,684733;4,715521
1,133335;2,194213823;0,007015544;(-1.588027000, 2.678917000, 4.714917000);(-0.000520944, 1.657235000, 0.103903800);2,009841;0,01094395;;;-1,588027;2,678917;4,714917
