time;total distance traveled;distance to prev position;ray position;hmd position;distance to prev target;distance to current target
(-4.109325000, 3.083985000, 2.577401000);(-4.011140000, 1.148934000, 3.073326000);0,4555556;0,4555556

0,4333333;-0,9273168;0,9273168;(-4.064001000, 2.163439000, 2.792269000);(-0.048998560, 1.651575000, 0.082041250);0,9463757;1,054043;;;-4,064001;2,163439;2,792269
0,4444444;-0,86198994;0,06532686;(-4.060117000, 2.105001000, 2.821208000);(-0.049116850, 1.651115000, 0.082246910);1,010086;0,989962;;;-4,060117;2,105001;2,821208
0,4555556;-0,80056683;0,06142311;(-4.056204000, 2.053234000, 2.854037000);(-0.049176010, 1.650646000, 0.082486580);1,068549;0,9315988;;;-4,056204;2,053234;2,854037
0,4666667;-0,74719552;0,05337131;(-4.052588000, 2.012041000, 2.887779000);(-0.049290660, 1.650079000, 0.082758140);1,117416;0,8837975;;;-4,052588;2,012041;2,887779
0,4777778;-0,69461686;0,05257866;(-4.049355000, 1.966187000, 2.913304000);(-0.049365310, 1.649400000, 0.083088290);1,168717;0,8336484;;;-4,049355;1,966187;2,913304
0,4888889;-0,64769664;0,04692022;(-4.046672000, 1.923222000, 2.931966000);(-0.049475490, 1.648850000, 0.083340840);1,215324;0,787887;;;-4,046672;1,923222;2,931966
0,5;-0,60010133;0,04759531;(-4.044222000, 1.877743000, 2.945785000);(-0.049711510, 1.648352000, 0.083658500);1,262919;0,7406231;;;-4,044222;1,877743;2,945785
0,5111111;-0,54760443;0,0524969;(-4.041360000, 1.828580000, 2.963971000);(-0.049889360, 1.647897000, 0.083925740);1,315332;0,6890497;;;-4,04136;1,82858;2,963971
0,5222223;-0,49105772;0,05654671;(-4.038004000, 1.777934000, 2.988896000);(-0.049899800, 1.647454000, 0.084066850);1,371198;0,6352088;;;-4,038004;1,777934;2,988896
0,5333334;-0,44055361;0,05050411;(-4.035162000, 1.731296000, 3.008067000);(-0.050049800, 1.647059000, 0.084376230);1,421527;0,5864988;;;-4,035162;1,731296;3,008067
0,5444446;-0,40304019;0,03751342;(-4.033544000, 1.694226000, 3.013583000);(-0.050203560, 1.646614000, 0.084651720);1,45857;0,5490116;;;-4,033544;1,694226;3,013583
0,5555557;-0,37022240;0,03281779;(-4.033117000, 1.662863000, 3.003928000);(-0.050334420, 1.646131000, 0.085012330);1,485705;0,5190588;;;-4,033117;1,662863;3,003928
0,5666668;-0,33763763;0,03258477;(-4.032847000, 1.632406000, 2.992351000);(-0.050534320, 1.645743000, 0.085365520);1,511659;0,4906861;;;-4,032847;1,632406;2,992351
0,577778;-0,30547816;0,03215947;(-4.032753000, 1.603257000, 2.978766000);(-0.050787400, 1.645349000, 0.085685920);1,53607;0,4645616;;;-4,032753;1,603257;2,978766
0,5888891;-0,27250113;0,03297703;(-4.032362000, 1.571900000, 2.968564000);(-0.051023920, 1.645007000, 0.086057350);1,563756;0,4362626;;;-4,032362;1,5719;2,968564
0,6000003;-0,23424398;0,03825715;(-4.030965000, 1.533700000, 2.970130000);(-0.051335660, 1.644747000, 0.086380200);1,601174;0,3988573;;;-4,030965;1,5337;2,97013
0,6111114;-0,20047393;0,03377005;(-4.029769000, 1.499961000, 2.970937000);(-0.051680100, 1.644446000, 0.086669760);1,634115;0,3661285;;;-4,029769;1,499961;2,970937
0,6222225;-0,17035071;0,03012322;(-4.028346000, 1.470580000, 2.977429000);(-0.051959110, 1.644136000, 0.086916820);1,664228;0,3360776;;;-4,028346;1,47058;2,977429
0,6333337;-0,14518758;0,02516313;(-4.026608000, 1.451974000, 2.994280000);(-0.052077380, 1.643861000, 0.087115690);1,686443;0,3135607;;;-4,026608;1,451974;2,99428
0,6444448;-0,12422615;0,02096143;(-4.025073000, 1.440054000, 3.011454000);(-0.052258850, 1.643491000, 0.087315810);1,702354;0,2979474;;;-4,025073;1,440054;3,011454
0,655556;-0,10354361;0,02068254;(-4.023764000, 1.422511000, 3.022331000);(-0.052334900, 1.643033000, 0.087631600);1,722144;0,2785748;;;-4,023764;1,422511;3,022331
0,6666671;-0,08895671;0,0145869;(-4.023832000, 1.409994000, 3.014841000);(-0.052428320, 1.642902000, 0.087916870);1,732313;0,2678312;;;-4,023832;1,409994;3,014841
0,6777782;-0,06890204;0,02005467;(-4.023963000, 1.393042000, 3.004127000);(-0.052618730, 1.642695000, 0.088042150);1,746044;0,2540499;;;-4,023963;1,393042;3,004127
0,6888894;-0,04352993;0,02537211;(-4.023996000, 1.370693000, 2.992116000);(-0.052770930, 1.642484000, 0.088226210);1,764834;0,2365102;;;-4,023996;1,370693;2,992116
0,7000005;-0,01184703;0,0316829;(-4.022495000, 1.339809000, 2.999027000);(-0.052929670, 1.642289000, 0.088381250);1,796512;0,2051401;;;-4,022495;1,339809;2,999027
0,7111117;0,02060150;0,03244853;(-4.020519000, 1.311281000, 3.014361000);(-0.053079070, 1.642126000, 0.088509460);1,827922;0,1729775;;;-4,020519;1,311281;3,014361
0,7222228;0,03867730;0,0180758;(-4.019607000, 1.293918000, 3.019302000);(-0.053228910, 1.641927000, 0.088616240);1,845987;0,1549528;;;-4,019607;1,293918;3,019302
0,7333339;0,05270889;0,01403159;(-4.019299000, 1.280103000, 3.016865000);(-0.053388240, 1.641797000, 0.088697780);1,858823;0,1430367;;;-4,019299;1,280103;3,016865
0,7444451;0,06363419;0,0109253;(-4.019091000, 1.269431000, 3.014533000);(-0.053512500, 1.641678000, 0.088782380);1,868644;0,1343103;;;-4,019091;1,269431;3,014533
0,7555562;0,07203181;0,00839762;(-4.018703000, 1.261207000, 3.016184000);(-0.053687660, 1.641597000, 0.088878880);1,877036;0,1262039;;;-4,018703;1,261207;3,016184
0,7666674;0,06528106;0,00675075;(-4.018963000, 1.267935000, 3.015697000);(-0.053802480, 1.641515000, 0.088942900);1,870376;0,1324511;;;-4,018963;1,267935;3,015697
0,7777785;0,04840635;0,01687471;(-4.018477000, 1.278739000, 3.028651000);(-0.053909470, 1.641472000, 0.089054300);1,863006;0,1374736;;;-4,018477;1,278739;3,028651
0,7888896;0,07163173;0,02322538;(-4.017002000, 1.280144000, 3.051786000);(-0.054013680, 1.641372000, 0.089069500);1,86746;0,1330949;;;-4,017002;1,280144;3,051786
0,8000008;0,08973233;0,0181006;(-4.015746000, 1.277845000, 3.069696000);(-0.054033060, 1.641356000, 0.089099780);1,874367;0,129044;;;-4,015746;1,277845;3,069696
0,8111119;0,097780807;0,008048477;(-4.015153000, 1.274599000, 3.077037000);(-0.054117920, 1.641272000, 0.089106400);1,879463;0,1257833;;;-4,015153;1,274599;3,077037
0,8222231;0,102375171;0,004594364;(-4.014822000, 1.273480000, 3.081481000);(-0.054221020, 1.641225000, 0.089112060);1,881743;0,1248661;;;-4,014822;1,27348;3,081481
0,8333342;0,090917721;0,01145745;(-4.015593000, 1.274029000, 3.070063000);(-0.054338340, 1.641198000, 0.089103590);1,878149;0,1252159;;;-4,015593;1,274029;3,070063
0,8444453;0,070632411;0,02028531;(-4.016862000, 1.272326000, 3.049889000);(-0.054040490, 1.641086000, 0.089042200);1,874541;0,1257278;;;-4,016862;1,272326;3,049889
0,8555565;0,091389561;0,02075715;(-4.017725000, 1.262414000, 3.031672000);(-0.054173780, 1.640926000, 0.089063540);1,879594;0,1210623;;;-4,017725;1,262414;3,031672
0,8666676;0,115949011;0,02455945;(-4.017360000, 1.238766000, 3.025054000);(-0.054254230, 1.640914000, 0.088995020);1,900969;0,1021696;;;-4,01736;1,238766;3,025054
0,8777788;0,136439661;0,02049065;(-4.016606000, 1.218310000, 3.025969000);(-0.054370310, 1.640882000, 0.088940370);1,921081;0,08417531;;;-4,016606;1,21831;3,025969
0,8888899;0,152965911;0,01652625;(-4.015694000, 1.202915000, 3.031909000);(-0.054412380, 1.640815000, 0.088915540);1,937465;0,06819096;;;-4,015694;1,202915;3,031909
0,900001;0,164786291;0,01182038;(-4.014822000, 1.197958000, 3.042604000);(-0.054480090, 1.640922000, 0.088888810);1,94485;0,05797162;;;-4,014822;1,197958;3,042604
0,9111122;0,188060531;0,02327424;(-4.013122000, 1.190357000, 3.064536000);(-0.054429740, 1.640949000, 0.088659060);1,957647;0,04239148;;;-4,013122;1,190357;3,064536
0,9222233;0,210954461;0,02289393;(-4.011450000, 1.182928000, 3.086127000);(-0.054519800, 1.641006000, 0.088606850);1,970381;0,03632476;;;-4,01145;1,182928;3,086127
0,9333345;0,233295561;0,0223411;(-4.009871000, 1.178930000, 3.108050000);(-0.054629160, 1.641067000, 0.088601480);1,980079;0,04590334;;;-4,009871;1,17893;3,10805
0,9444456;0,238709702;0,005414141;(-4.009479000, 1.175599000, 3.112300000);(-0.054653660, 1.641071000, 0.088543850);1,984445;0,04725198;;;-4,009479;1,175599;3,1123
0,9555568;0,228575092;0,01013461;(-4.010122000, 1.174994000, 3.102204000);(-0.054603030, 1.641154000, 0.088530500);1,982298;0,03891133;;;-4,010122;1,174994;3,102204
0,9666679;0,214692402;0,01388269;(-4.011029000, 1.174857000, 3.088352000);(-0.054599370, 1.641165000, 0.088468660);1,978762;0,02996306;;;-4,011029;1,174857;3,088352
0,977779;0,229401502;0,0147091;(-4.011771000, 1.169886000, 3.074528000);(-0.054572250, 1.641178000, 0.088419570);1,980006;0,0209958;;;-4,011771;1,169886;3,074528
0,9888902;0,241636592;0,01223509;(-4.011713000, 1.158671000, 3.069639000);(-0.054561720, 1.641217000, 0.088369980);1,989638;0,0104266;;;-4,011713;1,158671;3,069639
1,000001;0,262078002;0,02044141;(-4.010336000, 1.142723000, 3.082352000);(-0.054380000, 1.641180000, 0.088279260);2,008301;0,01098647;;;-4,010336;1,142723;3,082352
1,011112;0,276353092;0,01427509;(-4.009284000, 1.135351000, 3.094531000);(-0.054353920, 1.641172000, 0.088215130);2,018565;0,02525101;;;-4,009284;1,135351;3,094531
1,022224;0,263483472;0,01286962;(-4.008590000, 1.138860000, 3.106894000);(-0.054350000, 1.641268000, 0.088161840);2,01842;0,03513947;;;-4,00859;1,13886;3,106894
1,033335;0,256825979;0,006657493;(-4.008712000, 1.145349000, 3.108380000);(-0.054316220, 1.641514000, 0.088094610);2,012554;0,03532049;;;-4,008712;1,145349;3,10838
1,044446;0,253413150;0,003412829;(-4.008838000, 1.148755000, 3.108220000);(-0.054338630, 1.641604000, 0.088003140);2,009224;0,03497058;;;-4,008838;1,148755;3,10822
1,055557;0,2527069884;0,0007061616;(-4.008811000, 1.149120000, 3.108824000);(-0.054307210, 1.641629000, 0.087927390);2,009033;0,03557497;;;-4,008811;1,14912;3,108824
1,066668;0,2391746384;0,01353235;(-4.009715000, 1.149615000, 3.095331000);(-0.054313990, 1.641686000, 0.087858510);2,004984;0,02206168;;;-4,009715;1,149615;3,095331
1,077779;0,2296150324;0,009559606;(-4.010356000, 1.150006000, 3.085801000);(-0.054365620, 1.641819000, 0.087882030);2,002134;0,0125455;;;-4,010356;1,150006;3,085801
1,08889;0,2162229724;0,01339206;(-4.011314000, 1.153064000, 3.072798000);(-0.054327670, 1.641801000, 0.087806840);1,995865;0,004167238;;;-4,011314;1,153064;3,072798
1,100002;0,2105222114;0,005700761;(-4.011728000, 1.156592000, 3.068339000);(-0.054319220, 1.641834000, 0.087754470);1,991328;0,009157299;;;-4,011728;1,156592;3,068339
1,111113;0,2164781594;0,005955948;(-4.011296000, 1.154943000, 3.074046000);(-0.054344060, 1.641883000, 0.087792230);1,994359;0,006053739;;;-4,011296;1,154943;3,074046
