time;total distance traveled;distance to prev position;ray position;hmd position;distance to prev target;distance to current target
(1.408689000, 2.955717000, 4.572069000);(1.535855000, 0.964635100, 4.711432000);0,3111111;0,02222222

0;-0,01594292;0,01594292;(1.406981000, 2.931738000, 4.557875000);(-0.076916020, 1.606607000, 0.013740730);0,02791775;1,977291;;;1,406981;2,931738;4,557875
0,01111111;0,15453148;0,1704744;(1.436524000, 2.987571000, 4.716214000);(-0.077028150, 1.606638000, 0.013611560);0,150224;2,025379;;;1,436524;2,987571;4,716214
0,02222222;0,22384139;0,06930991;(1.448241000, 3.012695000, 4.779739000);(-0.077091520, 1.606723000, 0.013544750);0,2189464;2,05107;;;1,448241;3,012695;4,779739
0,03333334;0,27815940;0,05431801;(1.457535000, 3.031481000, 4.829850000);(-0.077173340, 1.606703000, 0.013416830);0,2730882;2,071716;;;1,457535;3,031481;4,82985
0,04444445;0,31254622;0,03438682;(1.463397000, 3.043553000, 4.861510000);(-0.077305830, 1.606662000, 0.013349120);0,3073829;2,085587;;;1,463397;3,043553;4,86151
0,05555556;0,316206981;0,003660761;(1.463763000, 3.046251000, 4.863957000);(-0.077449250, 1.606631000, 0.013194810);0,3105285;2,088441;;;1,463763;3,046251;4,863957
0,06666667;0,287171421;0,02903556;(1.458594000, 3.037966000, 4.836613000);(-0.077602320, 1.606591000, 0.013039540);0,2814937;2,078543;;;1,458594;3,037966;4,836613
0,07777778;0,195089481;0,09208194;(1.442550000, 3.008553000, 4.750843000);(-0.077758930, 1.606539000, 0.012891900);0,1894679;2,046426;;;1,44255;3,008553;4,750843
0,08888889;0,121699151;0,07339033;(1.430123000, 2.982106000, 4.683520000);(-0.077848560, 1.606534000, 0.012740860);0,116521;2,020432;;;1,430123;2,982106;4,68352
0,1;0,058380641;0,06331851;(1.419474000, 2.958721000, 4.625650000);(-0.078029390, 1.606442000, 0.012537840);0,05473786;1,999321;;;1,419474;2,958721;4,62565
0,1111111;0,008033361;0,05034728;(1.410721000, 2.942474000, 4.578807000);(-0.078140760, 1.606429000, 0.012327860);0,01499646;1,986227;;;1,410721;2,942474;4,578807
0,1222222;0,034413281;0,02637992;(1.405746000, 2.937881000, 4.553311000);(-0.078287040, 1.606459000, 0.012165020);0,0260515;1,983842;;;1,405746;2,937881;4,553311
0,1333333;0,019742251;0,01467103;(1.407841000, 2.945777000, 4.565497000);(-0.078286010, 1.606483000, 0.011983940);0,01194677;1,99063;;;1,407841;2,945777;4,565497
0,1444445;0,136834851;0,1170926;(1.427989000, 2.985336000, 4.673847000);(-0.078415860, 1.606422000, 0.011806260);0,1077429;2,023927;;;1,427989;2,985336;4,673847
0,1555556;0,295803551;0,1589687;(1.455740000, 3.035655000, 4.822066000);(-0.078539230, 1.606556000, 0.011627800);0,2666505;2,07552;;;1,45574;3,035655;4,822066
0,1666667;0,404840051;0,1090365;(1.474912000, 3.068954000, 4.924109000);(-0.078642790, 1.606615000, 0.011517590);0,3756857;2,115917;;;1,474912;3,068954;4,924109
0,1777778;0,461280051;0,05644;(1.485082000, 3.083892000, 4.977577000);(-0.078723740, 1.606759000, 0.011503410);0,4320896;2,136507;;;1,485082;3,083892;4,977577
0,1888889;0,474605681;0,01332563;(1.487566000, 3.086548000, 4.990397000);(-0.078878200, 1.606865000, 0.011416620);0,4453498;2,140717;;;1,487566;3,086548;4,990397
0,2;0,447140221;0,02746546;(1.482455000, 3.080965000, 4.963995000);(-0.078989040, 1.606901000, 0.011381040);0,4180124;2,132016;;;1,482455;3,080965;4,963995
0,2111111;0,358947591;0,08819263;(1.466738000, 3.055962000, 4.880894000);(-0.079014290, 1.606954000, 0.011245440);0,3298357;2,09932;;;1,466738;3,055962;4,880894
0,2222222;0,312307861;0,04663973;(1.458772000, 3.039708000, 4.837910000);(-0.079131180, 1.606982000, 0.011151620);0,2832565;2,080353;;;1,458772;3,039708;4,83791
0,2333333;0,240287381;0,07202048;(1.447456000, 3.007324000, 4.774584000);(-0.079394010, 1.606856000, 0.010939900);0,2125524;2,045576;;;1,447456;3,007324;4,774584
0,2444444;0,225099531;0,01518785;(1.447258000, 2.992818000, 4.770090000);(-0.079463700, 1.606691000, 0.010852880);0,2051251;2,030964;;;1,447258;2,992818;4,77009
0,2555556;0,277616671;0,05251714;(1.457979000, 2.974896000, 4.818276000);(-0.079619120, 1.606595000, 0.010681100);0,2518241;2,014604;;;1,457979;2,974896;4,818276
0,2666667;0,302058231;0,02444156;(1.459635000, 2.950611000, 4.820487000);(-0.079674340, 1.606439000, 0.010561350);0,2536389;1,990428;;;1,459635;2,950611;4,820487
0,2777778;0,267040181;0,03501805;(1.459116000, 2.917255000, 4.809839000);(-0.079768770, 1.606253000, 0.010496330);0,2460824;1,956604;;;1,459116;2,917255;4,809839
0,2888889;0,233185991;0,03385419;(1.457495000, 2.887086000, 4.794565000);(-0.079873230, 1.606031000, 0.010495910);0,2379007;1,925842;;;1,457495;2,887086;4,794565
0,3;0,257834911;0,02464892;(1.459399000, 2.862750000, 4.797984000);(-0.079954600, 1.605854000, 0.010453170);0,2495032;1,901624;;;1,459399;2,86275;4,797984
0,3111111;0,347675261;0,08984035;(1.477358000, 2.862824000, 4.886011000);(-0.080025560, 1.605623000, 0.010455910);0,3345202;1,907098;;;1,477358;2,862824;4,886011
0,3222222;0,465822461;0,1181472;(1.500842000, 2.865602000, 5.001767000);(-0.080088490, 1.605323000, 0.010475700);0,4486126;1,923329;;;1,500842;2,865602;5,001767
0,3333333;0,574498261;0,1086758;(1.522740000, 2.861743000, 5.108144000);(-0.080156440, 1.604973000, 0.010495130);0,5560709;1,938187;;;1,52274;2,861743;5,108144
0,3444445;0,703243561;0,1287453;(1.548967000, 2.848802000, 5.233523000);(-0.079984640, 1.604448000, 0.010383260);0,684566;1,955207;;;1,548967;2,848802;5,233523
0,3555556;0,769380081;0,06613652;(1.561703000, 2.812032000, 5.287001000);(-0.080009390, 1.603967000, 0.010488340);0,7451079;1,935154;;;1,561703;2,812032;5,287001
0,3666667;0,819184371;0,04980429;(1.563932000, 2.762291000, 5.285838000);(-0.080090370, 1.603286000, 0.010469210);0,7556323;1,887405;;;1,563932;2,762291;5,285838
0,3777778;0,867996861;0,04881249;(1.567172000, 2.713758000, 5.289921000);(-0.080173260, 1.602621000, 0.010341890);0,773933;1,842569;;;1,567172;2,713758;5,289921
0,3888889;0,803207111;0,06478975;(1.565244000, 2.653631000, 5.265862000);(-0.080196030, 1.601948000, 0.010298800);0,7727308;1,77791;;;1,565244;2,653631;5,265862
0,4;0,864805021;0,06159791;(1.563858000, 2.595694000, 5.244991000);(-0.080344610, 1.601359000, 0.010173210);0,7787925;1,716339;;;1,563858;2,595694;5,244991
0,4111111;0,928057751;0,06325273;(1.563020000, 2.535299000, 5.226211000);(-0.080449200, 1.600899000, 0.010055130);0,7927618;1,653094;;;1,56302;2,535299;5,226211
0,4222222;1,013356121;0,08529837;(1.556636000, 2.465283000, 5.177912000);(-0.080611860, 1.600417000, 0.009955533);0,7933846;1,571617;;;1,556636;2,465283;5,177912
0,4333333;1,077191651;0,06383553;(1.554729000, 2.406054000, 5.154178000);(-0.080761710, 1.599911000, 0.009886689);0,8138227;1,508002;;;1,554729;2,406054;5,154178
0,4444444;1,131910681;0,05471903;(1.562401000, 2.358549000, 5.180228000);(-0.081071100, 1.599619000, 0.009890027);0,8660794;1,470874;;;1,562401;2,358549;5,180228
0,4555556;1,415210181;0,2832995;(1.619374000, 2.351220000, 5.457643000);(-0.081315110, 1.599342000, 0.009880014);1,092723;1,57684;;;1,619374;2,35122;5,457643
0,4666667;1,650940581;0,2357304;(1.667502000, 2.323331000, 5.686716000);(-0.081530850, 1.599064000, 0.009865887);1,307415;1,677666;;;1,667502;2,323331;5,686716
0,4777778;1,887324081;0,2363835;(1.716081000, 2.267381000, 5.911186000);(-0.081742220, 1.598765000, 0.009881265);1,536727;1,78018;;;1,716081;2,267381;5,911186
0,4888889;2,085771381;0,1984473;(1.756529000, 2.197176000, 6.092340000);(-0.081847360, 1.598436000, 0.009811707);1,734243;1,86407;;;1,756529;2,197176;6,09234
0,5;2,248884481;0,1631131;(1.789836000, 2.141782000, 6.242100000);(-0.081958020, 1.598214000, 0.009745963);1,896514;1,947595;;;1,789836;2,141782;6,2421
0,5111111;2,370008381;0,1211239;(1.813685000, 2.081251000, 6.344267000);(-0.082080010, 1.597896000, 0.009673186);2,017275;1,997541;;;1,813685;2,081251;6,344267
0,5222223;2,255579581;0,1144288;(1.802952000, 1.994382000, 6.270561000);(-0.082002260, 1.597653000, 0.009461708);1,991101;1,887486;;;1,802952;1,994382;6,270561
0,5333334;2,119073381;0,1365062;(1.787364000, 1.901626000, 6.171630000);(-0.082099310, 1.597336000, 0.009304233);1,952715;1,753108;;;1,787364;1,901626;6,17163
0,5444446;1,861460081;0,2576133;(1.745281000, 1.797042000, 5.939993000);(-0.082226490, 1.597103000, 0.009227224);1,824017;1,498707;;;1,745281;1,797042;5,939993
0,5555557;1,560013681;0,3014464;(1.692314000, 1.704670000, 5.657979000);(-0.082301560, 1.596851000, 0.009096153);1,680703;1,211644;;;1,692314;1,70467;5,657979
0,5666668;1,251531681;0,308482;(1.635670000, 1.633724000, 5.363158000);(-0.082245010, 1.596473000, 0.009054549);1,557244;0,9393561;;;1,63567;1,633724;5,363158
0,577778;1,055073381;0,1964583;(1.600233000, 1.582082000, 5.176951000);(-0.082276400, 1.596182000, 0.009075589);1,513091;0,7759462;;;1,600233;1,582082;5,176951
0,5888891;0,912516581;0,1425568;(1.574902000, 1.540962000, 5.042824000);(-0.082366490, 1.596001000, 0.009158082);1,500256;0,6659568;;;1,574902;1,540962;5,042824
0,6000003;0,825994831;0,08652175;(1.558429000, 1.527825000, 4.958907000);(-0.082276890, 1.595813000, 0.009266622);1,486923;0,6155784;;;1,558429;1,527825;4,958907
0,6111114;0,869178031;0,0431832;(1.567201000, 1.524356000, 5.001048000);(-0.082178320, 1.595584000, 0.009358771);1,502645;0,6309893;;;1,567201;1,524356;5,001048
0,6222225;0,921060441;0,05188241;(1.577542000, 1.500439000, 5.045912000);(-0.082037560, 1.595317000, 0.009468682);1,539764;0,6330085;;;1,577542;1,500439;5,045912
0,6333337;1,068196741;0,1471363;(1.607749000, 1.459923000, 5.184097000);(-0.081903870, 1.595020000, 0.009573050);1,628374;0,6883972;;;1,607749;1,459923;5,184097
0,6444448;1,159494041;0,0912973;(1.624467000, 1.400851000, 5.251671000);(-0.081800890, 1.594701000, 0.009639330);1,710563;0,6999962;;;1,624467;1,400851;5,251671
0,655556;1,358948541;0,1994545;(1.664352000, 1.311288000, 5.425365000);(-0.081318980, 1.594205000, 0.009557433);1,870194;0,8039775;;;1,664352;1,311288;5,425365
0,6666671;1,424957481;0,06600894;(1.670787000, 1.247586000, 5.441421000);(-0.081197550, 1.593826000, 0.009467550);1,934472;0,79445;;;1,670787;1,247586;5,441421
0,6777782;1,279087081;0,1458704;(1.644300000, 1.210974000, 5.302726000);(-0.081067210, 1.593591000, 0.009552069);1,906174;0,6496704;;;1,6443;1,210974;5,302726
0,6888894;1,089036581;0,1900505;(1.606756000, 1.202275000, 5.116624000);(-0.080832370, 1.593209000, 0.009627409);1,846708;0,4750577;;;1,606756;1,202275;5,116624
0,7000005;0,978145681;0,1108909;(1.585007000, 1.194534000, 5.008162000);(-0.080722010, 1.593058000, 0.009725161);1,822918;0,3785742;;;1,585007;1,194534;5,008162
0,7111117;0,870266781;0,1078789;(1.564211000, 1.181578000, 4.903103000);(-0.080531410, 1.592774000, 0.009830423);1,811447;0,290871;;;1,564211;1,181578;4,903103
0,7222228;0,927943291;0,05767651;(1.554575000, 1.159774000, 4.850583000);(-0.080448160, 1.592618000, 0.009960897);1,823256;0,2404012;;;1,554575;1,159774;4,850583
0,7333339;0,957589241;0,02964595;(1.556060000, 1.130166000, 4.850666000);(-0.080212780, 1.592509000, 0.010098880);1,852558;0,2172434;;;1,55606;1,130166;4,850666
0,7444451;1,000051831;0,04246259;(1.563329000, 1.099162000, 4.878756000);(-0.080028060, 1.592331000, 0.010151690);1,888059;0,2164476;;;1,563329;1,099162;4,878756
0,7555562;1,107829531;0,1077777;(1.585418000, 1.066555000, 4.979079000);(-0.079789080, 1.592213000, 0.010247890);1,940573;0,2906529;;;1,585418;1,066555;4,979079
0,7666674;1,274856631;0,1670271;(1.619653000, 1.039921000, 5.140376000);(-0.079527160, 1.592023000, 0.010261010);2,009416;0,4434896;;;1,619653;1,039921;5,140376
0,7777785;1,425943231;0,1510866;(1.650517000, 1.021282000, 5.287097000);(-0.079293870, 1.591846000, 0.010256830);2,076484;0,5897008;;;1,650517;1,021282;5,287097
0,7888896;1,495508411;0,06956518;(1.664798000, 1.002061000, 5.352411000);(-0.078973880, 1.591608000, 0.010200450);2,119269;0,6548904;;;1,664798;1,002061;5,352411
0,8000008;1,451908641;0,04359977;(1.657227000, 0.987916100, 5.311871000);(-0.078701370, 1.591498000, 0.010202300);2,116912;0,613025;;;1,657227;0,9879161;5,311871
0,8111119;1,329806741;0,1221019;(1.632701000, 0.990387100, 5.192283000);(-0.078377480, 1.591255000, 0.010117360);2,073009;0,4911819;;;1,632701;0,9903871;5,192283
0,8222231;1,288237491;0,04156925;(1.624327000, 0.991805300, 5.151590000);(-0.078167310, 1.591104000, 0.010058470);2,058954;0,4497831;;;1,624327;0,9918053;5,15159
0,8333342;1,298484311;0,01024682;(1.622752000, 0.986968300, 5.142695000);(-0.077994830, 1.590940000, 0.009888120);2,060924;0,4404974;;;1,622752;0,9869683;5,142695
0,8444453;1,316855501;0,01837119;(1.619772000, 0.979355200, 5.126244000);(-0.077806600, 1.590825000, 0.009839363);2,063413;0,4234706;;;1,619772;0,9793552;5,126244
0,8555565;1,223210491;0,09364501;(1.601400000, 0.972907800, 5.034645000);(-0.077575420, 1.590872000, 0.009836324);2,045152;0,3298959;;;1,6014;0,9729078;5,034645
0,8666676;1,104013291;0,1191972;(1.577664000, 0.970952200, 4.917851000);(-0.077398830, 1.590846000, 0.009754486);2,021734;0,2107057;;;1,577664;0,9709522;4,917851
0,8777788;0,967535491;0,1364778;(1.550214000, 0.974570700, 4.784212000);(-0.077219110, 1.590753000, 0.009762831);1,997492;0,07484498;;;1,550214;0,9745707;4,784212
0,8888899;0,976634311;0,00909882;(1.552083000, 0.972825900, 4.792944000);(-0.077111280, 1.590712000, 0.009630032);2,000301;0,08351415;;;1,552083;0,9728259;4,792944
0,900001;1,085736911;0,1091026;(1.574160000, 0.966514900, 4.899603000);(-0.076998170, 1.590749000, 0.009595938);2,022767;0,1920393;;;1,57416;0,9665149;4,899603
0,9111122;1,228341211;0,1426043;(1.602955000, 0.959958100, 5.039116000);(-0.076862240, 1.590767000, 0.009541102);2,058865;0,334516;;;1,602955;0,9599581;5,039116
0,9222233;1,317305721;0,08896451;(1.621073000, 0.951167300, 5.125771000);(-0.076806910, 1.590832000, 0.009508796);2,090434;0,4232261;;;1,621073;0,9511673;5,125771
0,9333345;1,361106701;0,04380098;(1.630051000, 0.937941700, 5.166551000);(-0.076759170, 1.590927000, 0.009508319);2,115143;0,4655306;;;1,630051;0,9379417;5,166551
0,9444456;1,196621601;0,1644851;(1.596783000, 0.946995000, 5.005720000);(-0.076832960, 1.590999000, 0.009371109);2,063588;0,3010462;;;1,596783;0,946995;5,00572
0,9555568;1,019929401;0,1766922;(1.560765000, 0.965634800, 4.833745000);(-0.076767290, 1.590914000, 0.009215780);2,012965;0,1248278;;;1,560765;0,9656348;4,833745
0,9666679;0,943152051;0,07677735;(1.545006000, 0.979565400, 4.759905000);(-0.076679030, 1.590801000, 0.008986540);1,989734;0,05153906;;;1,545006;0,9795654;4,759905
0,977779;0,912095571;0,03105648;(1.538624000, 0.986850100, 4.730397000);(-0.076760490, 1.590743000, 0.008866735);1,979492;0,02934023;;;1,538624;0,9868501;4,730397
0,9888902;0,886333411;0,02576216;(1.533357000, 0.995337400, 4.706650000);(-0.076797670, 1.590735000, 0.008652516);1,968945;0,03117262;;;1,533357;0,9953374;4,70665
1,000001;0,844607531;0,04172588;(1.524827000, 1.000771000, 4.666169000);(-0.076869450, 1.590672000, 0.008486696);1,960652;0,05895932;;;1,524827;1,000771;4,666169
1,011112;0,799024921;0,04558261;(1.515785000, 0.999354400, 4.621514000);(-0.076787210, 1.590644000, 0.008308716);1,959916;0,09845516;;;1,515785;0,9993544;4,621514
1,022224;0,821220711;0,02219579;(1.511870000, 0.992689500, 4.600708000);(-0.076764800, 1.590572000, 0.008097239);1,965946;0,116714;;;1,51187;0,9926895;4,600708
1,033335;0,828386591;0,00716588;(1.512298000, 0.985545800, 4.601072000);(-0.076791530, 1.590675000, 0.008061774);1,973107;0,1147674;;;1,512298;0,9855458;4,601072
1,044446;0,883428251;0,05504166;(1.523607000, 0.974037900, 4.653696000);(-0.076936300, 1.590680000, 0.008027203);1,986686;0,0597655;;;1,523607;0,9740379;4,653696
1,055557;0,909616771;0,02618852;(1.528988000, 0.967363200, 4.678441000);(-0.076998600, 1.590717000, 0.008087941);1,994828;0,03380837;;;1,528988;0,9673632;4,678441
