time;total distance traveled;distance to prev position;ray position;hmd position;distance to prev target;distance to current target
(-2.788310000, 3.271480000, 3.852135000);(-2.437238000, 1.384776000, 4.415247000);0,2555556;0,2333333

0;-0,009625372;0,009625372;(-2.783657000, 3.215922000, 3.854268000);(-0.123269700, 1.609899000, -0.032284900);0,05579304;1,946227;;;-2,783657;3,215922;3,854268
0,01111111;0,004198538;0,01382391;(-2.778550000, 3.212523000, 3.866656000);(-0.123395300, 1.609830000, -0.032261180);0,0614976;1,938584;;;-2,77855;3,212523;3,866656
0,02222222;0,011118020;0,006919482;(-2.776445000, 3.207717000, 3.871167000);(-0.123481000, 1.609810000, -0.032291580);0,06759164;1,932408;;;-2,776445;3,207717;3,871167
0,03333334;0,016244995;0,005126975;(-2.775852000, 3.202663000, 3.871793000);(-0.123870500, 1.609873000, -0.032260580);0,07264511;1,92736;;;-2,775852;3,202663;3,871793
0,04444445;0,017340913;0,001095918;(-2.775448000, 3.202371000, 3.872768000);(-0.124003800, 1.609820000, -0.032397430);0,07326145;1,926738;;;-2,775448;3,202371;3,872768
0,05555556;0,012748664;0,004592249;(-2.776590000, 3.206219000, 3.870538000);(-0.124183300, 1.609658000, -0.032480050);0,06881145;1,931197;;;-2,77659;3,206219;3,870538
0,06666667;0,003759395;0,008989269;(-2.779231000, 3.212761000, 3.864967000);(-0.124298400, 1.609537000, -0.032470030);0,06078606;1,939406;;;-2,779231;3,212761;3,864967
0,07777778;-0,001844037;0,005603432;(-2.781119000, 3.215877000, 3.860710000);(-0.124411000, 1.609576000, -0.032445480);0,05671765;1,943887;;;-2,781119;3,215877;3,86071
0,08888889;-0,007792022;0,005947985;(-2.783302000, 3.217672000, 3.855476000);(-0.124560200, 1.609625000, -0.032325310);0,05414377;1,947462;;;-2,783302;3,217672;3,855476
0,1;-0,010867792;0,00307577;(-2.783772000, 3.220634000, 3.854797000);(-0.124722000, 1.609655000, -0.032300930);0,05111666;1,95053;;;-2,783772;3,220634;3,854797
0,1111111;-0,013284471;0,002416679;(-2.783701000, 3.222977000, 3.855386000);(-0.124890000, 1.609672000, -0.032298910);0,04882932;1,952553;;;-2,783701;3,222977;3,855386
0,1222222;-0,017451937;0,004167466;(-2.784483000, 3.226855000, 3.854075000);(-0.125071400, 1.609692000, -0.032294260);0,0448306;1,956719;;;-2,784483;3,226855;3,854075
0,1333333;-0,020654657;0,00320272;(-2.785407000, 3.229237000, 3.852143000);(-0.125224400, 1.609586000, -0.032461990);0,04234265;1,959679;;;-2,785407;3,229237;3,852143
0,1444445;-0,024133718;0,003479061;(-2.786695000, 3.230026000, 3.849009000);(-0.125384800, 1.609565000, -0.032463890);0,0416029;1,961553;;;-2,786695;3,230026;3,849009
0,1555556;-0,018187789;0,005945929;(-2.788776000, 3.228982000, 3.843538000);(-0.125526500, 1.609545000, -0.032453580);0,04336049;1,962531;;;-2,788776;3,228982;3,843538
0,1666667;-0,017375553;0,000812236;(-2.788989000, 3.228509000, 3.842913000);(-0.125691100, 1.609381000, -0.032388730);0,04395423;1,962306;;;-2,788989;3,228509;3,842913
0,1777778;-0,015528195;0,001847358;(-2.789136000, 3.226795000, 3.842240000);(-0.125858300, 1.609354000, -0.032380090);0,04577452;1,960919;;;-2,789136;3,226795;3,84224
0,1888889;-0,010260812;0,005267383;(-2.788037000, 3.222033000, 3.844204000);(-0.126198200, 1.609320000, -0.032255690);0,05007981;1,955674;;;-2,788037;3,222033;3,844204
0,2;-0,005516638;0,004744174;(-2.786619000, 3.218654000, 3.847218000);(-0.126329100, 1.609244000, -0.032212300);0,05308077;1,951367;;;-2,786619;3,218654;3,847218
0,2111111;0,001020832;0,00653747;(-2.786003000, 3.212160000, 3.847650000);(-0.126675800, 1.609065000, -0.032205150);0,05953355;1,945029;;;-2,786003;3,21216;3,84765
0,2222222;0,012885572;0,01186474;(-2.786517000, 3.200773000, 3.844356000);(-0.126787900, 1.608925000, -0.032168310);0,07115557;1,935396;;;-2,786517;3,200773;3,844356
0,2333333;0,027248862;0,01436329;(-2.786756000, 3.186741000, 3.841300000);(-0.126876800, 1.608881000, -0.032102570);0,08544272;1,923189;;;-2,786756;3,186741;3,8413
0,2444444;0,049949042;0,02270018;(-2.787463000, 3.164762000, 3.835669000);(-0.126999700, 1.608710000, -0.032055540);0,1079842;1,904446;;;-2,787463;3,164762;3,835669
0,2555556;0,064418312;0,01446927;(-2.786790000, 3.150331000, 3.834860000);(-0.127185100, 1.608435000, -0.031985570);0,1223839;1,891089;;;-2,78679;3,150331;3,83486
0,2666667;0,084590212;0,0201719;(-2.784094000, 3.130634000, 3.838277000);(-0.127306100, 1.608176000, -0.031926680);0,1415887;1,871156;;;-2,784094;3,130634;3,838277
0,2777778;0,110548572;0,02595836;(-2.778688000, 3.107146000, 3.847918000);(-0.127508900, 1.607900000, -0.031847640);0,1646688;1,845267;;;-2,778688;3,107146;3,847918
0,2888889;0,142472282;0,03192371;(-2.771329000, 3.079343000, 3.861772000);(-0.127707100, 1.607580000, -0.031844420);0,1931263;1,8137;;;-2,771329;3,079343;3,861772
0,3;0,174390312;0,03191803;(-2.763730000, 3.051962000, 3.876309000);(-0.128001200, 1.607247000, -0.031617810);0,2222081;1,782291;;;-2,76373;3,051962;3,876309
0,3111111;0,217577002;0,04318669;(-2.751514000, 3.019186000, 3.901638000);(-0.128137600, 1.606809000, -0.031603680);0,2597243;1,741798;;;-2,751514;3,019186;3,901638
0,3222222;0,268664842;0,05108784;(-2.737314000, 2.979753000, 3.930850000);(-0.128317200, 1.606259000, -0.031533410);0,3064334;1,693705;;;-2,737314;2,979753;3,93085
0,3333333;0,319523772;0,05085893;(-2.725604000, 2.935433000, 3.952879000);(-0.128605100, 1.605700000, -0.031434280);0,3563831;1,643617;;;-2,725604;2,935433;3,952879
0,3444445;0,387889372;0,0683656;(-2.718361000, 2.867774000, 3.959482000);(-0.128594800, 1.604978000, -0.031503190);0,4235505;1,576716;;;-2,718361;2,867774;3,959482
0,3555556;0,473925462;0,08603609;(-2.717827000, 2.782800000, 3.946015000);(-0.128739100, 1.604389000, -0.031409190);0,5025827;1,501126;;;-2,717827;2,7828;3,946015
0,3666667;0,554285072;0,08035961;(-2.715143000, 2.702803000, 3.938878000);(-0.129000300, 1.603709000, -0.031274720);0,5798891;1,428759;;;-2,715143;2,702803;3,938878
0,3777778;0,639275742;0,08499067;(-2.708874000, 2.618051000, 3.940025000);(-0.129166300, 1.603078000, -0.031238000);0,6640809;1,349292;;;-2,708874;2,618051;3,940025
0,3888889;0,725555482;0,08627974;(-2.692974000, 2.537447000, 3.966375000);(-0.129287600, 1.602481000, -0.031192820);0,7489618;1,263146;;;-2,692974;2,537447;3,966375
0,4;0,810083022;0,08452754;(-2.671252000, 2.468054000, 4.009476000);(-0.129763900, 1.601946000, -0.030996010);0,8270135;1,180214;;;-2,671252;2,468054;4,009476
0,4111111;0,883957752;0,07387473;(-2.652224000, 2.407499000, 4.047271000);(-0.129951900, 1.601489000, -0.030891170);0,8961364;1,107965;;;-2,652224;2,407499;4,047271
0,4222222;0,952138162;0,06818041;(-2.629651000, 2.367509000, 4.097668000);(-0.130138200, 1.601074000, -0.030728380);0,9500641;1,050545;;;-2,629651;2,367509;4,097668
0,4333333;1,014074672;0,06193651;(-2.614832000, 2.314508000, 4.126083000);(-0.130309200, 1.600791000, -0.030600950);1,010414;0,9897258;;;-2,614832;2,314508;4,126083
0,4444444;1,071623212;0,05754854;(-2.603230000, 2.261930000, 4.146399000);(-0.130478000, 1.600412000, -0.030406340);1,067725;0,9323257;;;-2,60323;2,26193;4,146399
0,4555556;1,134933022;0,06330981;(-2.596416000, 2.199313000, 4.152793000);(-0.130672600, 1.600096000, -0.030184550);1,129938;0,8704541;;;-2,596416;2,199313;4,152793
0,4666667;1,202792782;0,06785976;(-2.587438000, 2.132997000, 4.164041000);(-0.130900800, 1.599759000, -0.029789020);1,197405;0,8034296;;;-2,587438;2,132997;4,164041
0,4777778;1,278613322;0,07582054;(-2.585144000, 2.057567000, 4.156710000);(-0.130955300, 1.599468000, -0.029596020);1,267922;0,7357751;;;-2,585144;2,057567;4,15671
0,4888889;1,347688352;0,06907503;(-2.578702000, 1.988934000, 4.161109000);(-0.131489300, 1.599128000, -0.029202860);1,335786;0,6705256;;;-2,578702;1,988934;4,161109
0,5;1,407201362;0,05951301;(-2.574046000, 1.929621000, 4.162592000);(-0.131673900, 1.598836000, -0.028888990);1,393871;0,6159606;;;-2,574046;1,929621;4,162592
0,5111111;1,462622382;0,05542102;(-2.568615000, 1.874628000, 4.166800000);(-0.131839600, 1.598456000, -0.028522240);1,448611;0,5647483;;;-2,568615;1,874628;4,1668
0,5222223;1,493686322;0,03106394;(-2.566209000, 1.843666000, 4.167515000);(-0.132164600, 1.598144000, -0.028122530);1,479002;0,5372003;;;-2,566209;1,843666;4,167515
0,5333334;1,538499642;0,04481332;(-2.561368000, 1.799350000, 4.172086000);(-0.132177200, 1.597646000, -0.027832550);1,523495;0,496394;;;-2,561368;1,79935;4,172086
0,5444446;1,577489532;0,03898989;(-2.558474000, 1.760471000, 4.172659000);(-0.132387900, 1.597422000, -0.027472900);1,561636;0,4633511;;;-2,558474;1,760471;4,172659
0,5555557;1,616433722;0,03894419;(-2.554096000, 1.722028000, 4.177080000);(-0.132789700, 1.597294000, -0.026989210);1,60039;0,4290897;;;-2,554096;1,722028;4,17708
0,5666668;1,657939232;0,04150551;(-2.549645000, 1.680970000, 4.181227000);(-0.133205700, 1.597142000, -0.026681470);1,64164;0,3938679;;;-2,549645;1,68097;4,181227
0,577778;1,699596092;0,04165686;(-2.544178000, 1.640236000, 4.188016000);(-0.133439600, 1.597028000, -0.026308220);1,683263;0,3582311;;;-2,544178;1,640236;4,188016
0,5888891;1,739067162;0,03947107;(-2.535889000, 1.604617000, 4.202869000);(-0.133528300, 1.596743000, -0.026086260);1,721964;0,3211957;;;-2,535889;1,604617;4,202869
0,6000003;1,777404912;0,03833775;(-2.529010000, 1.568603000, 4.214068000);(-0.133683400, 1.596529000, -0.025658060);1,76012;0,287554;;;-2,52901;1,568603;4,214068
0,6111114;1,809303962;0,03189905;(-2.523513000, 1.538411000, 4.222774000);(-0.133868500, 1.596315000, -0.025228490);1,791931;0,2609466;;;-2,523513;1,538411;4,222774
0,6222225;1,832063972;0,02276001;(-2.520220000, 1.516349000, 4.227293000);(-0.134151600, 1.596097000, -0.024821560);1,81469;0,243976;;;-2,52022;1,516349;4,227293
0,6333337;1,856321812;0,02425784;(-2.517301000, 1.492488000, 4.230550000);(-0.134580100, 1.596035000, -0.024029840);1,838873;0,2283091;;;-2,517301;1,492488;4,23055
0,6444448;1,870758292;0,01443648;(-2.518484000, 1.479128000, 4.225210000);(-0.134694300, 1.595805000, -0.023522300);1,850545;0,2271943;;;-2,518484;1,479128;4,22521
0,655556;1,894818142;0,02405985;(-2.518388000, 1.455386000, 4.221313000);(-0.134921700, 1.595577000, -0.022951290);1,872791;0,2217694;;;-2,518388;1,455386;4,221313
0,6666671;1,916640092;0,02182195;(-2.517862000, 1.433708000, 4.218867000);(-0.135036200, 1.595360000, -0.022409720);1,89342;0,2178525;;;-2,517862;1,433708;4,218867
0,6777782;1,935856982;0,01921689;(-2.513533000, 1.416807000, 4.226922000);(-0.135156800, 1.595145000, -0.021908630);1,912009;0,2057015;;;-2,513533;1,416807;4,226922
0,6888894;1,954381142;0,01852416;(-2.506725000, 1.411408000, 4.243282000);(-0.135069200, 1.594876000, -0.021592840);1,921497;0,1873755;;;-2,506725;1,411408;4,243282
0,7000005;1,968088292;0,01370715;(-2.501642000, 1.408945000, 4.255772000);(-0.135153400, 1.594631000, -0.021121840);1,927209;0,1736791;;;-2,501642;1,408945;4,255772
0,7111117;1,944731022;0,02335727;(-2.496399000, 1.425007000, 4.271899000);(-0.135142800, 1.594362000, -0.020751400);1,915953;0,1602096;;;-2,496399;1,425007;4,271899
0,7222228;1,921311072;0,02341995;(-2.491803000, 1.442605000, 4.286653000);(-0.135201300, 1.594121000, -0.020330120);1,903025;0,1511888;;;-2,491803;1,442605;4,286653
0,7333339;1,910065782;0,01124529;(-2.490832000, 1.452961000, 4.290927000);(-0.135247200, 1.593921000, -0.019939110);1,894213;0,1515815;;;-2,490832;1,452961;4,290927
0,7444451;1,906260389;0,003805393;(-2.492195000, 1.454520000, 4.287735000);(-0.135285300, 1.593754000, -0.019562890);1,891765;0,1553832;;;-2,492195;1,45452;4,287735
0,7555562;1,912817113;0,006556724;(-2.493023000, 1.448802000, 4.284634000);(-0.135385300, 1.593642000, -0.019327270);1,896418;0,1557921;;;-2,493023;1,448802;4,284634
0,7666674;1,921808128;0,008991015;(-2.491260000, 1.440526000, 4.287671000);(-0.135473200, 1.593352000, -0.018855320);1,905341;0,1493388;;;-2,49126;1,440526;4,287671
0,7777785;1,938191778;0,01638365;(-2.486612000, 1.428127000, 4.297319000);(-0.135458800, 1.593159000, -0.018561050);1,920198;0,1349964;;;-2,486612;1,428127;4,297319
0,7888896;1,952282588;0,01409081;(-2.481716000, 1.421167000, 4.308550000);(-0.135691800, 1.592803000, -0.018082480);1,930278;0,1211888;;;-2,481716;1,421167;4,30855
0,8000008;1,962214280;0,009931692;(-2.478033000, 1.419354000, 4.317594000);(-0.135667700, 1.592623000, -0.017863800);1,93476;0,1113371;;;-2,478033;1,419354;4,317594
0,8111119;1,957497994;0,004716286;(-2.476665000, 1.421659000, 4.321474000);(-0.135713700, 1.592367000, -0.017489600);1,933711;0,1082043;;;-2,476665;1,421659;4,321474
0,8222231;1,952423033;0,005074961;(-2.476723000, 1.426681000, 4.322203000);(-0.135707100, 1.592020000, -0.017058540);1,929075;0,1094182;;;-2,476723;1,426681;4,322203
0,8333342;1,964047083;0,01162405;(-2.472411000, 1.424795000, 4.332831000);(-0.135670400, 1.591882000, -0.016834420);1,934194;0,09813748;;;-2,472411;1,424795;4,332831
0,8444453;1,980628003;0,01658092;(-2.466506000, 1.417692000, 4.346601000);(-0.135634200, 1.591623000, -0.016423990);1,9454;0,08156169;;;-2,466506;1,417692;4,346601
0,8555565;1,995293403;0,0146654;(-2.461241000, 1.411790000, 4.358952000);(-0.135593100, 1.591505000, -0.016221990);1,955066;0,06689631;;;-2,461241;1,41179;4,358952
0,8666676;2,006202993;0,01090959;(-2.457209000, 1.410930000, 4.369052000);(-0.135533300, 1.591423000, -0.016038100);1,959203;0,0567174;;;-2,457209;1,41093;4,369052
0,8777788;1,995526703;0,01067629;(-2.453719000, 1.414400000, 4.378527000);(-0.135500700, 1.591335000, -0.015829970);1,959027;0,04997567;;;-2,453719;1,4144;4,378527
0,8888899;1,985000953;0,01052575;(-2.450270000, 1.417775000, 4.387881000);(-0.135416600, 1.591238000, -0.015696930);1,958957;0,04480749;;;-2,45027;1,417775;4,387881
0,900001;1,995728683;0,01072773;(-2.446297000, 1.416629000, 4.397779000);(-0.135292800, 1.591169000, -0.015416850);1,963459;0,03744064;;;-2,446297;1,416629;4,397779
0,9111122;2,005145758;0,009417075;(-2.442817000, 1.414344000, 4.406226000);(-0.135234700, 1.591098000, -0.015286610);1,968587;0,03141287;;;-2,442817;1,414344;4,406226
0,9222233;2,009624296;0,004478538;(-2.441217000, 1.412471000, 4.409966000);(-0.135141300, 1.591056000, -0.015163230);1,97169;0,02847356;;;-2,441217;1,412471;4,409966
0,9333345;2,014730344;0,005106048;(-2.442547000, 1.409463000, 4.406061000);(-0.135087900, 1.591018000, -0.015070600);1,973193;0,0268708;;;-2,442547;1,409463;4,406061
0,9444456;2,026165184;0,01143484;(-2.439173000, 1.401186000, 4.413192000);(-0.135102300, 1.590925000, -0.015003370);1,983603;0,01665068;;;-2,439173;1,401186;4,413192
0,9555568;2,043430754;0,01726557;(-2.433221000, 1.392349000, 4.426778000);(-0.135447600, 1.591124000, -0.014732640);1,996857;0,01436794;;;-2,433221;1,392349;4,426778
0,9666679;2,058870914;0,01544016;(-2.427923000, 1.384293000, 4.438838000);(-0.135427500, 1.591003000, -0.014691640);2,008873;0,02536756;;;-2,427923;1,384293;4,438838
0,977779;2,066581775;0,007710861;(-2.425379000, 1.379730000, 4.444509000);(-0.135427500, 1.591003000, -0.014691640);2,015277;0,03197448;;;-2,425379;1,37973;4,444509
0,9888902;2,066581775;0;(-2.425379000, 1.379730000, 4.444509000);(-0.135350100, 1.590933000, -0.014708500);2,015277;0,03197448;;;-2,425379;1,37973;4,444509
1,000001;2,063094148;0,003487627;(-2.424623000, 1.382194000, 4.446859000);(-0.135302700, 1.590907000, -0.014640910);2,013794;0,03413419;;;-2,424623;1,382194;4,446859
1,011112;2,057047603;0,006046545;(-2.425032000, 1.388227000, 4.446873000);(-0.135341000, 1.590894000, -0.014572900);2,008065;0,03407466;;;-2,425032;1,388227;4,446873
1,022224;2,047812932;0,009234671;(-2.423757000, 1.396122000, 4.451489000);(-0.135325600, 1.590919000, -0.014519440);2,002271;0,04029864;;;-2,423757;1,396122;4,451489
1,033335;2,038766173;0,009046759;(-2.421322000, 1.401205000, 4.458566000);(-0.135276200, 1.590814000, -0.014495420);2,000091;0,04898733;;;-2,421322;1,401205;4,458566
1,044446;2,029599204;0,009166969;(-2.419327000, 1.407658000, 4.464764000);(-0.135288000, 1.590775000, -0.014439510);1,99632;0,05741344;;;-2,419327;1,407658;4,464764
1,055557;2,022830632;0,006768572;(-2.420764000, 1.413743000, 4.462172000);(-0.135258300, 1.590772000, -0.014375670);1,989578;0,05755356;;;-2,420764;1,413743;4,462172
1,066668;2,016635164;0,006195468;(-2.423054000, 1.415239000, 4.456613000);(-0.135154300, 1.590644000, -0.014346410);1,98606;0,05329421;;;-2,423054;1,415239;4,456613
