time;total distance traveled;distance to prev position;ray position;hmd position;distance to prev target;distance to current target
(3.193827000, 2.210718000, 3.763196000);(4.383290000, 1.476147000, 2.332956000);0,1888889;0,06666667

0;-0,02060426;0,02060426;(3.173748000, 2.178051000, 3.788271000);(-0.077276780, 1.667140000, 0.059531470);0,04581532;2,018317;;;3,173748;2,178051;3,788271
0,01111111;-0,04544368;0,02483942;(3.189529000, 2.177069000, 3.769114000);(-0.077216070, 1.667098000, 0.059562400);0,03443478;1,99472;;;3,189529;2,177069;3,769114
0,02222222;-0,06374736;0,01830368;(3.198663000, 2.188171000, 3.757785000);(-0.077206950, 1.667103000, 0.059623670);0,02368598;1,985058;;;3,198663;2,188171;3,757785
0,03333334;-0,08759424;0,02384688;(3.201011000, 2.211666000, 3.754447000);(-0.077207600, 1.667089000, 0.059669960);0,01136023;1,989826;;;3,201011;2,211666;3,754447
0,04444445;-0,10260680;0,01501256;(3.193913000, 2.221873000, 3.762862000);(-0.077189590, 1.667065000, 0.059725900);0,01115998;2,003835;;;3,193913;2,221873;3,762862
0,05555556;-0,09204508;0,01056172;(3.187671000, 2.218145000, 3.770523000);(-0.077196750, 1.667018000, 0.059781450);0,01211412;2,011632;;;3,187671;2,218145;3,770523
0,06666667;-0,06353445;0,02851063;(3.180376000, 2.192236000, 3.779924000);(-0.077237930, 1.667052000, 0.059742290);0,02832553;2,013331;;;3,180376;2,192236;3,779924
0,07777778;-0,070678368;0,007143918;(3.184398000, 2.188822000, 3.775107000);(-0.077308000, 1.667056000, 0.059875830);0,02664976;2,006252;;;3,184398;2,188822;3,775107
0,08888889;-0,085467168;0,0147888;(3.192483000, 2.196157000, 3.765130000);(-0.077356430, 1.667098000, 0.059865790);0,01475065;1,996886;;;3,192483;2,196157;3,76513
0,1;-0,096636618;0,01116945;(3.197205000, 2.204377000, 3.759223000);(-0.077340260, 1.667148000, 0.059901820);0,008209231;1,992826;;;3,197205;2,204377;3,759223
0,1111111;-0,082867308;0,01376931;(3.197989000, 2.218068000, 3.757987000);(-0.077275040, 1.667220000, 0.059868890);0,009924099;1,996521;;;3,197989;2,218068;3,757987
0,1222222;-0,086340846;0,003473538;(3.195813000, 2.218707000, 3.760617000);(-0.077245830, 1.667222000, 0.059890290);0,008626121;1,999928;;;3,195813;2,218707;3,760617
0,1333333;-0,098833636;0,01249279;(3.189226000, 2.211900000, 3.768763000);(-0.077144100, 1.667203000, 0.059946130);0,00731913;2,007153;;;3,189226;2,2119;3,768763
0,1444445;-0,088061666;0,01077197;(3.184810000, 2.203782000, 3.774297000);(-0.077161060, 1.667140000, 0.060023860);0,01589536;2,010789;;;3,18481;2,203782;3,774297
0,1555556;-0,102575336;0,01451367;(3.193997000, 2.204846000, 3.763112000);(-0.077178450, 1.667132000, 0.060065050);0,005875299;1,99769;;;3,193997;2,204846;3,763112
0,1666667;-0,078823586;0,02375175;(3.207007000, 2.216558000, 3.747058000);(-0.077263610, 1.667214000, 0.060100750);0,02163858;1,98281;;;3,207007;2,216558;3,747058
0,1777778;-0,065378006;0,01344558;(3.212861000, 2.226204000, 3.739746000);(-0.077214060, 1.667351000, 0.060181010);0,03394077;1,977763;;;3,212861;2,226204;3,739746
0,1888889;-0,058947524;0,006430482;(3.211874000, 2.232467000, 3.740816000);(-0.077071400, 1.667451000, 0.060205240);0,03604925;1,981491;;;3,211874;2,232467;3,740816
0,2;-0,076112654;0,01716513;(3.200966000, 2.232582000, 3.754069000);(-0.076984870, 1.667611000, 0.060289430);0,02474474;1,99741;;;3,200966;2,232582;3,754069
0,2111111;-0,100558384;0,02444573;(3.185509000, 2.230511000, 3.772895000);(-0.076980520, 1.667580000, 0.060387120);0,02355877;2,0192;;;3,185509;2,230511;3,772895
0,2222222;-0,081864674;0,01869371;(3.174541000, 2.223604000, 3.786366000);(-0.076973600, 1.667557000, 0.060460880);0,03278476;2,032773;;;3,174541;2,223604;3,786366
0,2333333;-0,072963931;0,008900743;(3.169909000, 2.218614000, 3.792098000);(-0.076916860, 1.667447000, 0.060559110);0,03833733;2,037804;;;3,169909;2,218614;3,792098
0,2444444;-0,081290982;0,008327051;(3.174999000, 2.220764000, 3.785868000);(-0.076886090, 1.667419000, 0.060592670);0,03113608;2,031102;;;3,174999;2,220764;3,785868
0,2555556;-0,105681422;0,02439044;(3.187430000, 2.235019000, 3.770468000);(-0.076854260, 1.667401000, 0.060606350);0,02616052;2,018021;;;3,18743;2,235019;3,770468
0,2666667;-0,075892522;0,0297889;(3.204906000, 2.246030000, 3.749004000);(-0.076759440, 1.667370000, 0.060603930);0,03963719;1,996622;;;3,204906;2,24603;3,749004
0,2777778;-0,055859892;0,02003263;(3.217603000, 2.244271000, 3.733610000);(-0.076635350, 1.667300000, 0.060530830);0,05066029;1,977542;;;3,217603;2,244271;3,73361
0,2888889;-0,024352582;0,03150731;(3.234715000, 2.227483000, 3.713163000);(-0.076542790, 1.667233000, 0.060400140);0,06675423;1,946459;;;3,234715;2,227483;3,713163
0,3;0,010669318;0,0350219;(3.253700000, 2.208733000, 3.690480000);(-0.076385540, 1.667124000, 0.060308710);0,09421384;1,911943;;;3,2537;2,208733;3,69048
0,3111111;0,040684768;0,03001545;(3.271445000, 2.197278000, 3.669153000);(-0.076345850, 1.667159000, 0.060374810);0,1226748;1,881928;;;3,271445;2,197278;3,669153
0,3222222;0,055939028;0,01525426;(3.280550000, 2.191812000, 3.658203000);(-0.076203510, 1.667037000, 0.060271130);0,1374838;1,866679;;;3,28055;2,191812;3,658203
0,3333333;0,078999968;0,02306094;(3.293224000, 2.179919000, 3.643046000);(-0.076093730, 1.666857000, 0.060095800);0,1589472;1,843875;;;3,293224;2,179919;3,643046
0,3444445;0,113743098;0,03474313;(3.313087000, 2.164250000, 3.619233000);(-0.075973390, 1.666679000, 0.059953880);0,1926325;1,809234;;;3,313087;2,16425;3,619233
0,3555556;0,170701208;0,05695811;(3.346728000, 2.142385000, 3.578805000);(-0.075719510, 1.666510000, 0.059707000);0,2490939;1,752277;;;3,346728;2,142385;3,578805
0,3666667;0,231286518;0,06058531;(3.383588000, 2.123958000, 3.534394000);(-0.075556740, 1.666250000, 0.059460950);0,3096556;1,691897;;;3,383588;2,123958;3,534394
0,3777778;0,304768998;0,07348248;(3.426574000, 2.094170000, 3.482774000);(-0.075380300, 1.666061000, 0.059254630);0,3826099;1,618438;;;3,426574;2,09417;3,482774
0,3888889;0,375381648;0,07061265;(3.464497000, 2.055476000, 3.437490000);(-0.075180110, 1.665784000, 0.059131340);0,4510508;1,549128;;;3,464497;2,055476;3,43749
0,4;0,432921488;0,05753984;(3.496788000, 2.027669000, 3.398825000);(-0.075054510, 1.665560000, 0.058916640);0,5079939;1,492025;;;3,496788;2,027669;3,398825
0,4111111;0,509196028;0,07627454;(3.534151000, 1.978149000, 3.354445000);(-0.074974600, 1.665380000, 0.058586140);0,5805045;1,420029;;;3,534151;1,978149;3,354445
0,4222222;0,583214568;0,07401854;(3.573453000, 1.936501000, 3.307546000);(-0.074824380, 1.665211000, 0.058369830);0,6533967;1,348179;;;3,573453;1,936501;3,307546
0,4333333;0,656528298;0,07331373;(3.614043000, 1.899495000, 3.258987000);(-0.074729200, 1.665071000, 0.058133920);0,7264067;1,276127;;;3,614043;1,899495;3,258987
0,4444444;0,740134218;0,08360592;(3.658858000, 1.853469000, 3.205480000);(-0.074568820, 1.664891000, 0.057867720);0,8092763;1,195186;;;3,658858;1,853469;3,20548
0,4555556;0,821022848;0,08088863;(3.703635000, 1.812622000, 3.151911000);(-0.074294090, 1.664686000, 0.057667750);0,8899735;1,116169;;;3,703635;1,812622;3,151911
0,4666667;0,902488468;0,08146562;(3.750709000, 1.777539000, 3.095433000);(-0.074138540, 1.664559000, 0.057376550);0,9714264;1,035551;;;3,750709;1,777539;3,095433
0,4777778;0,980057318;0,07756885;(3.795413000, 1.743730000, 3.041809000);(-0.073934080, 1.664462000, 0.057172550);1,048991;0,9589957;;;3,795413;1,74373;3,041809
0,4888889;1,060346738;0,08028942;(3.842215000, 1.710583000, 2.985620000);(-0.073804870, 1.664230000, 0.057084720);1,129232;0,8795979;;;3,842215;1,710583;2,98562
0,5;1,139859598;0,07951286;(3.887118000, 1.672997000, 2.931831000);(-0.073594900, 1.664042000, 0.056922570);1,208703;0,8022389;;;3,887118;1,672997;2,931831
0,5111111;1,211895768;0,07203617;(3.923636000, 1.628647000, 2.888371000);(-0.073503400, 1.663877000, 0.056774300);1,279354;0,7369014;;;3,923636;1,628647;2,888371
0,5222223;1,283954228;0,07205846;(3.962438000, 1.589413000, 2.842030000);(-0.073326990, 1.663587000, 0.056568910);1,351048;0,6701503;;;3,962438;1,589413;2,84203
0,5333334;1,357595078;0,07364085;(4.001893000, 1.548825000, 2.794924000);(-0.072978080, 1.663400000, 0.056126130);1,424297;0,6034573;;;4,001893;1,548825;2,794924
0,5444446;1,444301238;0,08670616;(4.046701000, 1.497247000, 2.741540000);(-0.072720630, 1.663089000, 0.055930630);1,510038;0,5297907;;;4,046701;1,497247;2,74154
1,033335;1,980747038;0,5364458;(4.385455000, 1.428449000, 2.331312000);(-0.063946250, 1.662156000, 0.052842690);2,020448;0,04777576;;;4,385455;1,428449;2,331312
1,044446;1,948829798;0,03191724;(4.391592000, 1.458709000, 2.323229000);(-0.063909900, 1.662195000, 0.052931560);2,018331;0,02162393;;;4,391592;1,458709;2,323229
1,055557;1,927502878;0,02132692;(4.388775000, 1.479637000, 2.326220000);(-0.063959420, 1.662180000, 0.052991940);2,006808;0,009361858;;;4,388775;1,479637;2,32622
1,066668;1,913762048;0,01374083;(4.380717000, 1.474543000, 2.336116000);(-0.064071640, 1.662193000, 0.053070500);1,996802;0,004379048;;;4,380717;1,474543;2,336116
1,077779;1,936899298;0,02313725;(4.378272000, 1.451794000, 2.339558000);(-0.064154030, 1.662193000, 0.053087010);2,001404;0,02572596;;;4,378272;1,451794;2,339558
1,08889;1,947880348;0,01098105;(4.377069000, 1.441010000, 2.341243000);(-0.064232500, 1.662183000, 0.053053540);2,003611;0,03663304;;;4,377069;1,44101;2,341243
1,100002;1,937569958;0,01031039;(4.370727000, 1.438578000, 2.349000000);(-0.064316760, 1.662216000, 0.053035150);1,995305;0,04273998;;;4,370727;1,438578;2,349
1,111113;1,931784927;0,005785031;(4.367289000, 1.440712000, 2.353134000);(-0.064440560, 1.662243000, 0.053091870);1,989521;0,04380462;;;4,367289;1,440712;2,353134
1,122224;1,918131257;0,01365367;(4.366152000, 1.454274000, 2.354235000);(-0.064531300, 1.662286000, 0.053028840);1,982858;0,03499892;;;4,366152;1,454274;2,354235
1,133335;1,943101067;0,02496981;(4.372504000, 1.476991000, 2.346046000);(-0.064626720, 1.662366000, 0.053063820);1,983922;0,01698207;;;4,372504;1,476991;2,346046
1,144446;1,923898957;0,01920211;(4.376374000, 1.495101000, 2.340969000);(-0.064725770, 1.662511000, 0.053147690);1,983243;0,02170936;;;4,376374;1,495101;2,340969
1,155557;1,914215622;0,009683335;(4.372485000, 1.502702000, 2.345538000);(-0.064808520, 1.662603000, 0.053219960);1,974912;0,03130814;;;4,372485;1,502702;2,345538
1,166668;1,887013102;0,02720252;(4.359377000, 1.485299000, 2.361826000);(-0.064726140, 1.662688000, 0.053251100);1,961778;0,03858859;;;4,359377;1,485299;2,361826
1,17778;1,875658492;0,01135461;(4.353343000, 1.479225000, 2.369284000);(-0.064791190, 1.662802000, 0.053288300);1,955134;0,0471808;;;4,353343;1,479225;2,369284
1,211113;1,856480692;0,0191778;(4.355041000, 1.498170000, 2.366830000);(-0.065018820, 1.663213000, 0.053420050);1,950891;0,04930003;;;4,355041;1,49817;2,36683
1,222224;1,874229012;0,01774832;(4.365314000, 1.505236000, 2.354200000);(-0.064958470, 1.663337000, 0.053438830);1,963505;0,04025729;;;4,365314;1,505236;2,3542
1,233335;1,887341882;0,01311287;(4.373647000, 1.504981000, 2.344079000);(-0.065005090, 1.663408000, 0.053450060);1,975837;0,03237462;;;4,373647;1,504981;2,344079
1,244446;1,896613162;0,00927128;(4.379363000, 1.502589000, 2.337182000);(-0.065062000, 1.663517000, 0.053526890);1,985058;0,02706442;;;4,379363;1,502589;2,337182
1,255558;1,890340683;0,006272479;(4.376796000, 1.497856000, 2.340400000);(-0.065095810, 1.663581000, 0.053536790);1,982911;0,02385128;;;4,376796;1,497856;2,3404
