time;total distance traveled;distance to prev position;ray position;hmd position;distance to prev target;distance to current target
(-0.162062300, 1.364521000, 5.029587000);(1.526455000, 2.369859000, 4.657827000);0,04444445;0,2777778

0;-0,003371127;0,003371127;(-0.168818600, 1.366938000, 5.031085000);(-0.216582200, 1.670043000, 0.051173420);0,007330344;2,004776;;;-0,1688186;1,366938;5,031085
0,01111111;0,012956593;0,01632772;(-0.153661600, 1.372005000, 5.027741000);(-0.216495300, 1.670234000, 0.051343290);0,01140129;1,988804;;;-0,1536616;1,372005;5,027741
0,02222222;0,034014703;0,02105811;(-0.133824400, 1.377551000, 5.023363000);(-0.216437400, 1.670253000, 0.051518590);0,03171584;1,968456;;;-0,1338244;1,377551;5,023363
0,03333334;0,044208733;0,01019403;(-0.124818400, 1.381895000, 5.021378000);(-0.216392000, 1.670295000, 0.051638220);0,04190878;1,958302;;;-0,1248184;1,381895;5,021378
0,04444445;0,035442765;0,008765968;(-0.133377400, 1.381910000, 5.023272000);(-0.216347700, 1.670323000, 0.051767380);0,03413342;1,965868;;;-0,1333774;1,38191;5,023272
0,05555556;0,017012725;0,01843004;(-0.147654700, 1.370686000, 5.026410000);(-0.216310700, 1.670309000, 0.051805590);0,01599004;1,984148;;;-0,1476547;1,370686;5,02641
0,06666667;0,006298775;0,01071395;(-0.153829900, 1.362036000, 5.027761000);(-0.216280800, 1.670332000, 0.051821500);0,008791075;1,99397;;;-0,1538299;1,362036;5,027761
0,07777778;0,019139105;0,01284033;(-0.155756000, 1.349347000, 5.028164000);(-0.216202100, 1.670350000, 0.051872940);0,01649357;2,002105;;;-0,155756;1,349347;5,028164
0,08888889;0,026788886;0,007649781;(-0.149554900, 1.345086000, 5.026784000);(-0.215972600, 1.670377000, 0.051960800);0,02328144;1,998824;;;-0,1495549;1,345086;5,026784
0,1;0,039464846;0,01267596;(-0.137583700, 1.348309000, 5.024142000);(-0.215844600, 1.670384000, 0.052077290);0,02986103;1,986649;;;-0,1375837;1,348309;5,024142
0,1111111;0,056267106;0,01680226;(-0.131204700, 1.363791000, 5.022758000);(-0.215768400, 1.670413000, 0.052046980);0,03161259;1,973115;;;-0,1312047;1,363791;5,022758
0,1222222;0,076174006;0,0199069;(-0.132613400, 1.383645000, 5.023106000);(-0.215708600, 1.670423000, 0.052092310);0,03570691;1,96432;;;-0,1326134;1,383645;5,023106
0,1333333;0,071552625;0,004621381;(-0.135554700, 1.387149000, 5.023763000);(-0.215721600, 1.670479000, 0.052107240);0,03533538;1,965173;;;-0,1355547;1,387149;5,023763
0,1444445;0,062520989;0,009031636;(-0.135217000, 1.378124000, 5.023672000);(-0.215653800, 1.670515000, 0.052161660);0,03067085;1,969399;;;-0,135217;1,378124;5,023672
0,1555556;0,042418989;0,020102;(-0.134287000, 1.358045000, 5.023430000);(-0.215611400, 1.670529000, 0.052199990);0,02917732;1,978761;;;-0,134287;1,358045;5,02343
0,1666667;0,047125806;0,004706817;(-0.135243000, 1.353441000, 5.023633000);(-0.215578100, 1.670664000, 0.052181570);0,02962253;1,981959;;;-0,135243;1,353441;5,023633
0,1777778;0,040294168;0,006831638;(-0.141171700, 1.356569000, 5.024950000);(-0.215491500, 1.670714000, 0.052250890);0,02282865;1,985576;;;-0,1411717;1,356569;5,02495
0,1888889;0,032689258;0,00760491;(-0.147767100, 1.360060000, 5.026416000);(-0.215426100, 1.670766000, 0.052275750);0,01530706;1,989616;;;-0,1477671;1,36006;5,026416
0,2;0,024964540;0,007724718;(-0.150805000, 1.367129000, 5.027101000);(-0.215342200, 1.670764000, 0.052308890);0,01181998;1,988726;;;-0,150805;1,367129;5,027101
0,2111111;0,037180110;0,01221557;(-0.140768900, 1.373734000, 5.024892000);(-0.215227800, 1.670803000, 0.052381840);0,02367119;1,976521;;;-0,1407689;1,373734;5,024892
0,2222222;0,046445758;0,009265648;(-0.132246500, 1.376846000, 5.023012000);(-0.215133800, 1.670812000, 0.052419990);0,03292594;1,967416;;;-0,1322465;1,376846;5,023012
0,2333333;0,059044698;0,01259894;(-0.120286000, 1.373905000, 5.020360000);(-0.214998500, 1.670817000, 0.052477030);0,04380001;1,958344;;;-0,120286;1,373905;5,02036
0,2444444;0,066687994;0,007643296;(-0.113939400, 1.369886000, 5.018950000);(-0.214835100, 1.670873000, 0.052511330);0,04957573;1,954801;;;-0,1139394;1,369886;5,01895
0,2555556;0,075835116;0,009147122;(-0.106172500, 1.365373000, 5.017223000);(-0.214663400, 1.670930000, 0.052548650);0,05724739;1,950289;;;-0,1061725;1,365373;5,017223
0,2666667;0,088009676;0,01217456;(-0.095168950, 1.369984000, 5.014796000);(-0.214539600, 1.671015000, 0.052528020);0,06872641;1,938257;;;-0,09516895;1,369984;5,014796
0,2777778;0,104887536;0,01687786;(-0.080541770, 1.377764000, 5.011575000);(-0.214307800, 1.671156000, 0.052610220);0,08453046;1,921413;;;-0,08054177;1,377764;5,011575
0,2888889;0,125347226;0,02045969;(-0.062648640, 1.386868000, 5.007632000);(-0.214121100, 1.671259000, 0.052663240);0,1042328;1,901022;;;-0,06264864;1,386868;5,007632
0,3;0,156606896;0,03125967;(-0.034870450, 1.399832000, 5.001510000);(-0.213818500, 1.671435000, 0.052785130);0,1349553;1,869975;;;-0,03487045;1,399832;5,00151
0,3111111;0,185015666;0,02840877;(-0.009519570, 1.411372000, 4.995922000);(-0.213552900, 1.671594000, 0.052877930);0,1630876;1,841799;;;-0,00951957;1,411372;4,995922
0,3222222;0,204961486;0,01994582;(0.009040724, 1.417420000, 4.991827000);(-0.213223800, 1.671796000, 0.053028580);0,183031;1,822427;;;0,009040724;1,41742;4,991827
0,3333333;0,220521876;0,01556039;(0.024208490, 1.418320000, 4.988472000);(-0.212893500, 1.671871000, 0.053113730);0,1981959;1,808728;;;0,02420849;1,41832;4,988472
0,3444445;0,242635266;0,02211339;(0.044560480, 1.425713000, 4.983983000);(-0.212482500, 1.671975000, 0.053227390);0,220266;1,787121;;;0,04456048;1,425713;4,983983
0,3555556;0,285995946;0,04336068;(0.080740640, 1.448245000, 4.976019000);(-0.212020300, 1.672062000, 0.053233860);0,2623596;1,743762;;;0,08074064;1,448245;4,976019
0,3666667;0,335218526;0,04922258;(0.124173300, 1.469337000, 4.966447000);(-0.211560200, 1.672210000, 0.053213150);0,3112938;1,694869;;;0,1241733;1,469337;4,966447
0,3777778;0,408448826;0,0732303;(0.192125900, 1.492148000, 4.951455000);(-0.211085700, 1.672294000, 0.053209570);0,384503;1,623893;;;0,1921259;1,492148;4,951455
0,3888889;0,458251996;0,04980317;(0.237911400, 1.508942000, 4.941355000);(-0.210598200, 1.672377000, 0.053185790);0,4343055;1,575408;;;0,2379114;1,508942;4,941355
0,4;0,513702916;0,05545092;(0.287169400, 1.531977000, 4.930499000);(-0.210148000, 1.672430000, 0.053157480);0,48956;1,5206;;;0,2871694;1,531977;4,930499
0,4111111;0,563829356;0,05012644;(0.330378100, 1.555537000, 4.920982000);(-0.209686100, 1.672470000, 0.053116440);0,53924;1,470704;;;0,3303781;1,555537;4,920982
0,4222222;0,623260586;0,05943123;(0.374939300, 1.593623000, 4.911192000);(-0.209184100, 1.672598000, 0.053062110);0,5957146;1,411639;;;0,3749393;1,593623;4,911192
0,4333333;0,699310716;0,07605013;(0.428980800, 1.645800000, 4.899329000);(-0.208669600, 1.672764000, 0.052955600);0,6673955;1,3368;;;0,4289808;1,6458;4,899329
0,4444444;0,766472706;0,06716199;(0.488213800, 1.674641000, 4.886276000);(-0.208083000, 1.672745000, 0.052878230);0,7345552;1,270221;;;0,4882138;1,674641;4,886276
0,4555556;0,838539146;0,07206644;(0.557811600, 1.685280000, 4.870897000);(-0.207485100, 1.672670000, 0.052788880);0,8039201;1,205121;;;0,5578116;1,68528;4,870897
0,4666667;0,905423936;0,06688479;(0.622110500, 1.697005000, 4.856693000);(-0.206999300, 1.672880000, 0.052696080);0,8691172;1,144604;;;0,6221105;1,697005;4,856693
0,4777778;0,986111236;0,0806873;(0.693850800, 1.730378000, 4.840881000);(-0.206473900, 1.672931000, 0.052562510);0,9497622;1,06568;;;0,6938508;1,730378;4,840881
0,4888889;1,063544556;0,07743332;(0.755245200, 1.775592000, 4.827379000);(-0.205936400, 1.673046000, 0.052575200);1,025339;0,9882636;;;0,7552452;1,775592;4,827379
0,5;1,147946746;0,08440219;(0.815843600, 1.832816000, 4.814075000);(-0.205393300, 1.673205000, 0.052505110);1,105462;0,9043211;;;0,8158436;1,832816;4,814075
0,5111111;1,228079046;0,0801323;(0.876696700, 1.883207000, 4.800703000);(-0.204872600, 1.673394000, 0.052432780);1,183403;0,8242748;;;0,8766967;1,883207;4,800703
0,5222223;1,299502876;0,07142383;(0.938171500, 1.916954000, 4.787163000);(-0.204303300, 1.673637000, 0.052371770);1,254778;0,7536095;;;0,9381715;1,916954;4,787163
0,5333334;1,355250346;0,05574747;(0.989360500, 1.935928000, 4.775873000);(-0.203741300, 1.673793000, 0.052337590);1,31021;0,7005004;;;0,9893605;1,935928;4,775873
0,5444446;1,406240276;0,05098993;(1.033876000, 1.958779000, 4.766065000);(-0.203117800, 1.673947000, 0.052212060);1,361196;0,6506428;;;1,033876;1,958779;4,766065
0,5555557;1,448897376;0,0426571;(1.070534000, 1.979043000, 4.757991000);(-0.202465600, 1.673897000, 0.052118570);1,403814;0,608797;;;1,070534;1,979043;4,757991
0,5666668;1,494363006;0,04546563;(1.109391000, 2.001044000, 4.749434000);(-0.201774500, 1.674047000, 0.051848620);1,449221;0,5642328;;;1,109391;2,001044;4,749434
0,577778;1,547099746;0,05273674;(1.153487000, 2.028292000, 4.739727000);(-0.201196800, 1.674038000, 0.051631540);1,501759;0,5123284;;;1,153487;2,028292;4,739727
0,5888891;1,612457116;0,06535737;(1.204925000, 2.066993000, 4.728417000);(-0.200703900, 1.674050000, 0.051542430);1,56615;0,4473161;;;1,204925;2,066993;4,728417
0,6000003;1,676490286;0,06403317;(1.252928000, 2.108039000, 4.717870000);(-0.200154000, 1.674055000, 0.051391870);1,628553;0,3833689;;;1,252928;2,108039;4,71787
0,6111114;1,737379616;0,06088933;(1.289756000, 2.155853000, 4.709809000);(-0.199634700, 1.674101000, 0.051263240);1,684114;0,323306;;;1,289756;2,155853;4,709809
0,6222225;1,780660276;0,04328066;(1.310542000, 2.193545000, 4.705278000);(-0.199122200, 1.674209000, 0.051160250);1,720761;0,2827663;;;1,310542;2,193545;4,705278
0,6333337;1,808342216;0,02768194;(1.330328000, 2.212410000, 4.700934000);(-0.198566000, 1.674353000, 0.051052270);1,747615;0,2551743;;;1,330328;2,21241;4,700934
0,6444448;1,842058746;0,03371653;(1.360440000, 2.226050000, 4.694297000);(-0.197925000, 1.674594000, 0.051125350);1,781197;0,2226476;;;1,36044;2,22605;4,694297
0,655556;1,872249736;0,03019099;(1.389352000, 2.231947000, 4.687911000);(-0.197391200, 1.674704000, 0.051044080);1,809988;0,1967786;;;1,389352;2,231947;4,687911
0,6666671;1,907776376;0,03552664;(1.418447000, 2.251302000, 4.681509000);(-0.196836000, 1.674875000, 0.050921110);1,845413;0,1621175;;;1,418447;2,251302;4,681509
0,6777782;1,938912176;0,0311358;(1.435677000, 2.276961000, 4.677743000);(-0.196264600, 1.674885000, 0.050885680);1,873263;0,1314045;;;1,435677;2,276961;4,677743
0,6888894;1,971968676;0,0330565;(1.435895000, 2.310017000, 4.677755000);(-0.195580200, 1.674785000, 0.050803100);1,889766;0,1103599;;;1,435895;2,310017;4,677755
0,7000005;2,006187366;0,03421869;(1.439503000, 2.344037000, 4.677018000);(-0.195129800, 1.674677000, 0.050628960);1,910175;0,09271318;;;1,439503;2,344037;4,677018
0,7111117;2,038768376;0,03258101;(1.456207000, 2.371772000, 4.673372000);(-0.194673800, 1.674784000, 0.050477360);1,939133;0,07197292;;;1,456207;2,371772;4,673372
0,7222228;2,066455366;0,02768699;(1.471936000, 2.394296000, 4.669933000);(-0.194324100, 1.674713000, 0.050333380);1,964621;0,06095969;;;1,471936;2,394296;4,669933
0,7333339;2,069628064;0,003172698;(1.473853000, 2.396789000, 4.669514000);(-0.193992000, 1.674679000, 0.050311920);1,9676;0,06023943;;;1,473853;2,396789;4,669514
0,7444451;2,079614588;0,009986524;(1.476288000, 2.406460000, 4.668992000);(-0.193683100, 1.674761000, 0.050308850);1,974806;0,06309517;;;1,476288;2,40646;4,668992
0,7555562;2,070647194;0,008967394;(1.470018000, 2.412717000, 4.670391000);(-0.193351000, 1.674749000, 0.050105360);1,972669;0,07197033;;;1,470018;2,412717;4,670391
0,7666674;2,081787094;0,0111399;(1.464974000, 2.422584000, 4.671525000);(-0.192916800, 1.674835000, 0.049852760);1,973564;0,08214306;;;1,464974;2,422584;4,671525
0,7777785;2,062883224;0,01890387;(1.447706000, 2.429253000, 4.675357000);(-0.192576700, 1.674834000, 0.049645810);1,962266;0,100182;;;1,447706;2,429253;4,675357
0,7888896;2,045886004;0,01699722;(1.432780000, 2.421817000, 4.678646000);(-0.192331700, 1.674965000, 0.049479930);1,945393;0,1091244;;;1,43278;2,421817;4,678646
0,8000008;2,041116878;0,004769126;(1.433002000, 2.417053000, 4.678588000);(-0.192082400, 1.674969000, 0.049245690);1,943001;0,1067326;;;1,433002;2,417053;4,678588
0,8111119;2,061325048;0,02020817;(1.452733000, 2.416963000, 4.674223000);(-0.191950100, 1.675194000, 0.048997610);1,95997;0,08900911;;;1,452733;2,416963;4,674223
0,8222231;2,088299438;0,02697439;(1.477403000, 2.426417000, 4.668782000);(-0.191738600, 1.675305000, 0.048749240);1,986366;0,0756633;;;1,477403;2,426417;4,668782
0,8333342;2,111132548;0,02283311;(1.496861000, 2.437569000, 4.664496000);(-0.191398100, 1.675543000, 0.048365500);2,009167;0,0741949;;;1,496861;2,437569;4,664496
0,8444453;2,127730228;0,01659768;(1.508555000, 2.449065000, 4.661930000);(-0.191130800, 1.675651000, 0.048075170);2,02543;0,08130702;;;1,508555;2,449065;4,66193
0,8555565;2,117953185;0,009777043;(1.499117000, 2.450528000, 4.664021000);(-0.190856300, 1.675716000, 0.047795980);2,01806;0,08540093;;;1,499117;2,450528;4,664021
0,8666676;2,101486325;0,01646686;(1.486793000, 2.439948000, 4.666729000);(-0.190638300, 1.675658000, 0.047435190);2,001732;0,08102395;;;1,486793;2,439948;4,666729
0,8777788;2,088317675;0,01316865;(1.474795000, 2.435209000, 4.669374000);(-0.190355200, 1.675737000, 0.047124300);1,988825;0,0841001;;;1,474795;2,435209;4,669374
0,8888899;2,076933545;0,01138413;(1.463698000, 2.434536000, 4.671828000);(-0.190108600, 1.675808000, 0.046827410);1,978894;0,09120062;;;1,463698;2,434536;4,671828
0,900001;2,064652255;0,01228129;(1.452114000, 2.431360000, 4.674386000);(-0.189884000, 1.675893000, 0.046552630);1,967201;0,09789375;;;1,452114;2,43136;4,674386
0,9111122;2,072847887;0,008195632;(1.459511000, 2.434489000, 4.672755000);(-0.189531800, 1.675826000, 0.046406720);1,975262;0,09424092;;;1,459511;2,434489;4,672755
0,9222233;2,081647842;0,008799955;(1.468102000, 2.434616000, 4.670855000);(-0.189254300, 1.676022000, 0.046199410);1,982733;0,08813722;;;1,468102;2,434616;4,670855
0,9333345;2,097935212;0,01628737;(1.480901000, 2.424954000, 4.668005000);(-0.189018400, 1.676048000, 0.045949310);1,988615;0,07220947;;;1,480901;2,424954;4,668005
0,9444456;2,109636782;0,01170157;(1.492211000, 2.423298000, 4.665500000);(-0.188795100, 1.676066000, 0.045678700);1,997546;0,06393177;;;1,492211;2,423298;4,6655
0,9555568;2,116070585;0,006433803;(1.497806000, 2.426226000, 4.664268000);(-0.188808700, 1.676438000, 0.045867290);2,003956;0,06355724;;;1,497806;2,426226;4,664268
0,9666679;2,121498096;0,005427511;(1.499704000, 2.431294000, 4.663857000);(-0.188158800, 1.676516000, 0.045227560);2,008291;0,06727798;;;1,499704;2,431294;4,663857
0,977779;2,119103298;0,002394798;(1.497369000, 2.431158000, 4.664373000);(-0.187851700, 1.676457000, 0.044853420);2,006193;0,06816474;;;1,497369;2,431158;4,664373
0,9888902;2,108329668;0,01077363;(1.490480000, 2.423013000, 4.665882000);(-0.187627200, 1.676665000, 0.044864620);1,995892;0,06468726;;;1,49048;2,423013;4,665882
1,000001;2,099495496;0,008834172;(1.487011000, 2.414924000, 4.666635000);(-0.187311800, 1.676700000, 0.044581790);1,988598;0,06053337;;;1,487011;2,414924;4,666635
1,011112;2,085343706;0,01415179;(1.493612000, 2.402494000, 4.665153000);(-0.187106700, 1.677115000, 0.044496310);1,987828;0,04687627;;;1,493612;2,402494;4,665153
1,022224;2,105683046;0,02033934;(1.512775000, 2.397163000, 4.660903000);(-0.186863100, 1.677188000, 0.044259920);2,001838;0,03069406;;;1,512775;2,397163;4,660903
1,033335;2,121801156;0,01611811;(1.528261000, 2.400039000, 4.657482000);(-0.186753900, 1.677109000, 0.044127180);2,016916;0,03023617;;;1,528261;2,400039;4,657482
1,044446;2,137481496;0,01568034;(1.534246000, 2.414474000, 4.656184000);(-0.186322300, 1.677547000, 0.043669540);2,029604;0,04532016;;;1,534246;2,414474;4,656184
1,055557;2,127061436;0,01042006;(1.524222000, 2.416257000, 4.658405000);(-0.186059100, 1.677644000, 0.043428910);2,021752;0,04645544;;;1,524222;2,416257;4,658405
1,066668;2,119142795;0,007918641;(1.518765000, 2.410645000, 4.659602000);(-0.185722800, 1.677846000, 0.042802410);2,014062;0,0415433;;;1,518765;2,410645;4,659602
1,077779;2,114366363;0,004776432;(1.516825000, 2.406301000, 4.660024000);(-0.185447100, 1.677957000, 0.042488290);2,010111;0,03775705;;;1,516825;2,406301;4,660024
1,08889;2,110104203;0,00426216;(1.512947000, 2.404753000, 4.660879000);(-0.185173600, 1.677835000, 0.042571740);2,005913;0,03754139;;;1,512947;2,404753;4,660879
1,100002;2,098730783;0,01137342;(1.505106000, 2.396696000, 4.662599000);(-0.184897300, 1.677898000, 0.042314540);1,994872;0,03462315;;;1,505106;2,396696;4,662599
1,111113;2,111835493;0,01310471;(1.512215000, 2.385802000, 4.661006000);(-0.184455500, 1.677926000, 0.041946960);1,995512;0,02161229;;;1,512215;2,385802;4,661006
1,122224;2,121591847;0,009756354;(1.520407000, 2.380828000, 4.659185000);(-0.184398100, 1.678031000, 0.042047460);2,000195;0,01259895;;;1,520407;2,380828;4,659185
1,133335;2,157151927;0,03556008;(1.555100000, 2.382275000, 4.651512000);(-0.184167300, 1.678087000, 0.041849090);2,031602;0,03185207;;;1,5551;2,382275;4,651512
1,144446;2,167122943;0,009971016;(1.564579000, 2.384550000, 4.649419000);(-0.183942200, 1.678118000, 0.041676300);2,041146;0,04171318;;;1,564579;2,38455;4,649419
1,155557;2,159085313;0,00803763;(1.556917000, 2.386283000, 4.651117000);(-0.183682100, 1.678144000, 0.041528660);2,035222;0,03525226;;;1,556917;2,386283;4,651117
1,166668;2,146562523;0,01252279;(1.545108000, 2.389528000, 4.653735000);(-0.183694900, 1.678199000, 0.041763800);2,026409;0,02741472;;;1,545108;2,389528;4,653735
1,17778;2,139672424;0,006890099;(1.539169000, 2.392762000, 4.655056000);(-0.183434000, 1.678268000, 0.041686070);2,022806;0,02634195;;;1,539169;2,392762;4,655056
1,188891;2,124305284;0,01536714;(1.524356000, 2.395198000, 4.658338000);(-0.183206200, 1.678258000, 0.041562040);2,011002;0,02543151;;;1,524356;2,395198;4,658338
1,200002;2,099242824;0,02506246;(1.501420000, 2.386454000, 4.663396000);(-0.182961400, 1.678327000, 0.041493130);1,986357;0,03054771;;;1,50142;2,386454;4,663396
1,211113;2,081719804;0,01752302;(1.490750000, 2.372751000, 4.665732000);(-0.182460400, 1.678191000, 0.041464940);1,969951;0,03668405;;;1,49075;2,372751;4,665732
