time;total distance traveled;distance to prev position;controller position;controller rotation;camera position;tracker distance to hmd;distance to prev target;distance to current target
(-0.039918540, 0.804649800, 4.962798000);(-1.872810000, 1.585434000, 4.787054000)

0;-0,0003360622;0,0003360622;(-0.093105500, 1.229406000, 0.617605000);(5.57, 0.42, 63.30);(-0.218034200, 1.660766000, 0.072156190);0,706536100;4,366228;4,547352;;;-0,0931055;1,229406;0,617605
0,01111111;-0,0005509654;0,0002149032;(-0.093317410, 1.229374000, 0.617620800);(5.49, 0.31, 63.32);(-0.217913800, 1.660904000, 0.072259160);0,706513700;4,366212;4,547256;;;-0,09331741;1,229374;0,6176208
0,02222222;-0,0007484486;0,0001974832;(-0.093478460, 1.229261000, 0.617637800);(5.51, 0.26, 63.28);(-0.217636000, 1.660585000, 0.072121680);0,706429800;4,366186;4,547187;;;-0,09347846;1,229261;0,6176378
0,03333334;-0,0003647439;0,0003837047;(-0.093830570, 1.229413000, 0.617624200);(5.63, 0.28, 63.14);(-0.217762100, 1.660515000, 0.072216180);0,706171000;4,366219;4,54705;;;-0,09383057;1,229413;0,6176242
0,04444445;-0,0006832837;0,0003185398;(-0.093962940, 1.229698000, 0.617674200);(5.62, 0.24, 63.12);(-0.217871500, 1.660441000, 0.072326390);0,705901600;4,366199;4,54693;;;-0,09396294;1,229698;0,6176742
0,05555556;-0,0009784939;0,0002952102;(-0.094011750, 1.229971000, 0.617777300);(5.55, 0.11, 63.20);(-0.217985300, 1.660298000, 0.072388230);0,705691500;4,366123;4,546795;;;-0,09401175;1,229971;0,6177773
0,06666667;-0,0013319327;0,0003534388;(-0.093795150, 1.230174000, 0.617969300);(5.45, 0.03, 63.33);(-0.218212000, 1.660274000, 0.072258590);0,705879400;4,365949;4,546688;;;-0,09379515;1,230174;0,6179693
0,07777778;-0,0017734816;0,0004415489;(-0.093479720, 1.230277000, 0.618260300);(5.39, 0.19, 63.13);(-0.218205400, 1.660065000, 0.072341290);0,705904800;4,365665;4,546536;;;-0,09347972;1,230277;0,6182603
0,08888889;-0,0021029342;0,0003294526;(-0.093197100, 1.230385000, 0.618390600);(5.42, 0.46, 62.87);(-0.218096200, 1.660226000, 0.072435230);0,705995900;4,365543;4,546519;;;-0,0931971;1,230385;0,6183906
0,1;-0,0023508817;0,0002479475;(-0.093088440, 1.230431000, 0.618608700);(5.45, 0.64, 62.82);(-0.218180700, 1.660135000, 0.072469770);0,706088300;4,365329;4,546358;;;-0,09308844;1,230431;0,6186087
0,1111111;-0,0025234255;0,0001725438;(-0.093178560, 1.230526000, 0.618721700);(5.40, 0.71, 62.94);(-0.218181500, 1.660139000, 0.072576910);0,706022500;4,365227;4,546212;;;-0,09317856;1,230526;0,6187217
0,1222222;-0,0021944911;0,0003289344;(-0.093480430, 1.230656000, 0.618711800);(5.31, 0.61, 63.14);(-0.218176800, 1.660134000, 0.072659490);0,705814400;4,365253;4,546092;;;-0,09348043;1,230656;0,6187118
0,1333333;-0,0023721644;0,0001776733;(-0.093639530, 1.230731000, 0.618737000);(5.29, 0.46, 63.19);(-0.218147000, 1.660179000, 0.072749290);0,705712400;4,365237;4,546001;;;-0,09363953;1,230731;0,618737
0,1444445;-0,0022411385;0,0001310259;(-0.093627800, 1.230842000, 0.618668900);(5.30, 0.32, 63.11);(-0.218179900, 1.660131000, 0.072803680);0,705529100;4,365316;4,54606;;;-0,0936278;1,230842;0,6186689
0,1555556;-0,00229519528;0,00005405678;(-0.093584520, 1.230821000, 0.618693100);(5.33, 0.29, 62.95);(-0.218224800, 1.660138000, 0.072879580);0,705521600;4,365289;4,546056;;;-0,09358452;1,230821;0,6186931
0,1666667;-0,00248636778;0,0001911725;(-0.093495990, 1.230982000, 0.618745000);(5.39, 0.32, 62.77);(-0.218224400, 1.660166000, 0.073010710);0,705395000;4,365252;4,546031;;;-0,09349599;1,230982;0,618745
0,1777778;-0,00281693358;0,0003305658;(-0.093485410, 1.231077000, 0.619061400);(5.39, 0.35, 62.88);(-0.218331400, 1.660197000, 0.073027070);0,705609100;4,364946;4,545737;;;-0,09348541;1,231077;0,6190614
0,1888889;-0,00302914838;0,0002122148;(-0.093386550, 1.231247000, 0.619140700);(5.29, 0.36, 63.11);(-0.218369500, 1.660234000, 0.073103460);0,705554700;4,364883;4,54569;;;-0,09338655;1,231247;0,6191407
0,2;-0,00321902568;0,0001898773;(-0.093310320, 1.231377000, 0.619256800);(5.24, 0.28, 63.22);(-0.218356900, 1.660347000, 0.073127960);0,705626800;4,364779;4,545603;;;-0,09331032;1,231377;0,6192568
0,2111111;-0,00347391408;0,0002548884;(-0.093335430, 1.231628000, 0.619292100);(5.23, 0.26, 63.23);(-0.218556800, 1.660352000, 0.073061440);0,705586800;4,364769;4,545541;;;-0,09333543;1,231628;0,6192921
0,2222222;-0,00377647578;0,0003025617;(-0.093450000, 1.231888000, 0.619395600);(5.24, 0.34, 63.18);(-0.218593200, 1.660447000, 0.073092610);0,705528400;4,364693;4,545381;;;-0,09345;1,231888;0,6193956
0,2333333;-0,00311734208;0,0006591337;(-0.093946310, 1.232318000, 0.619339500);(5.19, 0.32, 63.22);(-0.218744300, 1.660452000, 0.073148940);0,705122400;4,364797;4,545205;;;-0,09394631;1,232318;0,6193395
0,2444444;-0,00220122998;0,0009161121;(-0.094685290, 1.232766000, 0.619035400);(5.04, 0.17, 63.63);(-0.218949700, 1.660482000, 0.073111300);0,704567700;4,365153;4,54516;;;-0,09468529;1,232766;0,6190354
0,2555556;-0,00033104698;0,001870183;(-0.096278410, 1.233730000, 0.618860400);(4.80, 359.93, 64.08);(-0.219134800, 1.660527000, 0.073151380);0,703596000;4,365442;4,544623;;;-0,09627841;1,23373;0,6188604
0,2666667;0,00209209402;0,002423141;(-0.098434950, 1.234781000, 0.618519500);(4.41, 359.38, 64.48);(-0.219366300, 1.660475000, 0.073195430);0,702294600;4,365912;4,544012;;;-0,09843495;1,234781;0,6185195
0,2777778;0,00383997602;0,001747882;(-0.099982620, 1.235560000, 0.618289500);(4.04, 358.57, 65.07);(-0.219293800, 1.660232000, 0.073180260);0,701231600;4,36624;4,543559;;;-0,09998262;1,23556;0,6182895
0,2888889;0,00689854702;0,003058571;(-0.102668700, 1.236965000, 0.617880800);(3.85, 358.10, 65.46);(-0.219377400, 1.660348000, 0.073152210);0,699716600;4,366823;4,542778;;;-0,1026687;1,236965;0,6178808
0,3;0,00977661302;0,002878066;(-0.105154800, 1.238403000, 0.617697400);(3.99, 357.53, 65.54);(-0.219523600, 1.660349000, 0.073117850);0,698344900;4,367184;4,541869;;;-0,1051548;1,238403;0,6176974
0,3111111;0,01354084102;0,003764228;(-0.108137400, 1.240686000, 0.617446100);(4.02, 357.17, 65.35);(-0.219699500, 1.660380000, 0.073068920);0,696373500;4,367707;4,540765;;;-0,1081374;1,240686;0,6174461
0,3222222;0,01732220002;0,003781359;(-0.111124300, 1.242989000, 0.617181500);(3.90, 356.93, 64.72);(-0.219760800, 1.660496000, 0.072835000);0,694569700;4,368249;4,539674;;;-0,1111243;1,242989;0,6171815
0,3333333;0,02317800702;0,005855807;(-0.115897900, 1.246362000, 0.616819700);(3.65, 356.59, 64.24);(-0.219941000, 1.660621000, 0.072837020);0,691631000;4,369029;4,537903;;;-0,1158979;1,246362;0,6168197
0,3444445;0,02822355202;0,005045545;(-0.120280500, 1.248821000, 0.616368200);(3.07, 356.09, 63.89);(-0.220042800, 1.660863000, 0.072842450);0,689312200;4,369805;4,53644;;;-0,1202805;1,248821;0,6163682
0,3555556;0,03403995202;0,0058164;(-0.125383200, 1.251542000, 0.615747800);(2.69, 355.50, 63.82);(-0.220001400, 1.660833000, 0.072955250);0,686363500;4,370797;4,53484;;;-0,1253832;1,251542;0,6157478
0,3666667;0,03962029302;0,005580341;(-0.130375700, 1.253953000, 0.615110600);(2.35, 354.71, 63.82);(-0.220068800, 1.661023000, 0.072958860);0,683871300;4,371778;4,533329;;;-0,1303757;1,253953;0,6151106
0,3777778;0,04595699202;0,006336699;(-0.136046600, 1.256675000, 0.614348600);(2.22, 353.94, 64.12);(-0.220098900, 1.661081000, 0.072900330);0,681010200;4,372938;4,531655;;;-0,1360466;1,256675;0,6143486
0,3888889;0,05250519002;0,006548198;(-0.141874500, 1.259560000, 0.613577800);(2.01, 353.12, 64.30);(-0.220036500, 1.661147000, 0.072477250);0,678359300;4,374135;4,529926;;;-0,1418745;1,25956;0,6135778
0,4;0,05904087902;0,006535689;(-0.147592000, 1.262581000, 0.612628300);(1.70, 352.34, 64.31);(-0.220026000, 1.661142000, 0.072191390);0,675403500;4,375531;4,528403;;;-0,147592;1,262581;0,6126283
0,4111111;0,06631929002;0,007278411;(-0.154049500, 1.265811000, 0.611711300);(1.38, 351.56, 64.28);(-0.219971100, 1.661183000, 0.072003040);0,672272100;4,376945;4,526564;;;-0,1540495;1,265811;0,6117113
0,4222222;0,07302013002;0,00670084;(-0.159987200, 1.268778000, 0.610795700);(1.14, 350.72, 63.94);(-0.219987500, 1.661409000, 0.071650270);0,669653800;4,378328;4,524949;;;-0,1599872;1,268778;0,6107957
0,4333333;0,08016901102;0,007148881;(-0.166212600, 1.272179000, 0.609907700);(0.99, 349.98, 63.65);(-0.220000900, 1.661475000, 0.071442130);0,666625500;4,379747;4,52318;;;-0,1662126;1,272179;0,6099077
0,4444444;0,08709334402;0,006924333;(-0.172279300, 1.275404000, 0.609047500);(0.76, 349.28, 63.50);(-0.220074900, 1.661588000, 0.071262150);0,663803900;4,381127;4,521467;;;-0,1722793;1,275404;0,6090475
0,4555556;0,09397321002;0,006879866;(-0.178235500, 1.278744000, 0.608210800);(0.33, 348.61, 63.54);(-0.220140500, 1.661739000, 0.071101130);0,661005300;4,382503;4,519775;;;-0,1782355;1,278744;0,6082108
0,4666667;0,10084538602;0,006872176;(-0.184182900, 1.282093000, 0.607409200);(359.80, 347.93, 63.73);(-0.220182600, 1.661879000, 0.070984240);0,658244300;4,383854;4,518064;;;-0,1841829;1,282093;0,6074092
0,4777778;0,10748201202;0,006636626;(-0.189983500, 1.285175000, 0.606462200);(359.36, 347.36, 63.93);(-0.219984900, 1.662043000, 0.070818930);0,655624400;4,385326;4,516571;;;-0,1899835;1,285175;0,6064622
0,4888889;0,11428969802;0,006807686;(-0.195971400, 1.288241000, 0.605419000);(359.11, 346.79, 63.79);(-0.220007700, 1.662125000, 0.070594340);0,652996600;4,386908;4,515106;;;-0,1959714;1,288241;0,605419
0,5;0,12063348702;0,006343789;(-0.201462700, 1.291081000, 0.603996100);(359.04, 346.24, 63.42);(-0.220002000, 1.662149000, 0.070383100);0,650214100;4,388834;4,514202;;;-0,2014627;1,291081;0,6039961
0,5111111;0,12700891302;0,006375426;(-0.207392500, 1.293131000, 0.602864000);(359.00, 345.67, 63.18);(-0.220030100, 1.662193000, 0.070126920);0,648209200;4,390409;4,512926;;;-0,2073925;1,293131;0,602864
0,5222223;0,13317975102;0,006170838;(-0.212889300, 1.295659000, 0.601650200);(359.08, 345.10, 62.76);(-0.219885200, 1.662087000, 0.069956150);0,645768800;4,392109;4,511863;;;-0,2128893;1,295659;0,6016502
0,5333334;0,13893902702;0,005759276;(-0.217979900, 1.298182000, 0.600706200);(359.13, 344.44, 62.64);(-0.219923800, 1.662182000, 0.069704440);0,643788200;4,393532;4,510708;;;-0,2179799;1,298182;0,6007062
0,5444446;0,14431058102;0,005371554;(-0.222592500, 1.300849000, 0.600025900);(358.91, 343.80, 62.73);(-0.219980000, 1.662272000, 0.069461820);0,641975100;4,394697;4,50948;;;-0,2225925;1,300849;0,6000259
0,5555557;0,14923350002;0,004922919;(-0.226898000, 1.303159000, 0.599424100);(358.40, 343.24, 63.09);(-0.220040900, 1.662347000, 0.069220990);0,640451700;4,395737;4,50832;;;-0,226898;1,303159;0,5994241
0,5666668;0,15403295802;0,004799458;(-0.231146200, 1.305304000, 0.598802900);(358.01, 342.81, 63.30);(-0.220180800, 1.662542000, 0.068730320);0,639309200;4,39678;4,507214;;;-0,2311462;1,305304;0,5988029
0,577778;0,15820329002;0,004170332;(-0.234691000, 1.307413000, 0.598188500);(357.82, 342.47, 63.41);(-0.220064300, 1.662741000, 0.068370640);0,638105500;4,397787;4,506365;;;-0,234691;1,307413;0,5981885
0,5888891;0,16327456902;0,005071279;(-0.239090800, 1.309913000, 0.597852300);(357.76, 342.34, 63.34);(-0.220120600, 1.662793000, 0.068079500);0,636823200;4,398603;4,504926;;;-0,2390908;1,309913;0,5978523
0,6000003;0,16724423902;0,00396967;(-0.242525800, 1.311805000, 0.597238500);(357.66, 342.20, 63.22);(-0.220189200, 1.662807000, 0.067826120);0,635593100;4,399587;4,504137;;;-0,2425258;1,311805;0,5972385
0,6111114;0,17146921202;0,004224973;(-0.246422800, 1.313349000, 0.596708000);(357.50, 341.92, 63.20);(-0.220261600, 1.662910000, 0.067575510);0,634711200;4,400473;4,503129;;;-0,2464228;1,313349;0,596708
0,6222225;0,17503078702;0,003561575;(-0.249675800, 1.314680000, 0.596134100);(357.33, 341.51, 63.36);(-0.220403900, 1.663019000, 0.067320670);0,633908700;4,40135;4,502408;;;-0,2496758;1,31468;0,5961341
0,6333337;0,17846064402;0,003429857;(-0.252801700, 1.315998000, 0.595627200);(357.26, 341.10, 63.51);(-0.220505100, 1.663104000, 0.067056300);0,633177200;4,402156;4,501675;;;-0,2528017;1,315998;0,5956272
0,6444448;0,18122260202;0,002761958;(-0.255329400, 1.317060000, 0.595294500);(357.29, 340.78, 63.48);(-0.220680100, 1.663181000, 0.066706210);0,632776400;4,402732;4,501012;;;-0,2553294;1,31706;0,5952945
0,655556;0,18385680702;0,002634205;(-0.257494400, 1.318527000, 0.594977300);(357.44, 340.67, 63.34);(-0.220807500, 1.663234000, 0.066398950);0,632110700;4,403325;4,500443;;;-0,2574944;1,318527;0,5949773
0,6666671;0,18647040502;0,002613598;(-0.259703800, 1.319914000, 0.594820500);(357.38, 340.67, 63.22);(-0.220944000, 1.663269000, 0.066096750);0,631619600;4,403752;4,499715;;;-0,2597038;1,319914;0,5948205
0,6777782;0,18912345102;0,002653046;(-0.262030300, 1.321181000, 0.594671700);(357.13, 340.62, 63.30);(-0.220896600, 1.663444000, 0.065844770);0,631263700;4,404165;4,498945;;;-0,2620303;1,321181;0,5946717
0,6888894;0,19187749102;0,00275404;(-0.264358100, 1.322652000, 0.594710400);(356.84, 340.45, 63.53);(-0.221043700, 1.663479000, 0.065555420);0,630907600;4,404417;4,49799;;;-0,2643581;1,322652;0,5947104
0,7000005;0,19392826102;0,00205077;(-0.266291100, 1.323318000, 0.594548900);(356.57, 340.26, 63.92);(-0.221027000, 1.663463000, 0.065287020);0,630766000;4,404754;4,497411;;;-0,2662911;1,323318;0,5945489
0,7111117;0,19603530202;0,002107041;(-0.268275500, 1.323983000, 0.594305400);(356.63, 340.04, 64.06);(-0.221148000, 1.663488000, 0.065009440);0,630586400;4,405177;4,496891;;;-0,2682755;1,323983;0,5943054
0,7222228;0,19761784102;0,001582539;(-0.269813200, 1.324250000, 0.594044000);(356.75, 339.83, 64.08);(-0.221283000, 1.663533000, 0.064728050);0,630589700;4,405548;4,49657;;;-0,2698132;1,32425;0,594044
0,7333339;0,19917840202;0,001560561;(-0.271203600, 1.324951000, 0.594148800);(357.03, 339.62, 63.93);(-0.221550100, 1.663806000, 0.064434200);0,630781600;4,405599;4,495937;;;-0,2712036;1,324951;0,5941488
0,7444451;0,20077238002;0,001593978;(-0.272610800, 1.325693000, 0.594045200);(357.10, 339.49, 63.77);(-0.221651800, 1.663996000, 0.064250740);0,630656700;4,405864;4,495489;;;-0,2726108;1,325693;0,5940452
0,7555562;0,20200999702;0,001237617;(-0.273653900, 1.326356000, 0.594106600);(357.06, 339.43, 63.79);(-0.221996600, 1.664029000, 0.063802510);0,630804000;4,405936;4,495022;;;-0,2736539;1,326356;0,5941066
0,7666674;0,20310200602;0,001092009;(-0.274595700, 1.326907000, 0.594146800);(356.86, 339.42, 63.94);(-0.222175000, 1.664165000, 0.063525470);0,630911700;4,406012;4,494618;;;-0,2745957;1,326907;0,5941468
0,7777785;0,20429372602;0,00119172;(-0.275668900, 1.327418000, 0.594061400);(356.71, 339.46, 64.15);(-0.222381400, 1.664275000, 0.063307910);0,630881100;4,406214;4,494287;;;-0,2756689;1,327418;0,5940614
0,7888896;0,20522817322;0,0009344472;(-0.276495900, 1.327853000, 0.594046400);(356.65, 339.42, 64.37);(-0.222563600, 1.664391000, 0.063071820);0,630951900;4,406325;4,493983;;;-0,2764959;1,327853;0,5940464
0,8000008;0,20621766992;0,0009894967;(-0.277437200, 1.328099000, 0.593866200);(356.59, 339.35, 64.53);(-0.222700700, 1.664561000, 0.062888530);0,630983500;4,406584;4,493802;;;-0,2774372;1,328099;0,5938662
0,8111119;0,20723619992;0,00101853;(-0.278362800, 1.328486000, 0.593689600);(356.61, 339.21, 64.58);(-0.222875500, 1.664609000, 0.062632890);0,630935000;4,406855;4,493617;;;-0,2783628;1,328486;0,5936896
0,8222231;0,20801451452;0,0007783146;(-0.279039700, 1.328722000, 0.593386500);(356.67, 339.10, 64.46);(-0.223054300, 1.664639000, 0.062387760);0,630820200;4,40722;4,493645;;;-0,2790397;1,328722;0,5933865
0,8333342;0,20882210262;0,0008075881;(-0.279733000, 1.329116000, 0.593258600);(356.71, 339.09, 64.07);(-0.223276500, 1.664676000, 0.062142250);0,630771300;4,407431;4,493497;;;-0,279733;1,329116;0,5932586
0,8444453;0,20918443542;0,0003623328;(-0.280065200, 1.329229000, 0.593168100);(356.65, 339.05, 63.89);(-0.223431700, 1.664661000, 0.061943710);0,630810300;4,407552;4,493457;;;-0,2800652;1,329229;0,5931681
0,8555565;0,20976424272;0,0005798073;(-0.280644400, 1.329238000, 0.593142700);(356.63, 338.93, 63.81);(-0.223581600, 1.664904000, 0.061525020);0,631304300;4,40761;4,493274;;;-0,2806444;1,329238;0,5931427
0,8666676;0,21015032272;0,00038608;(-0.280903700, 1.328954000, 0.593106600);(356.67, 338.83, 63.90);(-0.223939000, 1.664977000, 0.061443420);0,631523800;4,407627;4,493233;;;-0,2809037;1,328954;0,5931066
0,8777788;0,20976752342;0,0003827993;(-0.281183500, 1.328709000, 0.593198100);(356.65, 338.74, 64.47);(-0.223992500, 1.664883000, 0.061209440);0,631898100;4,407522;4,493062;;;-0,2811835;1,328709;0,5931981
0,8888899;0,20949866272;0,0002688607;(-0.281307700, 1.328500000, 0.593312700);(356.59, 338.69, 64.90);(-0.224147900, 1.664981000, 0.061038880);0,632299200;4,407391;4,492923;;;-0,2813077;1,3285;0,5933127
0,900001;0,20974595642;0,0002472937;(-0.281387500, 1.328435000, 0.593087900);(356.63, 338.78, 64.88);(-0.224308000, 1.665015000, 0.060879650);0,632289500;4,40761;4,493109;;;-0,2813875;1,328435;0,5930879
0,9111122;0,20986041922;0,0001144628;(-0.281416700, 1.328347000, 0.593021400);(356.70, 338.94, 64.61);(-0.224500600, 1.665040000, 0.060658250);0,632465300;4,407667;4,493165;;;-0,2814167;1,328347;0,5930214
0,9222233;0,21002904962;0,0001686304;(-0.281467200, 1.328478000, 0.592928500);(356.87, 339.18, 64.08);(-0.224734500, 1.665018000, 0.060448140);0,632465600;4,407778;4,493227;;;-0,2814672;1,328478;0,5929285
0,9333345;0,21041010222;0,0003810526;(-0.281724100, 1.328739000, 0.592823900);(356.95, 339.24, 63.80);(-0.224960700, 1.664974000, 0.060286220);0,632354600;4,407926;4,493218;;;-0,2817241;1,328739;0,5928239
0,9444456;0,21052113702;0,0001110348;(-0.281812000, 1.328712000, 0.592762000);(356.80, 339.11, 63.81);(-0.225354400, 1.665017000, 0.059961410);0,632586300;4,407989;4,493247;;;-0,281812;1,328712;0,592762
0,9555568;0,21071861752;0,0001974805;(-0.281983200, 1.328710000, 0.592663600);(356.61, 338.88, 64.10);(-0.225566200, 1.665107000, 0.059954790);0,632553900;4,408096;4,493278;;;-0,2819832;1,32871;0,5926636
