time;total distance traveled;distance to prev position;ray position;hmd position;distance to prev target;distance to current target
(3.177536000, 2.693977000, 3.576681000);(1.605913000, 2.148684000, 4.686931000);0,2666667;0,1333333
True

0;-0,01609726;0,01609726;(3.186143000, 2.659215000, 3.572195000);(-0.147523900, 1.680984000, 0.031200480);0,03609189;2,000102;;;3,186143;2,659215;3,572195
0,01111111;0,00182470;0,01792196;(3.200850000, 2.657528000, 3.562093000);(-0.147389400, 1.680968000, 0.031247570);0,04566043;2,016931;;;3,20085;2,657528;3,562093
0,02222222;0,008455118;0,006630418;(3.205421000, 2.661008000, 3.558783000);(-0.147155900, 1.680936000, 0.031172950);0,04674267;2,02327;;;3,205421;2,661008;3,558783
0,03333334;-0,013739982;0,0221951;(3.193025000, 2.677651000, 3.566655000);(-0.147033800, 1.680917000, 0.031215270);0,02463671;2,013393;;;3,193025;2,677651;3,566655
0,04444445;-0,039587372;0,02584739;(3.173787000, 2.689210000, 3.579476000);(-0.146906800, 1.680886000, 0.031253050);0,006677663;1,994206;;;3,173787;2,68921;3,579476
0,05555556;-0,027194502;0,01239287;(3.166286000, 2.681044000, 3.585010000);(-0.146803800, 1.680859000, 0.031315100);0,01905813;1,983029;;;3,166286;2,681044;3,58501
0,06666667;-0,020663383;0,006531119;(3.167498000, 2.674651000, 3.584442000);(-0.146733900, 1.680795000, 0.031325950);0,02311904;1,982593;;;3,167498;2,674651;3,584442
0,07777778;0,005521807;0,02618519;(3.188463000, 2.668029000, 3.570218000);(-0.146666600, 1.680814000, 0.031373750);0,02888701;2,005301;;;3,188463;2,668029;3,570218
0,08888889;0,015294043;0,009772236;(3.196501000, 2.667739000, 3.564669000);(-0.146625500, 1.680876000, 0.031439860);0,03453111;2,014662;;;3,196501;2,667739;3,564669
0,1;0,021431092;0,006137049;(3.201543000, 2.667926000, 3.561174000);(-0.146519600, 1.680890000, 0.031474550);0,03867095;2,020638;;;3,201543;2,667926;3,561174
0,1111111;0,028020359;0,006589267;(3.206476000, 2.670509000, 3.557652000);(-0.146408400, 1.680904000, 0.031484680);0,04183789;2,02716;;;3,206476;2,670509;3,557652
0,1222222;0,045328019;0,01730766;(3.218759000, 2.678897000, 3.548801000);(-0.146477500, 1.680850000, 0.031522830);0,05199992;2,043952;;;3,218759;2,678897;3,548801
0,1333333;0,034088229;0,01123979;(3.215232000, 2.689381000, 3.550798000);(-0.146369200, 1.680846000, 0.031502620);0,04595631;2,042806;;;3,215232;2,689381;3,550798
0,1444445;0,021477099;0,01261113;(3.205449000, 2.693861000, 3.557377000);(-0.146222200, 1.680789000, 0.031479250);0,03393818;2,03264;;;3,205449;2,693861;3,557377
0,1555556;0,006942899;0,0145342;(3.193610000, 2.692178000, 3.565638000);(-0.146104200, 1.680802000, 0.031458990);0,0195845;2,018283;;;3,19361;2,692178;3,565638
0,1666667;-0,017084951;0,02402785;(3.178186000, 2.677615000, 3.576923000);(-0.145959800, 1.680827000, 0.031490220);0,01637737;1,995979;;;3,178186;2,677615;3,576923
0,1777778;-0,000600011;0,01648494;(3.171333000, 2.663602000, 3.582255000);(-0.145859100, 1.680815000, 0.031514240);0,03149945;1,983933;;;3,171333;2,663602;3,582255
0,1888889;-0,005971250;0,005371239;(3.174288000, 2.667506000, 3.580046000);(-0.145711700, 1.680917000, 0.031553640);0,02688123;1,98851;;;3,174288;2,667506;3,580046
0,2;-0,031621460;0,02565021;(3.189098000, 2.685328000, 3.569048000);(-0.145648600, 1.680881000, 0.031602040);0,01633202;2,011001;;;3,189098;2,685328;3,569048
0,2111111;-0,015579500;0,01604196;(3.198473000, 2.696335000, 3.562098000);(-0.145692200, 1.680931000, 0.031728280);0,0256239;2,025197;;;3,198473;2,696335;3,562098
0,2222222;0,000740940;0,01632044;(3.202911000, 2.711595000, 3.558383000);(-0.145733400, 1.680893000, 0.031773160);0,03590377;2,034919;;;3,202911;2,711595;3,558383
0,2333333;-0,015598790;0,01633973;(3.189700000, 2.714991000, 3.567379000);(-0.145731300, 1.680834000, 0.031903520);0,02600151;2,020516;;;3,1897;2,714991;3,567379
0,2444444;0,031940540;0,04753933;(3.150693000, 2.719528000, 3.594172000);(-0.145611200, 1.680861000, 0.031996680);0,04097898;1,976445;;;3,150693;2,719528;3,594172
0,2555556;0,088582480;0,05664194;(3.104099000, 2.720440000, 3.626366000);(-0.145628200, 1.680896000, 0.032067910);0,09253024;1,922568;;;3,104099;2,72044;3,626366
0,2666667;0,189126180;0,1005437;(3.022076000, 2.709913000, 3.683553000);(-0.145753100, 1.680874000, 0.032630280);0,1893236;1,824079;;;3,022076;2,709913;3,683553
0,2777778;0,284954840;0,09582866;(2.943613000, 2.721446000, 3.737345000);(-0.145784300, 1.680819000, 0.032844500);0,2851101;1,737588;;;2,943613;2,721446;3,737345
0,2888889;0,378432000;0,09347716;(2.868055000, 2.741008000, 3.788788000);(-0.145806800, 1.680701000, 0.032999410);0,3781269;1,658467;;;2,868055;2,741008;3,788788
0,3;0,451831130;0,07339913;(2.819727000, 2.698455000, 3.824018000);(-0.145814600, 1.680531000, 0.033174950);0,4349977;1,587518;;;2,819727;2,698455;3,824018
0,3111111;0,500152290;0,04832116;(2.800021000, 2.657102000, 3.839397000);(-0.145805000, 1.680337000, 0.033309890);0,4614083;1,550063;;;2,800021;2,657102;3,839397
0,3222222;0,534630300;0,03447801;(2.795968000, 2.623127000, 3.843636000);(-0.145749400, 1.680109000, 0.033413010);0,4710406;1,533778;;;2,795968;2,623127;3,843636
0,3333333;0,580621670;0,04599137;(2.764921000, 2.597772000, 3.866184000);(-0.145710700, 1.679923000, 0.033530070);0,5131465;1,489498;;;2,764921;2,597772;3,866184
0,3444445;0,658821140;0,07819947;(2.704309000, 2.573366000, 3.909146000);(-0.145702600, 1.679748000, 0.033562970);0,5907828;1,411304;;;2,704309;2,573366;3,909146
0,3555556;0,749109260;0,09028812;(2.630435000, 2.566163000, 3.960554000);(-0.145603500, 1.679619000, 0.033668710);0,6804516;1,323465;;;2,630435;2,566163;3,960554
0,3666667;0,891777760;0,1426685;(2.513120000, 2.565501000, 4.041739000);(-0.145476800, 1.679439000, 0.033946110);0,8211176;1,188711;;;2,51312;2,565501;4,041739
0,3777778;1,025734160;0,1339564;(2.406736000, 2.533700000, 4.116676000);(-0.145364200, 1.679359000, 0.034101440);0,954681;1,055816;;;2,406736;2,5337;4,116676
0,3888889;1,150548460;0,1248143;(2.308620000, 2.499809000, 4.185982000);(-0.145437600, 1.679280000, 0.034230660);1,078871;0,9316853;;;2,30862;2,499809;4,185982
0,4;1,282034260;0,1314858;(2.203050000, 2.474291000, 4.260091000);(-0.145284300, 1.679239000, 0.034406260);1,210345;0,8029851;;;2,20305;2,474291;4,260091
0,4111111;1,382599660;0,1005654;(2.123630000, 2.448479000, 4.316123000);(-0.145266500, 1.679256000, 0.034498890);1,310634;0,7038513;;;2,12363;2,448479;4,316123
0,4222222;1,463747550;0,08114789;(2.067008000, 2.407188000, 4.357037000);(-0.145173500, 1.679094000, 0.034675730);1,387255;0,6231075;;;2,067008;2,407188;4,357037
0,4333333;1,503772940;0,04002539;(2.040058000, 2.384999000, 4.376617000);(-0.145082500, 1.678969000, 0.034840660);1,424508;0,5836278;;;2,040058;2,384999;4,376617
0,4444444;1,525977980;0,02220504;(2.022473000, 2.379508000, 4.389014000);(-0.144979000, 1.678851000, 0.035013870);1,446702;0,5617444;;;2,022473;2,379508;4,389014
0,4555556;1,546110490;0,02013251;(2.005912000, 2.379853000, 4.400456000);(-0.144901300, 1.678739000, 0.035167950);1,466282;0,5436047;;;2,005912;2,379853;4,400456
0,4666667;1,577454890;0,0313444;(1.980362000, 2.376382000, 4.418278000);(-0.144914300, 1.678522000, 0.035334660);1,497458;0,5140355;;;1,980362;2,376382;4,418278
0,4777778;1,621699000;0,04424411;(1.944642000, 2.368936000, 4.443303000);(-0.144853600, 1.678338000, 0.035486890);1,541659;0,4718086;;;1,944642;2,368936;4,443303
0,4888889;1,685398350;0,06369935;(1.894403000, 2.352307000, 4.478759000);(-0.144799300, 1.678250000, 0.035546320);1,605277;0,4099084;;;1,894403;2,352307;4,478759
0,5;1,760438230;0,07503988;(1.838297000, 2.322679000, 4.518824000);(-0.144741400, 1.678050000, 0.035746890);1,679005;0,3354647;;;1,838297;2,322679;4,518824
0,5111111;1,829590000;0,06915177;(1.790856000, 2.285936000, 4.553194000);(-0.144710700, 1.677958000, 0.036094560);1,744408;0,2663226;;;1,790856;2,285936;4,553194
0,5222223;1,891011950;0,06142195;(1.757007000, 2.241363000, 4.578494000);(-0.144742200, 1.677855000, 0.036271350);1,796216;0,2077916;;;1,757007;2,241363;4,578494
0,5333334;1,919494840;0,02848289;(1.738991000, 2.223692000, 4.591702000);(-0.144791600, 1.677777000, 0.036478890);1,82232;0,1800127;;;1,738991;2,223692;4,591702
0,5444446;1,939651620;0,02015678;(1.726027000, 2.236626000, 4.600125000);(-0.144801000, 1.677620000, 0.036831040);1,833981;0,1723271;;;1,726027;2,236626;4,600125
0,5555557;1,953287880;0,01363626;(1.721463000, 2.249205000, 4.602751000);(-0.144832700, 1.677613000, 0.037085790);1,835972;0,1747643;;;1,721463;2,249205;4,602751
0,5666668;1,959377815;0,006089935;(1.717034000, 2.246490000, 4.605929000);(-0.144862500, 1.677601000, 0.037332310);1,841919;0,1687461;;;1,717034;2,24649;4,605929
0,577778;1,922569085;0,03680873;(1.747313000, 2.245278000, 4.585034000);(-0.144947800, 1.677590000, 0.037572100);1,806557;0,1992671;;;1,747313;2,245278;4,585034
0,5888891;1,910685235;0,01188385;(1.753437000, 2.235845000, 4.581196000);(-0.145244400, 1.677673000, 0.037546050);1,801941;0,2013468;;;1,753437;2,235845;4,581196
0,6000003;1,922808925;0,01212369;(1.749011000, 2.225120000, 4.584711000);(-0.145382900, 1.677638000, 0.037821490);1,810148;0,1917509;;;1,749011;2,22512;4,584711
0,6111114;1,950692055;0,02788313;(1.726104000, 2.227234000, 4.600468000);(-0.145688400, 1.677606000, 0.037896110);1,836476;0,1676062;;;1,726104;2,227234;4,600468
0,6222225;1,986717705;0,03602565;(1.696665000, 2.232233000, 4.620623000);(-0.145912000, 1.677570000, 0.038102280);1,86976;0,1400472;;;1,696665;2,232233;4,620623
0,6333337;2,029635065;0,04291736;(1.661361000, 2.233583000, 4.644988000);(-0.146262100, 1.677513000, 0.038373720);1,911029;0,1097341;;;1,661361;2,233583;4,644988
0,6444448;2,069522465;0,0398874;(1.635772000, 2.209384000, 4.663713000);(-0.146455100, 1.677572000, 0.038650410);1,947693;0,07152024;;;1,635772;2,209384;4,663713
0,655556;2,099506295;0,02998383;(1.624573000, 2.183019000, 4.672572000);(-0.146686300, 1.677619000, 0.038876730);1,968184;0,04163247;;;1,624573;2,183019;4,672572
0,6666671;2,115924705;0,01641841;(1.624387000, 2.166622000, 4.673394000);(-0.146853800, 1.677745000, 0.038828450);1,973108;0,02909147;;;1,624387;2,166622;4,673394
0,6777782;2,094513635;0,02141107;(1.641611000, 2.170594000, 4.661311000);(-0.147076500, 1.677695000, 0.039015190);1,951774;0,04909968;;;1,641611;2,170594;4,661311
0,6888894;2,075168245;0,01934539;(1.656193000, 2.177909000, 4.650914000);(-0.147298100, 1.677655000, 0.039167060);1,93256;0,06840625;;;1,656193;2,177909;4,650914
0,7000005;2,041668525;0,03349972;(1.676711000, 2.199655000, 4.635802000);(-0.147625100, 1.677635000, 0.039517480);1,902254;0,1011165;;;1,676711;2,199655;4,635802
0,7111117;2,028138215;0,01353031;(1.677189000, 2.213147000, 4.634902000);(-0.147874800, 1.677457000, 0.039678650);1,897913;0,1092828;;;1,677189;2,213147;4,634902
0,7222228;2,057881595;0,02974338;(1.656023000, 2.228674000, 4.648888000);(-0.148152200, 1.677444000, 0.039912660);1,918629;0,1017684;;;1,656023;2,228674;4,648888
0,7333339;2,093918485;0,03603689;(1.626401000, 2.228134000, 4.669403000);(-0.148418900, 1.677436000, 0.040087890);1,953733;0,08390003;;;1,626401;2,228134;4,669403
0,7444451;2,129111765;0,03519328;(1.602376000, 2.209215000, 4.686822000);(-0.148700500, 1.677309000, 0.040347410);1,987093;0,06063378;;;1,602376;2,209215;4,686822
0,7555562;2,156981025;0,02786926;(1.596991000, 2.182306000, 4.691683000);(-0.148931900, 1.677351000, 0.040535640);2,00079;0,03510832;;;1,596991;2,182306;4,691683
0,7666674;2,139813005;0,01716802;(1.604843000, 2.167819000, 4.686863000);(-0.149272900, 1.677414000, 0.040649430);1,995673;0,01916522;;;1,604843;2,167819;4,686863
0,7777785;2,130995098;0,008817907;(1.608688000, 2.160237000, 4.684524000);(-0.149493300, 1.677386000, 0.040814410);1,993359;0,01212278;;;1,608688;2,160237;4,684524
0,7888896;2,127306737;0,003688361;(1.611620000, 2.159200000, 4.682540000);(-0.149736500, 1.677239000, 0.041115060);1,990228;0,0127447;;;1,61162;2,1592;4,68254
0,8000008;2,117861733;0,009445004;(1.618622000, 2.163084000, 4.677531000);(-0.150046600, 1.677103000, 0.041136280);1,980892;0,02138325;;;1,618622;2,163084;4,677531
0,8111119;2,099657943;0,01820379;(1.632187000, 2.170394000, 4.667839000);(-0.150131300, 1.677054000, 0.041166200);1,962873;0,03906604;;;1,632187;2,170394;4,667839
0,8222231;2,091237165;0,008420778;(1.638247000, 2.174292000, 4.663482000);(-0.150179300, 1.676960000, 0.041307700);1,954641;0,04744639;;;1,638247;2,174292;4,663482
0,8333342;2,100904574;0,009667409;(1.634351000, 2.182826000, 4.665816000);(-0.150375700, 1.676887000, 0.041405630);1,95676;0,0491964;;;1,634351;2,182826;4,665816
0,8444453;2,116517834;0,01561326;(1.621827000, 2.186648000, 4.674319000);(-0.150656300, 1.676955000, 0.041501540);1,970387;0,04305297;;;1,621827;2,186648;4,674319
0,8555565;2,156259994;0,03974216;(1.591666000, 2.172204000, 4.695794000);(-0.150832700, 1.676979000, 0.041602150);2,009887;0,02889138;;;1,591666;2,172204;4,695794
0,8666676;2,169490824;0,01323083;(1.583208000, 2.164132000, 4.701986000);(-0.151205700, 1.677191000, 0.041788000);2,022111;0,03131788;;;1,583208;2,164132;4,701986
0,8777788;2,162939284;0,00655154;(1.587960000, 2.160905000, 4.698835000);(-0.151373400, 1.677256000, 0.041894750);2,017462;0,02476635;;;1,58796;2,160905;4,698835
0,8888899;2,138589434;0,02434985;(1.607906000, 2.158096000, 4.685155000);(-0.151394100, 1.677248000, 0.042163270);1,994899;0,009783471;;;1,607906;2,158096;4,685155
0,900001;2,116039604;0,02254983;(1.624857000, 2.166755000, 4.673063000);(-0.151487700, 1.677234000, 0.042149860);1,972519;0,02962667;;;1,624857;2,166755;4,673063
0,9111122;2,102705854;0,01333375;(1.625310000, 2.180052000, 4.672189000);(-0.151617400, 1.677257000, 0.042223710);1,968162;0,03971817;;;1,62531;2,180052;4,672189
0,9222233;2,112393374;0,00968752;(1.618103000, 2.184394000, 4.676991000);(-0.151914400, 1.677177000, 0.042353590);1,975396;0,03902051;;;1,618103;2,184394;4,676991
0,9333345;2,146915504;0,03452213;(1.594815000, 2.165333000, 4.693906000);(-0.152043400, 1.677172000, 0.042410810);2,008149;0,02118954;;;1,594815;2,165333;4,693906
0,9444456;2,164448934;0,01753343;(1.585167000, 2.152593000, 4.701118000);(-0.152002200, 1.677163000, 0.042500210);2,023141;0,02543533;;;1,585167;2,152593;4,701118
0,9555568;2,183947374;0,01949844;(1.577716000, 2.135558000, 4.706992000);(-0.152078400, 1.677162000, 0.042615610);2,036875;0,03701027;;;1,577716;2,135558;4,706992
