time;total distance traveled;distance to prev position;controller position;controller rotation;camera position;tracker distance to hmd;distance to prev target;distance to current target
(3.177536000, 2.693977000, 3.576681000);(1.605913000, 2.148684000, 4.686931000)

0;-0,0002115732;0,0002115732;(0.374968200, 1.516592000, 0.479880800);(344.74, 42.52, 57.14);(-0.147523900, 1.680984000, 0.031200480);0,708051400;4,339446;4,428774;;;0,3749682;1,516592;0,4798808
0,01111111;-0,0003524743;0,0001409011;(0.374927000, 1.516723000, 0.479913800);(344.70, 42.59, 57.01);(-0.147389400, 1.680968000, 0.031247570);0,707878700;4,339414;4,428735;;;0,374927;1,516723;0,4799138
0,02222222;-0,0001694311;0,0001830432;(0.374764700, 1.516735000, 0.479997600);(344.48, 42.40, 57.31);(-0.147155900, 1.680936000, 0.031172950);0,707676900;4,339456;4,428699;;;0,3747647;1,516735;0,4799976
0,03333334;0,0020891489;0,00225858;(0.375882100, 1.514842000, 0.479476700);(344.32, 42.08, 57.58);(-0.147033800, 1.680917000, 0.031215270);0,708491500;4,33962;4,429153;;;0,3758821;1,514842;0,4794767
0,04444445;0,0017280038;0,0003611451;(0.376202800, 1.514773000, 0.479325700);(344.39, 41.94, 57.64);(-0.146906800, 1.680886000, 0.031253050);0,708524000;4,339539;4,429218;;;0,3762028;1,514773;0,4793257
0,05555556;0,0011418525;0,0005861513;(0.376777500, 1.514782000, 0.479211000);(344.47, 41.95, 57.47);(-0.146803800, 1.680859000, 0.031315100);0,708752300;4,339247;4,429166;;;0,3767775;1,514782;0,479211
0,06666667;0,0018098799;0,0006680274;(0.377081100, 1.514196000, 0.479105700);(344.57, 42.29, 57.15);(-0.146733900, 1.680795000, 0.031325950);0,708973900;4,339286;4,429266;;;0,3770811;1,514196;0,4791057
0,07777778;0,0013188700;0,0004910099;(0.377528700, 1.514219000, 0.478905200);(344.57, 42.42, 57.26);(-0.146666600, 1.680814000, 0.031373750);0,709097400;4,339134;4,429329;;;0,3775287;1,514219;0,4789052
0,08888889;0,0008699232;0,0004489468;(0.377896900, 1.514274000, 0.478654300);(344.57, 42.50, 57.24);(-0.146625500, 1.680876000, 0.031439860);0,709140800;4,33906;4,429457;;;0,3778969;1,514274;0,4786543
0,1;0,0004139493;0,0004559739;(0.377744400, 1.514002000, 0.478986900);(344.54, 42.57, 57.14);(-0.146519600, 1.680890000, 0.031474550);0,709204900;4,338995;4,429223;;;0,3777444;1,514002;0,4789869
0,1111111;0,0021008693;0,00168692;(0.378083100, 1.512383000, 0.478653600);(344.44, 42.78, 57.08);(-0.146408400, 1.680904000, 0.031484680);0,709542600;4,339455;4,429678;;;0,3780831;1,512383;0,4786536
0,1222222;0,0022134150;0,0001125457;(0.378005400, 1.512351000, 0.478728200);(344.28, 42.72, 57.40);(-0.146477500, 1.680850000, 0.031522830);0,709554100;4,339461;4,429633;;;0,3780054;1,512351;0,4787282
0,1333333;0,0017603087;0,0004531063;(0.378347300, 1.512056000, 0.478686700);(344.22, 42.56, 57.58);(-0.146369200, 1.680846000, 0.031502620);0,709782500;4,33935;4,42962;;;0,3783473;1,512056;0,4786867
0,1444445;0,0022035865;0,0004432778;(0.378164200, 1.511679000, 0.478831600);(344.23, 42.36, 57.67);(-0.146222200, 1.680789000, 0.031479250);0,709720600;4,339468;4,429587;;;0,3781642;1,511679;0,4788316
0,1555556;0,0024285317;0,0002249452;(0.378222800, 1.511486000, 0.478733400);(344.40, 42.11, 57.69);(-0.146104200, 1.680802000, 0.031458990);0,709676700;4,339553;4,429692;;;0,3782228;1,511486;0,4787334
0,1666667;0,0048012487;0,002372717;(0.379460400, 1.509771000, 0.477658200);(344.57, 41.99, 57.67);(-0.145959800, 1.680827000, 0.031490220);0,710206000;4,33999;4,430618;;;0,3794604;1,509771;0,4776582
0,1777778;0,0052135610;0,0004123123;(0.379641000, 1.509650000, 0.477307600);(344.50, 42.01, 57.39);(-0.145859100, 1.680815000, 0.031514240);0,710056000;4,340157;4,430918;;;0,379641;1,50965;0,4773076
0,1888889;0,0027751620;0,002438399;(0.380026600, 1.507371000, 0.478083800);(344.28, 42.26, 57.49);(-0.145711700, 1.680917000, 0.031553640);0,711272200;4,339976;4,430404;;;0,3800266;1,507371;0,4780838
0,2;0,0029686900;0,000193528;(0.379985400, 1.507186000, 0.478044200);(344.11, 42.42, 57.71);(-0.145648600, 1.680881000, 0.031602040);0,711176200;4,340082;4,43048;;;0,3799854;1,507186;0,4780442
0,2111111;0,0038331487;0,0008644587;(0.379264500, 1.506715000, 0.478116800);(343.92, 42.50, 57.98);(-0.145692200, 1.680931000, 0.031728280);0,710769800;4,340624;4,430678;;;0,3792645;1,506715;0,4781168
0,2222222;0,0057487357;0,001915587;(0.377641200, 1.506035000, 0.478873600);(343.86, 42.29, 58.17);(-0.145733400, 1.680893000, 0.031773160);0,710207700;4,341316;4,430507;;;0,3776412;1,506035;0,4788736
0,2333333;0,0076619577;0,001913222;(0.376182600, 1.505187000, 0.479775100);(343.78, 41.67, 58.62);(-0.145731300, 1.680834000, 0.031903520);0,709813500;4,341846;4,430179;;;0,3761826;1,505187;0,4797751
0,2444444;0,0110538907;0,003391933;(0.373158600, 1.504295000, 0.481026700);(343.73, 40.92, 59.00);(-0.145611200, 1.680861000, 0.031996680);0,708466800;4,34315;4,429961;;;0,3731586;1,504295;0,4810267
0,2555556;0,0151276237;0,004073733;(0.369467600, 1.503788000, 0.482674200);(343.82, 39.60, 59.04);(-0.145628200, 1.680896000, 0.032067910);0,706920700;4,3445;4,429499;;;0,3694676;1,503788;0,4826742
0,2666667;0,0192522727;0,004124649;(0.365787200, 1.502686000, 0.484175300);(343.65, 38.34, 58.31);(-0.145753100, 1.680874000, 0.032630280);0,705207300;4,346113;4,429264;;;0,3657872;1,502686;0,4841753
0,2777778;0,0236321877;0,004379915;(0.362377000, 1.500296000, 0.485532400);(343.37, 37.13, 58.04);(-0.145784300, 1.680819000, 0.032844500);0,704090000;4,34801;4,429282;;;0,362377;1,500296;0,4855324
0,2888889;0,0261033117;0,002471124;(0.360134300, 1.499364000, 0.485989000);(343.88, 36.36, 59.53);(-0.145806800, 1.680701000, 0.032999410);0,702893200;4,349394;4,429615;;;0,3601343;1,499364;0,485989
0,3;0,0309976087;0,004894297;(0.356117000, 1.497188000, 0.487743300);(344.40, 36.04, 60.12);(-0.145814600, 1.680531000, 0.033174950);0,701557200;4,35135;4,429403;;;0,356117;1,497188;0,4877433
0,3111111;0,0369197377;0,005922129;(0.351126500, 1.494924000, 0.489988600);(344.82, 36.02, 59.82);(-0.145805000, 1.680337000, 0.033309890);0,699910500;4,353618;4,42902;;;0,3511265;1,494924;0,4899886
0,3222222;0,0436859827;0,006766245;(0.345365600, 1.492522000, 0.492601300);(345.12, 35.56, 60.20);(-0.145749400, 1.680109000, 0.033413010);0,698023400;4,356172;4,428536;;;0,3453656;1,492522;0,4926013
0,3333333;0,0509985427;0,00731256;(0.338536800, 1.491680000, 0.495077800);(345.41, 34.62, 61.53);(-0.145710700, 1.679923000, 0.033530070);0,694951400;4,359095;4,428265;;;0,3385368;1,49168;0,4950778
0,3444445;0,0607768307;0,009778288;(0.330005700, 1.488648000, 0.498771200);(345.50, 33.48, 62.60);(-0.145702600, 1.679748000, 0.033562970);0,692268700;4,362886;4,427671;;;0,3300057;1,488648;0,4987712
0,3555556;0,0701278947;0,009351064;(0.321851900, 1.485473000, 0.502069100);(345.49, 31.64, 63.28);(-0.145603500, 1.679619000, 0.033668710);0,689642100;4,366766;4,427384;;;0,3218519;1,485473;0,5020691
0,3666667;0,0787059167;0,008578022;(0.314487400, 1.482585000, 0.505386800);(345.90, 29.98, 63.85);(-0.145476800, 1.679439000, 0.033946110);0,687440900;4,370053;4,426825;;;0,3144874;1,482585;0,5053868
0,3777778;0,0877975757;0,009091659;(0.306422700, 1.479679000, 0.508415300);(346.34, 28.45, 64.04);(-0.145364200, 1.679359000, 0.034101440);0,684804600;4,374022;4,426764;;;0,3064227;1,479679;0,5084153
0,3888889;0,0950769257;0,00727935;(0.300078700, 1.476676000, 0.510345900);(346.69, 26.82, 64.07);(-0.145437600, 1.679280000, 0.034230660);0,682802200;4,37767;4,427263;;;0,3000787;1,476676;0,5103459
0,4;0,1025315587;0,007454633;(0.293643000, 1.473886000, 0.512869700);(347.03, 25.60, 64.52);(-0.145284300, 1.679239000, 0.034406260);0,680994900;4,380913;4,42721;;;0,293643;1,473886;0,5128697
0,4111111;0,1092603657;0,006728807;(0.287753600, 1.471632000, 0.515217700);(347.57, 24.76, 64.75);(-0.145266500, 1.679256000, 0.034498890);0,679488500;4,38378;4,427091;;;0,2877536;1,471632;0,5152177
0,4222222;0,1164096627;0,007149297;(0.281961700, 1.468538000, 0.518044600);(347.84, 24.41, 64.56);(-0.145173500, 1.679094000, 0.034675730);0,678545400;4,386491;4,426631;;;0,2819617;1,468538;0,5180446
0,4333333;0,1225794387;0,006169776;(0.276680700, 1.466508000, 0.520505800);(347.89, 24.21, 64.48);(-0.145082500, 1.678969000, 0.034840660);0,677417300;4,388832;4,426208;;;0,2766807;1,466508;0,5205058
0,4444444;0,1295784797;0,006999041;(0.270784200, 1.463836000, 0.523165900);(347.87, 24.02, 64.41);(-0.144979000, 1.678851000, 0.035013870);0,676300800;4,391629;4,425892;;;0,2707842;1,463836;0,5231659
0,4555556;0,1359350307;0,006356551;(0.265345500, 1.461576000, 0.525557000);(347.89, 23.70, 64.56);(-0.144901300, 1.678739000, 0.035167950);0,675236200;4,394203;4,425638;;;0,2653455;1,461576;0,525557
0,4666667;0,1433374477;0,007402417;(0.259060100, 1.458830000, 0.528340300);(347.98, 23.20, 64.70);(-0.144914300, 1.678522000, 0.035334660);0,674176900;4,397212;4,425357;;;0,2590601;1,45883;0,5283403
0,4777778;0,1495502137;0,006212766;(0.253844100, 1.456287000, 0.530559700);(348.20, 22.49, 64.88);(-0.144853600, 1.678338000, 0.035486890);0,673322900;4,399853;4,42526;;;0,2538441;1,456287;0,5305597
0,4888889;0,1557702177;0,006220004;(0.248727100, 1.453684000, 0.532953600);(348.59, 21.67, 65.01);(-0.144799300, 1.678250000, 0.035546320);0,672835100;4,402331;4,424986;;;0,2487271;1,453684;0,5329536
0,5;0,1610684817;0,005298264;(0.244143400, 1.451883000, 0.534908100);(349.06, 20.99, 65.04);(-0.144741400, 1.678050000, 0.035746890);0,671970700;4,40454;4,424843;;;0,2441434;1,451883;0,5349081
0,5111111;0,1653410687;0,004272587;(0.240485300, 1.450599000, 0.536703300);(349.64, 20.51, 64.80);(-0.144710700, 1.677958000, 0.036094560);0,671324900;4,4061;4,424489;;;0,2404853;1,450599;0,5367033
0,5222223;0,1701454457;0,004804377;(0.236506000, 1.449475000, 0.539149600);(349.86, 20.28, 64.43);(-0.144742200, 1.677855000, 0.036271350);0,671114100;4,407384;4,423603;;;0,236506;1,449475;0,5391496
0,5333334;0,1731710497;0,003025604;(0.234070000, 1.448777000, 0.540802700);(349.69, 20.14, 64.49);(-0.144791600, 1.677777000, 0.036478890);0,671058700;4,408069;4,422918;;;0,23407;1,448777;0,5408027
0,5444446;0,1768170417;0,003645992;(0.231092100, 1.447746000, 0.542636500);(349.52, 20.11, 64.83);(-0.144801000, 1.677620000, 0.036831040);0,670803400;4,409087;4,422287;;;0,2310921;1,447746;0,5426365
0,5555557;0,1786433277;0,001826286;(0.229881900, 1.447341000, 0.543943000);(349.54, 20.09, 64.93);(-0.144832700, 1.677613000, 0.037085790);0,671073900;4,409111;4,421504;;;0,2298819;1,447341;0,543943
0,5666668;0,1813971717;0,002753844;(0.227649700, 1.446685000, 0.545416200);(349.53, 20.58, 64.53);(-0.144862500, 1.677601000, 0.037332310);0,670997000;4,409777;4,420923;;;0,2276497;1,446685;0,5454162
0,577778;0,1840904417;0,00269327;(0.225676400, 1.446027000, 0.547126900);(349.63, 20.71, 64.26);(-0.144947800, 1.677590000, 0.037572100);0,671289600;4,410108;4,420041;;;0,2256764;1,446027;0,5471269
0,5888891;0,1870062747;0,002915833;(0.223219200, 1.445232000, 0.548480900);(349.77, 20.67, 64.00);(-0.145244400, 1.677673000, 0.037546050);0,671452500;4,411048;4,419667;;;0,2232192;1,445232;0,5484809
0,6000003;0,1900776177;0,003071343;(0.220801200, 1.444445000, 0.550203100);(349.74, 20.35, 64.08);(-0.145382900, 1.677638000, 0.037821490);0,671569000;4,411709;4,418937;;;0,2208012;1,444445;0,5502031
0,6111114;0,1928920057;0,002814388;(0.218475600, 1.443543000, 0.551506700);(349.69, 19.93, 64.32);(-0.145688400, 1.677606000, 0.037896110);0,671711800;4,41263;4,418591;;;0,2184756;1,443543;0,5515067
0,6222225;0,1952987757;0,00240677;(0.216580600, 1.442497000, 0.552558300);(349.68, 19.42, 64.55);(-0.145912000, 1.677570000, 0.038102280);0,671807600;4,413476;4,418369;;;0,2165806;1,442497;0,5525583
0,6333337;0,1970109107;0,001712135;(0.215387300, 1.441779000, 0.553554900);(350.00, 19.04, 64.77);(-0.146262100, 1.677513000, 0.038373720);0,672139900;4,413798;4,417926;;;0,2153873;1,441779;0,5535549
0,6444448;0,1957342327;0,001276678;(0.214631000, 1.441508000, 0.554547100);(350.34, 18.89, 64.79);(-0.146455100, 1.677572000, 0.038650410);0,672501700;4,413703;4,41728;;;0,214631;1,441508;0,5545471
0,655556;0,1947703004;0,0009639323;(0.214144400, 1.441652000, 0.555366800);(350.54, 18.89, 64.85);(-0.146686300, 1.677619000, 0.038876730);0,672786300;4,413428;4,416643;;;0,2141444;1,441652;0,5553668
0,6666671;0,1935706994;0,001199601;(0.213455500, 1.441812000, 0.556335600);(350.48, 19.17, 64.45);(-0.146853800, 1.677745000, 0.038828450);0,673276200;4,413182;4,415929;;;0,2134555;1,441812;0,5563356
0,6777782;0,1928412439;0,0007294555;(0.213601700, 1.442493000, 0.556553400);(350.38, 19.41, 64.28);(-0.147076500, 1.677695000, 0.039015190);0,673241900;4,412742;4,41557;;;0,2136017;1,442493;0,5565534
0,6888894;0,1940527079;0,001211464;(0.212683300, 1.442468000, 0.557343100);(350.09, 19.73, 64.16);(-0.147298100, 1.677655000, 0.039167060);0,673354300;4,412826;4,415125;;;0,2126833;1,442468;0,5573431
0,7000005;0,1953811369;0,001328429;(0.211677700, 1.442420000, 0.558209700);(349.91, 19.76, 64.20);(-0.147625100, 1.677635000, 0.039517480);0,673399200;4,412922;4,414639;;;0,2116777;1,44242;0,5582097
0,7111117;0,1967666239;0,001385487;(0.210557000, 1.441961000, 0.558883000);(349.73, 19.45, 64.33);(-0.147874800, 1.677457000, 0.039678650);0,673427800;4,413345;4,414437;;;0,210557;1,441961;0,558883
0,7222228;0,1980561859;0,001289562;(0.209661900, 1.441209000, 0.559427300);(349.75, 19.01, 64.55);(-0.148152200, 1.677444000, 0.039912660);0,673597500;4,413788;4,414332;;;0,2096619;1,441209;0,5594273
0,7333339;0,1989786502;0,0009224643;(0.209573200, 1.440362000, 0.559781800);(350.00, 18.65, 64.79);(-0.148418900, 1.677436000, 0.040087890);0,674125000;4,413846;4,414165;;;0,2095732;1,440362;0,5597818
0,7444451;0,1994092133;0,0004305631;(0.209391500, 1.439974000, 0.559740400);(350.34, 18.56, 64.66);(-0.148700500, 1.677309000, 0.040347410);0,674037900;4,414106;4,414322;;;0,2093915;1,439974;0,5597404
0,7555562;0,2002361796;0,0008269663;(0.208968400, 1.439423000, 0.560190000);(350.52, 18.68, 64.55);(-0.148931900, 1.677351000, 0.040535640);0,674346000;4,41424;4,414125;;;0,2089684;1,439423;0,56019
0,7666674;0,1995058601;0,0007303195;(0.209114900, 1.439029000, 0.560787200);(350.60, 18.75, 64.50);(-0.149272900, 1.677414000, 0.040649430);0,675138800;4,413846;4,413583;;;0,2091149;1,439029;0,5607872
0,7777785;0,1991708405;0,0003350196;(0.209262900, 1.438780000, 0.560954900);(350.61, 18.79, 64.66);(-0.149493300, 1.677386000, 0.040814410);0,675414500;4,413702;4,41342;;;0,2092629;1,43878;0,5609549
0,7888896;0,1987093336;0,0004615069;(0.209358300, 1.438647000, 0.561386300);(350.55, 18.90, 64.85);(-0.149736500, 1.677239000, 0.041115060);0,675690400;4,413381;4,413008;;;0,2093583;1,438647;0,5613863
0,8000008;0,1982969301;0,0004124035;(0.209251200, 1.438462000, 0.561739100);(350.44, 19.11, 64.92);(-0.150046600, 1.677103000, 0.041136280);0,676071000;4,413265;4,412742;;;0,2092512;1,438462;0,5617391
0,8111119;0,1977667208;0,0005302093;(0.208903100, 1.438405000, 0.562135000);(350.38, 19.21, 64.86);(-0.150131300, 1.677054000, 0.041166200);0,676215800;4,413245;4,412491;;;0,2089031;1,438405;0,562135
0,8222231;0,1984158548;0,000649134;(0.208451700, 1.438167000, 0.562536700);(350.28, 19.16, 64.85);(-0.150179300, 1.676960000, 0.041307700);0,676252700;4,413342;4,412296;;;0,2084517;1,438167;0,5625367
0,8333342;0,1991625327;0,0007466779;(0.207924000, 1.437831000, 0.562944300);(350.23, 18.97, 64.93);(-0.150375700, 1.676887000, 0.041405630);0,676408800;4,413514;4,412137;;;0,207924;1,437831;0,5629443
0,8444453;0,1998590124;0,0006964797;(0.207519300, 1.437482000, 0.563390700);(350.44, 18.51, 64.94);(-0.150656300, 1.676955000, 0.041501540);0,676760900;4,413581;4,411904;;;0,2075193;1,437482;0,5633907
0,8555565;0,1995333657;0,0003256467;(0.207477700, 1.437233000, 0.563595800);(350.54, 18.39, 64.73);(-0.150832700, 1.676979000, 0.041602150);0,677009500;4,41354;4,411766;;;0,2074777;1,437233;0,5635958
0,8666676;0,1991023927;0,000430973;(0.207887700, 1.437108000, 0.563642900);(350.58, 18.46, 64.54);(-0.151205700, 1.677191000, 0.041788000);0,677436600;4,413267;4,411612;;;0,2078877;1,437108;0,5636429
0,8777788;0,1988247124;0,0002776803;(0.208023400, 1.437094000, 0.563884700);(350.60, 18.76, 64.72);(-0.151373400, 1.677256000, 0.041894750);0,677729700;4,413015;4,411345;;;0,2080234;1,437094;0,5638847
0,8888899;0,1985999716;0,0002247408;(0.207908600, 1.437072000, 0.564076700);(350.47, 19.02, 64.82);(-0.151394100, 1.677248000, 0.042163270);0,677625900;4,412967;4,411206;;;0,2079086;1,437072;0,5640767
0,900001;0,1990961575;0,0004961859;(0.207574300, 1.436853000, 0.564371200);(350.30, 19.04, 65.08);(-0.151487700, 1.677234000, 0.042149860);0,677808000;4,413054;4,411072;;;0,2075743;1,436853;0,5643712
0,9111122;0,2000026131;0,0009064556;(0.206930200, 1.436265000, 0.564617300);(350.24, 18.93, 65.25);(-0.151617400, 1.677257000, 0.042223710);0,677885400;4,413487;4,411141;;;0,2069302;1,436265;0,5646173
0,9222233;0,2005725385;0,0005699254;(0.206582900, 1.435893000, 0.564874400);(350.50, 18.58, 65.18);(-0.151914400, 1.677177000, 0.042353590);0,678060500;4,413651;4,411071;;;0,2065829;1,435893;0,5648744
0,9333345;0,2008558655;0,000283327;(0.206464800, 1.435666000, 0.564754000);(350.67, 18.43, 65.14);(-0.152043400, 1.677172000, 0.042410810);0,678008700;4,413877;4,411258;;;0,2064648;1,435666;0,564754
0,9444456;0,2005982005;0,000257665;(0.206348500, 1.435738000, 0.564972200);(350.89, 18.32, 64.95);(-0.152002200, 1.677163000, 0.042500210);0,677995500;4,413786;4,411078;;;0,2063485;1,435738;0,5649722
0,9555568;0,2002780399;0,0003201606;(0.206281900, 1.435993000, 0.565154600);(350.85, 18.31, 65.02);(-0.152078400, 1.677162000, 0.042615610);0,677961600;4,413634;4,410889;;;0,2062819;1,435993;0,5651546
