time;total distance traveled;distance to prev position;ray position;hmd position;distance to prev target;distance to current target
(0.189798600, 0.644982200, 4.946058000);(2.119380000, 0.829398300, 4.453406000);0,1111111;0,05555556
True

0;-0,01757379;0,01757379;(0.226151100, 0.629007400, 4.935991000);(-0.160855400, 1.654939000, 0.108785900);0,04096382;1,964017;;;0,2261511;0,6290074;4,935991
0,01111111;-0,03554599;0,0179722;(0.208860800, 0.630823700, 4.940546000);(-0.160868900, 1.654934000, 0.109052000);0,02437644;1,981621;;;0,2088608;0,6308237;4,940546
0,02222222;-0,05176731;0,01622132;(0.193664400, 0.634750700, 4.944643000);(-0.160844800, 1.654865000, 0.109308700);0,01102866;1,996893;;;0,1936644;0,6347507;4,944643
0,03333334;-0,060680255;0,008912945;(0.185210600, 0.636443900, 4.946902000);(-0.160884000, 1.654863000, 0.109739500);0,009729665;2,005438;;;0,1852106;0,6364439;4,946902
0,04444445;-0,045486385;0,01519387;(0.171931600, 0.629776200, 4.950075000);(-0.160868400, 1.654850000, 0.109782700);0,02380308;2,019674;;;0,1719316;0,6297762;4,950075
0,05555556;-0,034724485;0,0107619;(0.178301800, 0.621334000, 4.948083000);(-0.160867000, 1.654870000, 0.110045900);0,02637259;2,013897;;;0,1783018;0,621334;4,948083
0,06666667;-0,007148915;0,02757557;(0.204996300, 0.621462300, 4.941169000);(-0.160834400, 1.654854000, 0.110202200);0,0284263;1,986458;;;0,2049963;0,6214623;4,941169
0,07777778;0,029267525;0,03641644;(0.239065200, 0.631172000, 4.932732000);(-0.160829600, 1.654926000, 0.110423500);0,05287256;1,950546;;;0,2390652;0,631172;4,932732
0,08888889;0,052158845;0,02289132;(0.259818600, 0.639408900, 4.927686000);(-0.160787900, 1.654908000, 0.110647500);0,07260439;1,928473;;;0,2598186;0,6394089;4,927686
0,1;0,064112255;0,01195341;(0.268487500, 0.647411100, 4.925762000);(-0.160794000, 1.654934000, 0.110885200);0,08130039;1,918865;;;0,2684875;0,6474111;4,925762
0,1111111;0,045144855;0,0189674;(0.250140000, 0.646471700, 4.930479000);(-0.160928300, 1.654973000, 0.111219700);0,06233778;1,937813;;;0,25014;0,6464717;4,930479
0,1222222;0,021137205;0,02400765;(0.228060600, 0.638752300, 4.935890000);(-0.160912400, 1.654980000, 0.111463600);0,04007711;1,96118;;;0,2280606;0,6387523;4,93589
0,1333333;-0,031700665;0,05283787;(0.181426600, 0.616573900, 4.947081000);(-0.160787800, 1.654920000, 0.111639200);0,02963394;2,011137;;;0,1814266;0,6165739;4,947081
0,1444445;-0,007784975;0,02391569;(0.159076200, 0.610107100, 4.952612000);(-0.160759000, 1.654928000, 0.111856800);0,04693721;2,03472;;;0,1590762;0,6101071;4,952612
0,1555556;0,003732645;0,01151762;(0.147926500, 0.610018200, 4.955499000);(-0.160688000, 1.654831000, 0.111941800);0,05536142;2,04618;;;0,1479265;0,6100182;4,955499
0,1666667;-0,011590345;0,01532299;(0.159010200, 0.620309200, 4.953041000);(-0.160659300, 1.654832000, 0.112141900);0,04006803;2,033815;;;0,1590102;0,6203092;4,953041
0,1777778;-0,041659595;0,03006925;(0.185596100, 0.632822500, 4.946656000);(-0.160629900, 1.654877000, 0.112425400);0,01287934;2,005357;;;0,1855961;0,6328225;4,946656
0,1888889;0,011734295;0,05339389;(0.234964000, 0.649145500, 4.934520000);(-0.160618000, 1.654881000, 0.112632200);0,04680128;1,953199;;;0,234964;0,6491455;4,93452
0,2;0,031896035;0,02016174;(0.251733500, 0.659628300, 4.930597000);(-0.160638200, 1.654902000, 0.112745000);0,06549402;1,935107;;;0,2517335;0,6596283;4,930597
0,2111111;0,039736512;0,007840477;(0.254617000, 0.666905200, 4.930143000);(-0.160596000, 1.654882000, 0.112908000);0,07025177;1,931586;;;0,254617;0,6669052;4,930143
0,2222222;0,028847192;0,01088932;(0.244150300, 0.665501600, 4.932800000);(-0.160311200, 1.654767000, 0.113202900);0,05958972;1,942464;;;0,2441503;0,6655016;4,9328
0,2333333;-0,003753028;0,03260022;(0.213074200, 0.659499900, 4.940612000);(-0.160265700, 1.654736000, 0.113467400);0,02796742;1,974902;;;0,2130742;0,6594999;4,940612
0,2444444;-0,028482048;0,02472902;(0.189464100, 0.655168500, 4.946556000);(-0.160265700, 1.654736000, 0.113467400);0,01020395;1,999532;;;0,1894641;0,6551685;4,946556
0,2555556;-0,028482048;0;(0.189464100, 0.655168500, 4.946556000);(-0.159938400, 1.654681000, 0.113795500);0,01020395;1,999532;;;0,1894641;0,6551685;4,946556
0,2666667;-0,014537418;0,01394463;(0.199976800, 0.646537500, 4.943483000);(-0.159938400, 1.654681000, 0.113795500);0,01061351;1,989402;;;0,1999768;0,6465375;4,943483
0,2777778;-0,014537418;0;(0.199976800, 0.646537500, 4.943483000);(-0.159411000, 1.654915000, 0.113957300);0,01061351;1,989402;;;0,1999768;0,6465375;4,943483
0,2888889;0,044216122;0,05875354;(0.256763200, 0.643808800, 4.928656000);(-0.159180800, 1.654885000, 0.114028200);0,06919877;1,931229;;;0,2567632;0,6438088;4,928656
0,3;0,092532342;0,04831622;(0.303508300, 0.642627000, 4.916492000);(-0.158864400, 1.654717000, 0.114060400);0,1175142;1,883274;;;0,3035083;0,642627;4,916492
0,3111111;0,148303072;0,05577073;(0.357076500, 0.650137800, 4.902912000);(-0.158631200, 1.654690000, 0.114085400);0,1728295;1,827541;;;0,3570765;0,6501378;4,902912
0,3222222;0,198241542;0,04993847;(0.404400300, 0.660827300, 4.891078000);(-0.158439000, 1.654984000, 0.114031300);0,2220984;1,777956;;;0,4044003;0,6608273;4,891078
0,3333333;0,237538922;0,03929738;(0.441845300, 0.668150500, 4.881670000);(-0.157943900, 1.654840000, 0.114046600);0,2611708;1,738831;;;0,4418453;0,6681505;4,88167
0,3444445;0,254485952;0,01694703;(0.458216500, 0.667221200, 4.877389000);(-0.157604700, 1.654892000, 0.114117700);0,2779535;1,722071;;;0,4582165;0,6672212;4,877389
0,3555556;0,266471482;0,01198553;(0.469761000, 0.668539500, 4.874450000);(-0.157268700, 1.654909000, 0.114130600);0,2899339;1,710087;;;0,469761;0,6685395;4,87445
0,3666667;0,290058792;0,02358731;(0.492258700, 0.672805300, 4.868791000);(-0.156919500, 1.655067000, 0.114179000);0,3134109;1,686591;;;0,4922587;0,6728053;4,868791
0,3777778;0,322363352;0,03230456;(0.523237200, 0.677548100, 4.860954000);(-0.156500600, 1.655169000, 0.114172800);0,3456653;1,654335;;;0,5232372;0,6775481;4,860954
0,3888889;0,378266642;0,05590329;(0.577354100, 0.678482500, 4.846966000);(-0.156025100, 1.655235000, 0.114147800);0,4014234;1,598596;;;0,5773541;0,6784825;4,846966
0,4;0,457880822;0,07961418;(0.654373300, 0.676347300, 4.826919000);(-0.155384800, 1.655134000, 0.114124200);0,4806325;1,519599;;;0,6543733;0,6763473;4,826919
0,4111111;0,554620782;0,09673996;(0.747251000, 0.664923800, 4.802386000);(-0.154885900, 1.655086000, 0.113973400);0,5760143;1,425334;;;0,747251;0,6649238;4,802386
0,4222222;0,645546662;0,09092588;(0.833346100, 0.646915900, 4.779345000);(-0.154346000, 1.655058000, 0.113691400);0,6647934;1,339186;;;0,8333461;0,6469159;4,779345
0,4333333;0,733022862;0,0874762;(0.913528100, 0.619637600, 4.757463000);(-0.153836700, 1.655064000, 0.113518300);0,748328;1,261162;;;0,9135281;0,6196376;4,757463
0,4444444;0,780444962;0,0474221;(0.959005700, 0.613641600, 4.745434000);(-0.153291800, 1.655086000, 0.113261600);0,7955574;1,215854;;;0,9590057;0,6136416;4,745434
0,4555556;0,805310452;0,02486549;(0.980597900, 0.624849400, 4.740291000);(-0.152556300, 1.654941000, 0.113048500);0,8173793;1,192044;;;0,9805979;0,6248494;4,740291
0,4666667;0,829940692;0,02463024;(1.000570000, 0.638500700, 4.735665000);(-0.151921400, 1.654951000, 0.112897700);0,8376501;1,16955;;;1,00057;0,6385007;4,735665
0,4777778;0,874733302;0,04479261;(1.043322000, 0.646433500, 4.724906000);(-0.151267900, 1.654983000, 0.112624300);0,8817097;1,124762;;;1,043322;0,6464335;4,724906
0,4888889;0,949515812;0,07478251;(1.114805000, 0.658995600, 4.706886000);(-0.150519600, 1.655065000, 0.112466100);0,9555296;1,049981;;;1,114805;0,6589956;4,706886
0,5;1,041205822;0,09169001;(1.203459000, 0.664441500, 4.684129000);(-0.149673600, 1.655082000, 0.112311300);1,047136;0,9588299;;;1,203459;0,6644415;4,684129
0,5111111;1,135352972;0,09414715;(1.294132000, 0.655868100, 4.660283000);(-0.148887500, 1.655113000, 0.112106500);1,140762;0,8683002;;;1,294132;0,6558681;4,660283
0,5222223;1,218468762;0,08311579;(1.373995000, 0.646591200, 4.639210000);(-0.147970000, 1.655021000, 0.111637300);1,223307;0,7896457;;;1,373995;0,6465912;4,63921
0,5333334;1,293640662;0,0751719;(1.444221000, 0.627633900, 4.620244000);(-0.147117700, 1.654979000, 0.111377100);1,29616;0,724143;;;1,444221;0,6276339;4,620244
0,5444446;1,349917002;0,05627634;(1.498484000, 0.623194000, 4.606001000);(-0.146230500, 1.654945000, 0.111144200);1,352321;0,6718015;;;1,498484;0,623194;4,606001
0,5555557;1,407652612;0,05773561;(1.554225000, 0.628017100, 4.591749000);(-0.145308200, 1.654919000, 0.110948100);1,409781;0,6157059;;;1,554225;0,6280171;4,591749
0,5666668;1,459703572;0,05205096;(1.603105000, 0.641159400, 4.579612000);(-0.144350900, 1.654974000, 0.110787800);1,460045;0,5638279;;;1,603105;0,6411594;4,579612
0,577778;1,502901622;0,04319805;(1.634421000, 0.670091500, 4.572663000);(-0.143491000, 1.654921000, 0.110672500);1,49231;0,5242002;;;1,634421;0,6700915;4,572663
0,5888891;1,543412872;0,04051125;(1.665306000, 0.695360700, 4.565679000);(-0.142625200, 1.654899000, 0.110411600);1,524581;0,4865744;;;1,665306;0,6953607;4,565679
0,6000003;1,583532192;0,04011932;(1.703589000, 0.702511900, 4.556046000);(-0.141874800, 1.655113000, 0.110064300);1,564283;0,4466733;;;1,703589;0,7025119;4,556046
0,6111114;1,628098452;0,04456626;(1.746547000, 0.698843500, 4.544764000);(-0.141105400, 1.655109000, 0.109794600);1,608541;0,4054564;;;1,746547;0,6988435;4,544764
0,6222225;1,674419392;0,04632094;(1.791389000, 0.699093000, 4.533152000);(-0.140386100, 1.655114000, 0.109553600);1,654844;0,3618248;;;1,791389;0,699093;4,533152
0,6333337;1,716129992;0,0417106;(1.831543000, 0.695129500, 4.522585000);(-0.139724700, 1.655097000, 0.109330400);1,696222;0,3250596;;;1,831543;0,6951295;4,522585
0,6444448;1,753806402;0,03767641;(1.866883000, 0.686186000, 4.513065000);(-0.139111800, 1.655098000, 0.109107400);1,732568;0,2963505;;;1,866883;0,686186;4,513065
0,655556;1,791043382;0,03723698;(1.902795000, 0.683336300, 4.503642000);(-0.138480400, 1.655137000, 0.108891000);1,769622;0,2660201;;;1,902795;0,6833363;4,503642
0,6666671;1,828235842;0,03719246;(1.936831000, 0.695812800, 4.495325000);(-0.137852800, 1.655235000, 0.108719900);1,804956;0,2300573;;;1,936831;0,6958128;4,495325
0,6777782;1,867765382;0,03952954;(1.962132000, 0.725709500, 4.489974000);(-0.137302600, 1.655407000, 0.108924900);1,831856;0,1918736;;;1,962132;0,7257095;4,489974
0,6888894;1,906428182;0,0386628;(1.978436000, 0.760653600, 4.487160000);(-0.136671600, 1.655391000, 0.108745100);1,850186;0,1604073;;;1,978436;0,7606536;4,48716
0,7000005;1,944161142;0,03773296;(1.980598000, 0.798312300, 4.488119000);(-0.136671600, 1.655391000, 0.108745100);1,854773;0,1463956;;;1,980598;0,7983123;4,488119
0,7111117;1,944161142;0;(1.980598000, 0.798312300, 4.488119000);(-0.135147300, 1.655493000, 0.108285400);1,854773;0,1463956;;;1,980598;0,7983123;4,488119
0,7222228;1,961662402;0,01750126;(1.986983000, 0.814576900, 4.487122000);(-0.134174000, 1.655596000, 0.107799000);1,862594;0,1374241;;;1,986983;0,8145769;4,487122
0,7333339;2,005650382;0,04398798;(2.003907000, 0.774421900, 4.481114000);(-0.133629100, 1.655564000, 0.107570900);1,87721;0,1308591;;;2,003907;0,7744219;4,481114
0,7444451;2,031805982;0,0261556;(2.023741000, 0.758383400, 4.475327000);(-0.133629100, 1.655564000, 0.107570900);1,896785;0,1211214;;;2,023741;0,7583834;4,475327
0,7555562;2,031805982;0;(2.023741000, 0.758383400, 4.475327000);(-0.133052700, 1.655515000, 0.107304200);1,896785;0,1211214;;;2,023741;0,7583834;4,475327
0,7666674;2,046093892;0,01428791;(2.035535000, 0.751047400, 4.471973000);(-0.132323000, 1.655463000, 0.106786300);1,908598;0,1162483;;;2,035535;0,7510474;4,471973
0,7777785;2,061411752;0,01531786;(2.034957000, 0.766335100, 4.472740000);(-0.131726500, 1.655391000, 0.106459300);1,90876;0,1071354;;;2,034957;0,7663351;4,47274
0,7888896;2,094683782;0,03327203;(2.035911000, 0.799575400, 4.473835000);(-0.131341900, 1.655379000, 0.106383000);1,911812;0,09096026;;;2,035911;0,7995754;4,473835
0,8000008;2,130613012;0,03592923;(2.056319000, 0.828859300, 4.469728000);(-0.130768600, 1.655370000, 0.106120400);1,935097;0,06514075;;;2,056319;0,8288593;4,469728
0,8111119;2,156775352;0,02616234;(2.080458000, 0.837026100, 4.463801000);(-0.130361800, 1.655512000, 0.106027100);1,960623;0,04100239;;;2,080458;0,8370261;4,463801
0,8222231;2,178739672;0,02196432;(2.101674000, 0.838695800, 4.458370000);(-0.129871700, 1.655441000, 0.105759500);1,982582;0,02060535;;;2,101674;0,8386958;4,45837
0,8333342;2,173997215;0,004742457;(2.097376000, 0.840316200, 4.459549000);(-0.129630300, 1.655524000, 0.105844600);1,978307;0,02532028;;;2,097376;0,8403162;4,459549
0,8444453;2,164099190;0,009898025;(2.088100000, 0.842699500, 4.462050000);(-0.129249500, 1.655485000, 0.105614700);1,968986;0,03507214;;;2,0881;0,8426995;4,46205
0,8555565;2,144687920;0,01941127;(2.069685000, 0.838646800, 4.466659000);(-0.128849000, 1.655484000, 0.105412400);1,949693;0,05225683;;;2,069685;0,8386468;4,466659
0,8666676;2,137864526;0,006823394;(2.069762000, 0.831830200, 4.466364000);(-0.128518200, 1.655399000, 0.105156400);1,949175;0,05133931;;;2,069762;0,8318302;4,466364
0,8777788;2,146776624;0,008912098;(2.077893000, 0.828935100, 4.464140000);(-0.128150200, 1.655463000, 0.104986400);1,95729;0,04285608;;;2,077893;0,8289351;4,46414
0,8888899;2,156367837;0,009591213;(2.086665000, 0.832166700, 4.461997000);(-0.127867900, 1.655608000, 0.104790600);1,966585;0,03393731;;;2,086665;0,8321667;4,461997
0,900001;2,172430177;0,01606234;(2.089379000, 0.847997900, 4.461932000);(-0.127104900, 1.655892000, 0.104444300);1,970786;0,03631391;;;2,089379;0,8479979;4,461932
0,9111122;2,193325827;0,02089565;(2.100660000, 0.865446300, 4.459713000);(-0.127104900, 1.655892000, 0.104444300);1,984068;0,04110579;;;2,10066;0,8654463;4,459713
0,9222233;2,193325827;0;(2.100660000, 0.865446300, 4.459713000);(-0.126796600, 1.655845000, 0.104215100);1,984068;0,04110579;;;2,10066;0,8654463;4,459713
0,9333345;2,211755937;0,01843011;(2.116638000, 0.857418900, 4.455248000);(-0.126111600, 1.655780000, 0.103882100);1,999683;0,02821468;;;2,116638;0,8574189;4,455248
0,9444456;2,229765617;0,01800968;(2.120734000, 0.839970400, 4.453482000);(-0.126129500, 1.655842000, 0.103908800);2,002289;0,01065867;;;2,120734;0,8399704;4,453482
0,9555568;2,221592892;0,008172725;(2.119652000, 0.831869700, 4.453435000);(-0.125566600, 1.655831000, 0.103397800);2,000484;0,002486497;;;2,119652;0,8318697;4,453435
0,9666679;2,208882172;0,01271072;(2.107611000, 0.834363000, 4.456656000);(-0.125382100, 1.655875000, 0.103285100);1,988312;0,0131803;;;2,107611;0,834363;4,456656
0,977779;2,224675222;0,01579305;(2.107216000, 0.850133800, 4.457396000);(-0.125223400, 1.655897000, 0.103142800);1,989313;0,02436898;;;2,107216;0,8501338;4,457396
0,9888902;2,218304736;0,006370486;(2.103436000, 0.855123400, 4.458577000);(-0.125223400, 1.655897000, 0.103142800);1,985901;0,03070425;;;2,103436;0,8551234;4,458577
1,000001;2,218304736;0;(2.103436000, 0.855123400, 4.458577000);(-0.125020400, 1.655972000, 0.103052900);1,985901;0,03070425;;;2,103436;0,8551234;4,458577
1,011112;2,210985922;0,007318814;(2.096484000, 0.856465000, 4.460433000);(-0.124656200, 1.656197000, 0.102892000);1,97889;0,03614147;;;2,096484;0,856465;4,460433
1,022224;2,200550142;0,01043578;(2.090594000, 0.847932100, 4.461615000);(-0.124922800, 1.656409000, 0.103275700);1,972028;0,03520716;;;2,090594;0,8479321;4,461615
1,033335;2,210473988;0,009923846;(2.098422000, 0.842266600, 4.459357000);(-0.124682000, 1.656513000, 0.103184100);1,979556;0,02530291;;;2,098422;0,8422666;4,459357
1,044446;2,203888486;0,006585502;(2.097634000, 0.835728600, 4.459297000);(-0.124561500, 1.656477000, 0.103092000);1,97817;0,02340205;;;2,097634;0,8357286;4,459297
1,055557;2,202722981;0,001165505;(2.096509000, 0.835633400, 4.459585000);(-0.124528100, 1.656558000, 0.103097400);1,977005;0,02449784;;;2,096509;0,8356334;4,459585
1,066668;2,215120621;0,01239764;(2.099985000, 0.847526400, 4.459165000);(-0.124385800, 1.656638000, 0.103087500);1,981641;0,02716566;;;2,099985;0,8475264;4,459165
1,077779;2,222393252;0,007272631;(2.105032000, 0.852645200, 4.458063000);(-0.124280400, 1.656574000, 0.102983600);1,987305;0,02771226;;;2,105032;0,8526452;4,458063
