time;total distance traveled;distance to prev position;ray position;hmd position;distance to prev target;distance to current target
(-1.008136000, 2.789402000, 4.936229000);(-2.739421000, 3.229822000, 4.036961000);0,3;0,2777778

0;-0,01326112;0,01326112;(-1.019415000, 2.770748000, 4.928336000);(0.025315540, 1.630228000, 0.167993400);0,0231841;1,99091;;;-1,019415;2,770748;4,928336
0,01111111;-0,022464751;0,009203631;(-1.013456000, 2.776646000, 4.932132000);(0.025249600, 1.630173000, 0.168101900);0,01441562;1,996411;;;-1,013456;2,776646;4,932132
0,02222222;-0,027561628;0,005096877;(-1.009994000, 2.779694000, 4.934301000);(0.025220820, 1.630068000, 0.168229700);0,01007123;1,999689;;;-1,009994;2,779694;4,934301
0,03333334;-0,026258183;0,001303445;(-1.011141000, 2.779741000, 4.933683000);(0.025173830, 1.630063000, 0.168414100);0,01043361;1,998409;;;-1,011141;2,779741;4,933683
0,04444445;-0,019045808;0,007212375;(-1.016662000, 2.776486000, 4.930375000);(0.025162160, 1.630029000, 0.168529100);0,01654663;1,992888;;;-1,016662;2,776486;4,930375
0,05555556;-0,0180650629;0,0009807451;(-1.017438000, 2.776100000, 4.929916000);(0.025136160, 1.630042000, 0.168806000);0,01741624;1,992099;;;-1,017438;2,7761;4,929916
0,06666667;-0,0212811699;0,003216107;(-1.017423000, 2.779301000, 4.930227000);(0.025011450, 1.630064000, 0.168933500);0,01497659;1,991525;;;-1,017423;2,779301;4,930227
0,07777778;-0,0289768469;0,007695677;(-1.017464000, 2.786965000, 4.930929000);(0.025023730, 1.629991000, 0.169053800);0,01100203;1,990085;;;-1,017464;2,786965;4,930929
0,08888889;-0,0240425299;0,004934317;(-1.020301000, 2.790827000, 4.929752000);(0.025057720, 1.629949000, 0.169091400);0,01385509;1,986245;;;-1,020301;2,790827;4,929752
0,1;-0,0186553739;0,005387156;(-1.025035000, 2.791296000, 4.927224000);(0.025093350, 1.629904000, 0.169197200);0,01924177;1,980907;;;-1,025035;2,791296;4,927224
0,1111111;-0,0157507559;0,002904618;(-1.025172000, 2.788416000, 4.926877000);(0.025120050, 1.629882000, 0.169291000);0,01945847;1,981273;;;-1,025172;2,788416;4,926877
0,1222222;-0,0219934069;0,006242651;(-1.020031000, 2.785970000, 4.929440000);(0.025020710, 1.629858000, 0.169494200);0,01411968;1,987417;;;-1,020031;2,78597;4,92944
0,1333333;-0,0254415539;0,003448147;(-1.017371000, 2.787483000, 4.931028000);(0.025046500, 1.629835000, 0.169556900);0,01077084;1,990095;;;-1,017371;2,787483;4,931028
0,1444445;-0,0184978479;0,006943706;(-1.016985000, 2.794363000, 4.931889000);(0.025084780, 1.629767000, 0.169694700);0,01103341;1,989299;;;-1,016985;2,794363;4,931889
0,1555556;-0,0119032239;0,006594624;(-1.018568000, 2.800759000, 4.931633000);(0.025035400, 1.629882000, 0.169915800);0,01609071;1,986422;;;-1,018568;2,800759;4,931633
0,1666667;-0,0144714779;0,002568254;(-1.016508000, 2.801705000, 4.932842000);(0.025056290, 1.629884000, 0.170033800);0,01526165;1,988546;;;-1,016508;2,801705;4,932842
0,1777778;-0,0216271679;0,00715569;(-1.010218000, 2.801161000, 4.936209000);(0.025121930, 1.629878000, 0.170124600);0,0119412;1,995631;;;-1,010218;2,801161;4,936209
0,1888889;-0,0165120459;0,005115122;(-1.005821000, 2.802014000, 4.938679000);(0.025235780, 1.629852000, 0.170267100);0,01305469;2,000372;;;-1,005821;2,802014;4,938679
0,2;-0,0154890569;0,001022989;(-1.005029000, 2.802458000, 4.939152000);(0.025287500, 1.629857000, 0.170378300);0,01373458;2,001176;;;-1,005029;2,802458;4,939152
0,2111111;-0,0143779099;0,001111147;(-1.005928000, 2.802937000, 4.938708000);(0.025210940, 1.629865000, 0.170435300);0,01393581;2,000095;;;-1,005928;2,802937;4,938708
0,2222222;-0,0181095489;0,003731639;(-1.009013000, 2.801826000, 4.936927000);(0.025157950, 1.629896000, 0.170522600);0,01247374;1,996856;;;-1,009013;2,801826;4,936927
0,2333333;-0,0149881559;0,003121393;(-1.011757000, 2.802055000, 4.935457000);(0.024855050, 1.630066000, 0.170911000);0,01318346;1,993766;;;-1,011757;2,802055;4,935457
0,2444444;-0,0129203299;0,002067826;(-1.012051000, 2.804102000, 4.935491000);(0.024660490, 1.630101000, 0.171016600);0,01522977;1,993089;;;-1,012051;2,804102;4,935491
0,2555556;-0,0058065339;0,007113796;(-1.016225000, 2.809591000, 4.933742000);(0.024410940, 1.630114000, 0.171097800);0,02189018;1,987515;;;-1,016225;2,809591;4,933742
0,2666667;0,0072971861;0,01310372;(-1.026680000, 2.815611000, 4.928628000);(0.024130050, 1.630208000, 0.171049600);0,03299296;1,974873;;;-1,02668;2,815611;4,928628
0,2777778;0,0246436961;0,01734651;(-1.037419000, 2.828425000, 4.924003000);(0.023880310, 1.630267000, 0.171089800);0,05029592;1,960811;;;-1,037419;2,828425;4,924003
0,2888889;0,0452523161;0,02060862;(-1.051193000, 2.842462000, 4.917844000);(0.023691030, 1.630487000, 0.171169900);0,07076173;1,943223;;;-1,051193;2,842462;4,917844
0,3;0,0654004361;0,02014812;(-1.063399000, 2.857625000, 4.912644000);(0.023482940, 1.630649000, 0.171209100);0,0909097;1,927278;;;-1,063399;2,857625;4,912644
0,3111111;0,0887816161;0,02338118;(-1.080078000, 2.872090000, 4.904946000);(0.023361180, 1.630851000, 0.171227100);0,1139802;1,906513;;;-1,080078;2,87209;4,904946
0,3222222;0,1126792961;0,02389768;(-1.096940000, 2.887153000, 4.897207000);(0.023298500, 1.630952000, 0.171332300);0,1377097;1,885522;;;-1,09694;2,887153;4,897207
0,3333333;0,1387622261;0,02608293;(-1.115444000, 2.903443000, 4.888690000);(0.023262370, 1.631063000, 0.171437600);0,1636466;1,862597;;;-1,115444;2,903443;4,88869
0,3444445;0,1753517661;0,03658954;(-1.144470000, 2.920651000, 4.874542000);(0.023240600, 1.631260000, 0.171412200);0,1990439;1,82784;;;-1,14447;2,920651;4,874542
0,3555556;0,2202852261;0,04493346;(-1.183523000, 2.929497000, 4.854154000);(0.023427320, 1.631435000, 0.171460800);0,2390045;1,782925;;;-1,183523;2,929497;4,854154
0,3666667;0,2823849961;0,06209977;(-1.238118000, 2.934060000, 4.824915000);(0.023630520, 1.631490000, 0.171514500);0,2936125;1,721122;;;-1,238118;2,93406;4,824915
0,3777778;0,3556291961;0,0732442;(-1.302137000, 2.945433000, 4.791197000);(0.024036720, 1.631576000, 0.171575400);0,3630652;1,647888;;;-1,302137;2,945433;4,791197
0,3888889;0,4413443061;0,08571511;(-1.376204000, 2.965108000, 4.752804000);(0.024336330, 1.631680000, 0.171764700);0,447204;1,562327;;;-1,376204;2,965108;4,752804
0,4;0,5184544361;0,07711013;(-1.442635000, 2.983947000, 4.718482000);(0.024927220, 1.631777000, 0.171815500);0,5234985;1,485456;;;-1,442635;2,983947;4,718482
0,4111111;0,5823548961;0,06390046;(-1.498397000, 2.994724000, 4.689195000);(0.025535810, 1.631945000, 0.171933900);0,5861217;1,421556;;;-1,498397;2,994724;4,689195
0,4222222;0,6452527561;0,06289786;(-1.552654000, 3.009707000, 4.661125000);(0.026289060, 1.632017000, 0.172055000);0,6486257;1,358841;;;-1,552654;3,009707;4,661125
0,4333333;0,7183784661;0,07312571;(-1.613259000, 3.037159000, 4.630782000);(0.027049580, 1.632170000, 0.172109200);0,7217028;1,287627;;;-1,613259;3,037159;4,630782
0,4444444;0,8414558661;0,1230774;(-1.707636000, 3.101978000, 4.585619000);(0.027775570, 1.632393000, 0.171967400);0,8425734;1,175565;;;-1,707636;3,101978;4,585619
0,4555556;0,9520192661;0,1105634;(-1.798522000, 3.145748000, 4.540362000);(0.028555100, 1.632680000, 0.171917800);0,953101;1,070408;;;-1,798522;3,145748;4,540362
0,4666667;1,0847898661;0,1327706;(-1.911962000, 3.182882000, 4.482222000);(0.029309540, 1.632850000, 0.171847400);1,085288;0,9408239;;;-1,911962;3,182882;4,482222
0,4777778;1,2235245661;0,1387347;(-2.031735000, 3.215361000, 4.420198000);(0.030108920, 1.633226000, 0.171699300);1,222899;0,8049224;;;-2,031735;3,215361;4,420198
0,4888889;1,3618997661;0,1383752;(-2.152270000, 3.240545000, 4.357072000);(0.030868410, 1.633579000, 0.171601100);1,359409;0,6688301;;;-2,15227;3,240545;4,357072
0,5;1,4829207661;0,121021;(-2.258156000, 3.258207000, 4.301196000);(0.031652860, 1.634002000, 0.171410400);1,478376;0,5497655;;;-2,258156;3,258207;4,301196
0,5111111;1,5908498661;0,1079291;(-2.352951000, 3.257387000, 4.249601000);(0.032389880, 1.634448000, 0.171138500);1,580821;0,4419676;;;-2,352951;3,257387;4,249601
0,5222223;1,6736217961;0,08277193;(-2.425719000, 3.263496000, 4.210631000);(0.033054790, 1.634909000, 0.170844200);1,661565;0,3601453;;;-2,425719;3,263496;4,210631
0,5333334;1,7353429561;0,06172116;(-2.478012000, 3.282652000, 4.184022000);(0.033587040, 1.635236000, 0.170445400);1,723265;0,3045542;;;-2,478012;3,282652;4,184022
0,5444446;1,7805229661;0,04518001;(-2.513655000, 3.304349000, 4.166701000);(0.033929840, 1.635561000, 0.170114500);1,767464;0,2708451;;;-2,513655;3,304349;4,166701
0,5555557;1,8183993861;0,03787642;(-2.539615000, 3.329303000, 4.154953000);(0.034321330, 1.635840000, 0.169627500);1,80203;0,2524701;;;-2,539615;3,329303;4,154953
0,5666668;1,8604608261;0,04206144;(-2.571313000, 3.352505000, 4.139918000);(0.034597070, 1.636255000, 0.168919600);1,842476;0,2321886;;;-2,571313;3,352505;4,139918
0,577778;1,8933455561;0,03288473;(-2.593909000, 3.374092000, 4.129679000);(0.034863360, 1.636644000, 0.168366700);1,872714;0,2249097;;;-2,593909;3,374092;4,129679
0,5888891;1,9255817761;0,03223622;(-2.616494000, 3.394643000, 4.119348000);(0.034951230, 1.637094000, 0.167839500);1,902742;0,2215057;;;-2,616494;3,394643;4,119348
0,6000003;1,9541297861;0,02854801;(-2.639277000, 3.407747000, 4.108204000);(0.035077100, 1.637473000, 0.167195700);1,930958;0,2162443;;;-2,639277;3,407747;4,108204
0,6111114;1,9675249261;0,01339514;(-2.650475000, 3.412465000, 4.102565000);(0.035080930, 1.637735000, 0.166506300);1,944345;0,2134798;;;-2,650475;3,412465;4,102565
0,6222225;1,9816861261;0,0141612;(-2.660855000, 3.420784000, 4.097710000);(0.035005540, 1.638008000, 0.165854300);1,957865;0,2152428;;;-2,660855;3,420784;4,09771
0,6333337;2,0028959161;0,02120979;(-2.678789000, 3.427509000, 4.088599000);(0.034881060, 1.638249000, 0.165114400);1,979075;0,2131261;;;-2,678789;3,427509;4,088599
0,6444448;2,0346088961;0,03171298;(-2.705301000, 3.438665000, 4.075244000);(0.034829050, 1.638440000, 0.164453000);2,010772;0,215047;;;-2,705301;3,438665;4,075244
0,655556;2,0621482761;0,02753938;(-2.729100000, 3.444978000, 4.062907000);(0.034614630, 1.638705000, 0.163705700);2,038182;0,2169606;;;-2,7291;3,444978;4,062907
0,6666671;2,0848623061;0,02271403;(-2.748737000, 3.450132000, 4.052722000);(0.034433170, 1.638778000, 0.162926500);2,060786;0,2210694;;;-2,748737;3,450132;4,052722
0,6777782;2,1071278761;0,02226557;(-2.767688000, 3.456684000, 4.043042000);(0.034261890, 1.638871000, 0.162151600);2,083043;0,2286963;;;-2,767688;3,456684;4,043042
0,6888894;2,1288499961;0,02172212;(-2.786623000, 3.460528000, 4.033115000);(0.034040010, 1.638934000, 0.161379100);2,104528;0,2355158;;;-2,786623;3,460528;4,033115
0,7000005;2,1562985661;0,02744857;(-2.810752000, 3.462610000, 4.020198000);(0.033779790, 1.638986000, 0.160664400);2,131137;0,2440472;;;-2,810752;3,46261;4,020198
0,7111117;2,1748443961;0,01854583;(-2.826796000, 3.466757000, 4.011871000);(0.033539540, 1.639048000, 0.159919100);2,149598;0,2537755;;;-2,826796;3,466757;4,011871
0,7222228;2,1819422211;0,007097825;(-2.826759000, 3.473822000, 4.012559000);(0.033342530, 1.639108000, 0.159231500);2,151507;0,2603054;;;-2,826759;3,473822;4,012559
0,7333339;2,1706273611;0,01131486;(-2.821282000, 3.482948000, 4.016398000);(0.033149840, 1.639049000, 0.158552200);2,14816;0,2668266;;;-2,821282;3,482948;4,016398
0,7444451;2,1335908211;0,03703654;(-2.789413000, 3.488957000, 4.034286000);(0.032997610, 1.638961000, 0.157808600);2,115614;0,2639264;;;-2,789413;3,488957;4,034286
0,7555562;2,1209503111;0,01264051;(-2.778950000, 3.492680000, 4.040324000);(0.032888970, 1.638958000, 0.157226000);2,105476;0,2658343;;;-2,77895;3,49268;4,040324
0,7666674;2,1143836671;0,006566644;(-2.775594000, 3.487188000, 4.041629000);(0.032820380, 1.638964000, 0.156598900);2,100267;0,2599375;;;-2,775594;3,487188;4,041629
0,7777785;2,1288983871;0,01451472;(-2.779693000, 3.473711000, 4.038128000);(0.032722830, 1.638988000, 0.156022400);2,10078;0,2471943;;;-2,779693;3,473711;4,038128
0,7888896;2,1448222371;0,01592385;(-2.789574000, 3.462981000, 4.031743000);(0.032719880, 1.638947000, 0.155434800);2,108394;0,2385482;;;-2,789574;3,462981;4,031743
0,8000008;2,1579006771;0,01307844;(-2.793396000, 3.450894000, 4.028523000);(0.032771900, 1.638877000, 0.154884900);2,109183;0,2277219;;;-2,793396;3,450894;4,028523
0,8111119;2,1343871271;0,02351355;(-2.795390000, 3.427696000, 4.025247000);(0.032885690, 1.638800000, 0.154355900);2,105133;0,2059699;;;-2,79539;3,427696;4,025247
0,8222231;2,1048286271;0,0295585;(-2.791893000, 3.398358000, 4.024375000);(0.032764420, 1.638701000, 0.153961600);2,093822;0,1769629;;;-2,791893;3,398358;4,024375
0,8333342;2,0797478071;0,02508082;(-2.785423000, 3.374157000, 4.025603000);(0.032727780, 1.638575000, 0.153494000);2,080848;0,1519132;;;-2,785423;3,374157;4,025603
0,8444453;2,0742657931;0,005482014;(-2.783133000, 3.369238000, 4.026383000);(0.032778820, 1.638399000, 0.152947300);2,077172;0,1464896;;;-2,783133;3,369238;4,026383
0,8555565;2,0770088501;0,002743057;(-2.784145000, 3.371768000, 4.026072000);(0.032905930, 1.638277000, 0.152502600);2,078881;0,1492225;;;-2,784145;3,371768;4,026072
0,8666676;2,0754676341;0,001541216;(-2.782888000, 3.371131000, 4.026695000);(0.032845980, 1.638317000, 0.152190000);2,077355;0,148199;;;-2,782888;3,371131;4,026695
0,8777788;2,0681372381;0,007330396;(-2.776720000, 3.368692000, 4.029817000);(0.032992950, 1.638175000, 0.151908200);2,070036;0,1439691;;;-2,77672;3,368692;4,029817
0,8888899;2,0556824581;0,01245478;(-2.772135000, 3.357198000, 4.031222000);(0.033114930, 1.638082000, 0.151535800);2,06231;0,1316344;;;-2,772135;3,357198;4,031222
0,900001;2,0388455281;0,01683693;(-2.771751000, 3.340422000, 4.029844000);(0.033275090, 1.638082000, 0.151180200);2,058032;0,1154473;;;-2,771751;3,340422;4,029844
0,9111122;2,0283437281;0,0105018;(-2.773601000, 3.330272000, 4.027880000);(0.033356800, 1.638013000, 0.150791700);2,057791;0,1064938;;;-2,773601;3,330272;4,02788
0,9222233;2,0420377381;0,01369401;(-2.777879000, 3.317746000, 4.024371000);(0.033185050, 1.638153000, 0.150308900);2,059763;0,09678905;;;-2,777879;3,317746;4,024371
0,9333345;2,0242748681;0,01776287;(-2.770083000, 3.302025000, 4.027122000);(0.033242210, 1.638181000, 0.149902100);2,047856;0,07905763;;;-2,770083;3,302025;4,027122
0,9444456;2,0098012981;0,01447357;(-2.762756000, 3.289868000, 4.029954000);(0.033218830, 1.638170000, 0.149552400);2,037275;0,06480043;;;-2,762756;3,289868;4,029954
0,9555568;2,0030754281;0,00672587;(-2.759559000, 3.284071000, 4.031144000);(0.033248090, 1.638148000, 0.149212200);2,032574;0,05815781;;;-2,759559;3,284071;4,031144
0,9666679;1,9953213621;0,007754066;(-2.757998000, 3.276477000, 4.031275000);(0.033268840, 1.638129000, 0.148863600);2,029335;0,05053813;;;-2,757998;3,276477;4,031275
0,977779;1,9886908471;0,006630515;(-2.754160000, 3.271312000, 4.032873000);(0.033243470, 1.638127000, 0.148463400);2,024077;0,04421922;;;-2,75416;3,271312;4,032873
0,9888902;1,9825931931;0,006097654;(-2.749319000, 3.268452000, 4.035233000);(0.033181640, 1.638134000, 0.148116700);2,018167;0,03991528;;;-2,749319;3,268452;4,035233
1,000001;1,9785719101;0,004021283;(-2.746741000, 3.271062000, 4.036880000);(0.033146160, 1.638191000, 0.147710900);2,01583;0,04188465;;;-2,746741;3,271062;4,03688
1,011112;1,9841344071;0,005562497;(-2.751054000, 3.268667000, 4.034310000);(0.032812600, 1.638383000, 0.147573700);2,020127;0,04063544;;;-2,751054;3,268667;4,03431
1,022224;1,9948131371;0,01067873;(-2.757318000, 3.261064000, 4.030188000);(0.032695280, 1.638399000, 0.147288000);2,025589;0,0366362;;;-2,757318;3,261064;4,030188
1,033335;2,0044263451;0,009613208;(-2.759342000, 3.251875000, 4.028219000);(0.032613240, 1.638408000, 0.146972800);2,026101;0,030977;;;-2,759342;3,251875;4,028219
1,044446;1,9934478651;0,01097848;(-2.760075000, 3.241014000, 4.026794000);(0.032410190, 1.638428000, 0.146738600);2,024923;0,02559677;;;-2,760075;3,241014;4,026794
1,055557;1,9826382451;0,01080962;(-2.756818000, 3.230738000, 4.027593000);(0.032323770, 1.638435000, 0.146445900);2,019476;0,01977919;;;-2,756818;3,230738;4,027593
1,066668;1,9780007371;0,004637508;(-2.755820000, 3.226211000, 4.027707000);(0.032252180, 1.638424000, 0.146175800);2,017576;0,01917281;;;-2,75582;3,226211;4,027707
1,077779;1,9831621641;0,005161427;(-2.759385000, 3.223211000, 4.025486000);(0.031968460, 1.638480000, 0.145973000);2,021019;0,02395698;;;-2,759385;3,223211;4,025486
1,08889;1,9918558961;0,008693732;(-2.761499000, 3.215001000, 4.023561000);(0.031747270, 1.638405000, 0.145713200);2,021973;0,02977632;;;-2,761499;3,215001;4,023561
1,100002;1,9979877791;0,006131883;(-2.763544000, 3.209456000, 4.021926000);(0.031617960, 1.638378000, 0.145493200);2,023326;0,03496735;;;-2,763544;3,209456;4,021926
1,111113;2,0029178031;0,004930024;(-2.767824000, 3.208892000, 4.019547000);(0.031517180, 1.638431000, 0.145213800);2,027999;0,03934553;;;-2,767824;3,208892;4,019547
1,122224;2,0086056341;0,005687831;(-2.772783000, 3.209889000, 4.016945000);(0.031243940, 1.638438000, 0.145065000);2,033684;0,04371442;;;-2,772783;3,209889;4,016945
1,133335;2,0121497551;0,003544121;(-2.775674000, 3.208715000, 4.015264000);(0.031104360, 1.638379000, 0.144843700);2,03671;0,04722808;;;-2,775674;3,208715;4,015264
1,144446;2,0077819421;0,004367813;(-2.773265000, 3.205205000, 4.016241000);(0.030997240, 1.638344000, 0.144531400);2,033458;0,04669853;;;-2,773265;3,205205;4,016241
1,155557;2,0023325211;0,005449421;(-2.771285000, 3.200164000, 4.016840000);(0.030863360, 1.638324000, 0.144274000);2,030442;0,047956;;;-2,771285;3,200164;4,01684
1,166668;1,9992640651;0,003068456;(-2.770952000, 3.197115000, 4.016734000);(0.030615560, 1.638430000, 0.144103100);2,029586;0,04972968;;;-2,770952;3,197115;4,016734
