time;total distance traveled;distance to prev position;ray position;hmd position;distance to prev target;distance to current target
(0.469247300, 0.957280800, 4.902541000);(1.857641000, 2.369924000, 4.625408000);0,2777778;0,2777778

0;-0,003564615;0,003564615;(0.426389600, 0.965286600, 4.911649000);(0.192355700, 1.619782000, -0.023267360);0,04454023;2,02569;;;0,4263896;0,9652866;4,911649
0,01111111;-0,009949865;0,00638525;(0.429882300, 0.970588700, 4.910971000);(0.192276200, 1.619843000, -0.023428170);0,04240019;2,01945;;;0,4298823;0,9705887;4,910971
0,02222222;-0,009949865;0;(0.429882300, 0.970588700, 4.910971000);(0.192099700, 1.619770000, -0.023640010);0,04240019;2,01945;;;0,4298823;0,9705887;4,910971
0,03333334;-0,002685676;0,007264189;(0.431393000, 0.977690000, 4.910729000);(0.192062500, 1.619786000, -0.023792060);0,0437782;2,013431;;;0,431393;0,97769;4,910729
0,04444445;-0,007180562;0,004494886;(0.435515800, 0.979265300, 4.909878000);(0.191943900, 1.619766000, -0.023858280);0,04092627;2,009302;;;0,4355158;0,9792653;4,909878
0,05555556;-0,011796491;0,004615929;(0.438264000, 0.975608300, 4.909260000);(0.191853200, 1.619812000, -0.023996920);0,03661988;2,009805;;;0,438264;0,9756083;4,90926
0,06666667;-0,018833516;0,007037025;(0.443254900, 0.970771500, 4.908158000);(0.191790200, 1.619817000, -0.024216150);0,02981869;2,009493;;;0,4432549;0,9707715;4,908158
0,07777778;-0,025813383;0,006979867;(0.441896900, 0.963928300, 4.908370000);(0.191679600, 1.619861000, -0.024284390);0,02874387;2,015247;;;0,4418969;0,9639283;4,90837
0,08888889;-0,021584886;0,004228497;(0.439763400, 0.960300700, 4.908781000);(0.191650200, 1.619854000, -0.024439070);0,0302879;2,019335;;;0,4397634;0,9603007;4,908781
0,1;-0,016702522;0,004882364;(0.435260800, 0.958657700, 4.909711000);(0.191616100, 1.619858000, -0.024585520);0,03476184;2,023775;;;0,4352608;0,9586577;4,909711
0,1111111;-0,011765807;0,004936715;(0.431087700, 0.961135100, 4.910616000);(0.191601500, 1.619926000, -0.024811770);0,03919456;2,025113;;;0,4310877;0,9611351;4,910616
0,1222222;-0,0108644812;0,0009013258;(0.430635300, 0.961907900, 4.910719000);(0.191546200, 1.619813000, -0.025033320);0,03973883;2,024909;;;0,4306353;0,9619079;4,910719
0,1333333;-0,0103300893;0,0005343919;(0.430175700, 0.961652000, 4.910813000);(0.191527400, 1.619775000, -0.025240270);0,04017621;2,025424;;;0,4301757;0,961652;4,910813
0,1444445;-0,01029032496;0,00003976434;(0.430164500, 0.961690100, 4.910816000);(0.191538400, 1.619793000, -0.025491630);0,04019191;2,025406;;;0,4301645;0,9616901;4,910816
0,1555556;-0,00812599896;0,002164326;(0.428760600, 0.963307400, 4.911129000);(0.191514800, 1.619791000, -0.025693270);0,04182398;2,025316;;;0,4287606;0,9633074;4,911129
0,1666667;-0,00280760996;0,005318389;(0.426456600, 0.968070700, 4.911665000);(0.191505500, 1.619839000, -0.025891160);0,04506341;2,023715;;;0,4264566;0,9680707;4,911665
0,1777778;0,00149467604;0,004302286;(0.423954100, 0.971524500, 4.912230000);(0.191516200, 1.619908000, -0.025966140);0,04845848;2,023177;;;0,4239541;0,9715245;4,91223
0,1888889;0,00501466304;0,003519987;(0.420812000, 0.972959800, 4.912906000);(0.191487100, 1.619974000, -0.026151870);0,05195421;2,02451;;;0,420812;0,9729598;4,912906
0,2;0,00817880504;0,003164142;(0.418139000, 0.971356900, 4.913452000);(0.191442000, 1.620045000, -0.026346830);0,05412239;2,027591;;;0,418139;0,9713569;4,913452
0,2111111;0,01103710004;0,002858295;(0.416589000, 0.968974200, 4.913752000);(0.191380200, 1.620115000, -0.026549670);0,05509376;2,030377;;;0,416589;0,9689742;4,913752
0,2222222;0,00934488104;0,001692219;(0.417635700, 0.967665400, 4.913518000);(0.191309100, 1.620169000, -0.026881250);0,05377812;2,030505;;;0,4176357;0,9676654;4,913518
0,2333333;0,00617303004;0,003171851;(0.420383300, 0.969146800, 4.912955000);(0.191306300, 1.620215000, -0.027088370);0,05135122;2,027454;;;0,4203833;0,9691468;4,912955
0,2444444;-0,00629279996;0,01246583;(0.430183800, 0.976590900, 4.910972000);(0.191089800, 1.620318000, -0.027186190);0,04438371;2,015082;;;0,4301838;0,9765909;4,910972
0,2555556;-0,03307163996;0,02677884;(0.450652300, 0.993356900, 4.906843000);(0.191013000, 1.620463000, -0.027350340);0,04081384;1,988406;;;0,4506523;0,9933569;4,906843
0,2666667;-0,00105855996;0,03201308;(0.478470400, 1.008139000, 4.901145000);(0.190852600, 1.620608000, -0.027523490);0,05170704;1,957702;;;0,4784704;1,008139;4,901145
0,2777778;0,03400060004;0,03505916;(0.509944300, 1.022161000, 4.894670000);(0.190746500, 1.620761000, -0.027649310);0,07699121;1,924903;;;0,5099443;1,022161;4,89467
0,2888889;0,06951198004;0,03551138;(0.541526700, 1.037044000, 4.888181000);(0.190610000, 1.620864000, -0.027776210);0,1085943;1,8915;;;0,5415267;1,037044;4,888181
0,3;0,11624728004;0,0467353;(0.579770900, 1.062756000, 4.880405000);(0.190472200, 1.620913000, -0.027912110);0,1543714;1,845714;;;0,5797709;1,062756;4,880405
0,3111111;0,16316607004;0,04691879;(0.612981100, 1.095227000, 4.873762000);(0.190362700, 1.621028000, -0.028006400);0,2012875;1,798808;;;0,6129811;1,095227;4,873762
0,3222222;0,21363557004;0,0504695;(0.648093800, 1.130795000, 4.866751000);(0.190442700, 1.621050000, -0.028162810);0,2517422;1,748339;;;0,6480938;1,130795;4,866751
0,3333333;0,26247987004;0,0488443;(0.684306000, 1.162755000, 4.859471000);(0.190298800, 1.621086000, -0.028301330);0,300541;1,699634;;;0,684306;1,162755;4,859471
0,3444445;0,32108141004;0,05860154;(0.727222400, 1.201717000, 4.850853000);(0.190067500, 1.621180000, -0.028392050);0,3591267;1,641151;;;0,7272224;1,201717;4,850853
0,3555556;0,38368140004;0,06259999;(0.773088100, 1.243314000, 4.841644000);(0.189890000, 1.621310000, -0.028573960);0,4217139;1,57869;;;0,7730881;1,243314;4,841644
0,3666667;0,45809439004;0,07441299;(0.825437500, 1.295153000, 4.831180000);(0.189735700, 1.621364000, -0.028702710);0,4961067;1,504299;;;0,8254375;1,295153;4,83118
0,3777778;0,53777847004;0,07968408;(0.880402200, 1.351795000, 4.820216000);(0.189583500, 1.621406000, -0.028819170);0,5757316;1,424616;;;0,8804022;1,351795;4,820216
0,3888889;0,61991476004;0,08213629;(0.937750100, 1.409470000, 4.808762000);(0.189420500, 1.621466000, -0.028905840);0,6578481;1,342494;;;0,9377501;1,40947;4,808762
0,4;0,69681231004;0,07689755;(0.995847700, 1.458468000, 4.797056000);(0.189236700, 1.621468000, -0.029060160);0,734591;1,266057;;;0,9958477;1,458468;4,797056
0,4111111;0,77867263004;0,08186032;(1.060188000, 1.507375000, 4.784036000);(0.189054200, 1.621371000, -0.029122200);0,8160015;1,185362;;;1,060188;1,507375;4,784036
0,4222222;0,85587453004;0,0772019;(1.117680000, 1.557586000, 4.772471000);(0.188876900, 1.621344000, -0.029271330);0,8931679;1,108631;;;1,11768;1,557586;4,772471
0,4333333;0,92733078004;0,07145625;(1.168393000, 1.606893000, 4.762324000);(0.188729000, 1.621277000, -0.029455570);0,9646044;1,037316;;;1,168393;1,606893;4,762324
0,4444444;0,99470171004;0,06737093;(1.212565000, 1.657002000, 4.753563000);(0.188583500, 1.621288000, -0.029598270);1,031662;0,9699504;;;1,212565;1,657002;4,753563
0,4555556;1,05112331004;0,0564216;(1.239440000, 1.706346000, 4.748434000);(0.188442100, 1.621364000, -0.029774160);1,085378;0,9152284;;;1,23944;1,706346;4,748434
0,4666667;1,11112238004;0,05999907;(1.274645000, 1.754439000, 4.741539000);(0.188323200, 1.621385000, -0.029955180);1,144573;0,8556821;;;1,274645;1,754439;4,741539
0,4777778;1,16927938004;0,058157;(1.313817000, 1.796713000, 4.733746000);(0.188142900, 1.621408000, -0.030111340);1,202679;0,7975289;;;1,313817;1,796713;4,733746
0,4888889;1,22963381004;0,06035443;(1.355159000, 1.839905000, 4.725505000);(0.187991000, 1.621444000, -0.030330990);1,263015;0,737175;;;1,355159;1,839905;4,725505
0,5;1,28432832004;0,05469451;(1.393867000, 1.877763000, 4.717762000);(0.187809700, 1.621465000, -0.030533880);1,317707;0,6825229;;;1,393867;1,877763;4,717762
0,5111111;1,33942033004;0,05509201;(1.431720000, 1.917074000, 4.710216000);(0.187657100, 1.621502000, -0.030755730);1,372787;0,6274344;;;1,43172;1,917074;4,710216
0,5222223;1,39710176004;0,05768143;(1.469858000, 1.959680000, 4.702643000);(0.187469100, 1.621567000, -0.030950740);1,430379;0,5697724;;;1,469858;1,95968;4,702643
0,5333334;1,44081284004;0,04371108;(1.499736000, 1.991025000, 4.696690000);(0.187469100, 1.621567000, -0.030950740);1,474079;0,5260617;;;1,499736;1,991025;4,69669
0,5444446;1,44081284004;0;(1.499736000, 1.991025000, 4.696690000);(0.187340800, 1.621714000, -0.031115550);1,474079;0,5260617;;;1,499736;1,991025;4,69669
0,5555557;1,48723873004;0,04642589;(1.529664000, 2.026019000, 4.690765000);(0.187223700, 1.621840000, -0.031329830);1,520373;0,4796985;;;1,529664;2,026019;4,690765
0,5666668;1,53342878004;0,04619005;(1.559003000, 2.061220000, 4.684966000);(0.187169700, 1.621934000, -0.031510900);1,566393;0,4336237;;;1,559003;2,06122;4,684966
0,577778;1,57696610004;0,04353732;(1.587145000, 2.093969000, 4.679393000);(0.187105300, 1.622050000, -0.031751470);1,609829;0,3901711;;;1,587145;2,093969;4,679393
0,5888891;1,62284724004;0,04588114;(1.617481000, 2.127859000, 4.673370000);(0.186929300, 1.622130000, -0.031997400);1,655661;0,3443436;;;1,617481;2,127859;4,67337
0,6000003;1,66564496004;0,04279772;(1.645301000, 2.159910000, 4.667857000);(0.186864800, 1.622178000, -0.032257330);1,69838;0,301655;;;1,645301;2,15991;4,667857
0,6111114;1,70218375004;0,03653879;(1.672588000, 2.183582000, 4.662366000);(0.186823300, 1.622320000, -0.032607990);1,734799;0,2652049;;;1,672588;2,183582;4,662366
0,6222225;1,73069352004;0,02850977;(1.695689000, 2.199618000, 4.657675000);(0.186820200, 1.622389000, -0.032858270);1,762816;0,2372207;;;1,695689;2,199618;4,657675
0,6333337;1,76374625004;0,03305273;(1.722533000, 2.218115000, 4.652222000);(0.186773700, 1.622463000, -0.033148180);1,795296;0,2049854;;;1,722533;2,218115;4,652222
0,6444448;1,79293381004;0,02918756;(1.747569000, 2.232218000, 4.647103000);(0.186837100, 1.622536000, -0.033472910);1,823409;0,177621;;;1,747569;2,232218;4,647103
0,655556;1,82452884004;0,03159503;(1.773914000, 2.248813000, 4.641735000);(0.186875300, 1.622647000, -0.033749300);1,854246;0,1481371;;;1,773914;2,248813;4,641735
0,6666671;1,85925943004;0,03473059;(1.801428000, 2.269261000, 4.636162000);(0.186862500, 1.622742000, -0.033891930);1,888638;0,1157952;;;1,801428;2,269261;4,636162
0,6777782;1,89261850004;0,03335907;(1.827888000, 2.288856000, 4.630801000);(0.186961200, 1.622878000, -0.034129220);1,921676;0,0865231;;;1,827888;2,288856;4,630801
0,6888894;1,91740069004;0,02478219;(1.846580000, 2.304686000, 4.627037000);(0.187075900, 1.623029000, -0.034413710);1,946394;0,06618878;;;1,84658;2,304686;4,627037
0,7000005;1,92562331204;0,008222622;(1.852885000, 2.309809000, 4.625764000);(0.187156800, 1.623195000, -0.034717990);1,954582;0,06030354;;;1,852885;2,309809;4,625764
0,7111117;1,94209810204;0,01647479;(1.864562000, 2.321193000, 4.623427000);(0.187298800, 1.623348000, -0.034922610);1,971057;0,04925923;;;1,864562;2,321193;4,623427
0,7222228;1,95050669504;0,008408593;(1.869929000, 2.327579000, 4.622366000);(0.187457500, 1.623437000, -0.035204720);1,979425;0,04419675;;;1,869929;2,327579;4,622366
0,7333339;1,96128342504;0,01077673;(1.872029000, 2.338144000, 4.622038000);(0.187622200, 1.623428000, -0.035387430);1,988281;0,03504775;;;1,872029;2,338144;4,622038
0,7444451;1,97136008504;0,01007666;(1.874163000, 2.347986000, 4.621694000);(0.187819200, 1.623400000, -0.035740580);1,996678;0,02771343;;;1,874163;2,347986;4,621694
0,7555562;1,96098205504;0,01037803;(1.864468000, 2.351053000, 4.623768000);(0.188003600, 1.623408000, -0.036020370);1,991721;0,0201346;;;1,864468;2,351053;4,623768
0,7666674;1,96508669604;0,004104641;(1.861687000, 2.354008000, 4.624385000);(0.188240800, 1.623377000, -0.036423530);1,99176;0,01645344;;;1,861687;2,354008;4,624385
0,7777785;1,95660492104;0,008481775;(1.854238000, 2.357732000, 4.625993000);(0.188458000, 1.623422000, -0.036668990);1,988955;0,01267135;;;1,854238;2,357732;4,625993
0,7888896;1,95813252104;0,0015276;(1.853745000, 2.359173000, 4.626112000);(0.188663900, 1.623366000, -0.036937090);1,98961;0,0114566;;;1,853745;2,359173;4,626112
0,8000008;1,96177713804;0,003644617;(1.854906000, 2.362621000, 4.625905000);(0.188880200, 1.623387000, -0.037209600);1,992877;0,007813432;;;1,854906;2,362621;4,625905
0,8111119;1,96873582004;0,006958682;(1.859235000, 2.368002000, 4.625051000);(0.189045600, 1.623348000, -0.037451600);1,9998;0,002522008;;;1,859235;2,368002;4,625051
0,8222231;1,97966919004;0,01093337;(1.860056000, 2.378905000, 4.624996000);(0.189257700, 1.623289000, -0.037727800);2,008082;0,009309066;;;1,860056;2,378905;4,624996
0,8333342;1,99457789004;0,0149087;(1.859108000, 2.393779000, 4.625355000);(0.189388500, 1.623305000, -0.037956860);2,017937;0,02390034;;;1,859108;2,393779;4,625355
0,8444453;2,00976649004;0,0151886;(1.854143000, 2.408083000, 4.626554000);(0.189564100, 1.623251000, -0.038142170);2,024581;0,03833627;;;1,854143;2,408083;4,626554
0,8555565;2,02308337004;0,01331688;(1.849282000, 2.420427000, 4.627709000);(0.189714000, 1.623234000, -0.038377430);2,029981;0,05124204;;;1,849282;2,420427;4,627709
0,8666676;2,01364599004;0,00943738;(1.840241000, 2.422331000, 4.629633000);(0.189859700, 1.623248000, -0.038588490);2,024963;0,05538165;;;1,840241;2,422331;4,629633
0,8777788;2,00159499004;0,012051;(1.839885000, 2.410285000, 4.629579000);(0.189957000, 1.623330000, -0.038835500);2,01603;0,04429132;;;1,839885;2,410285;4,629579
0,8888899;1,98268546004;0,01890953;(1.849973000, 2.394456000, 4.627285000);(0.190106700, 1.623410000, -0.039019320);2,011875;0,02577174;;;1,849973;2,394456;4,627285
0,900001;1,96367377004;0,01901169;(1.861302000, 2.379403000, 4.624738000);(0.190235500, 1.623406000, -0.039164690);2,009334;0,01018372;;;1,861302;2,379403;4,624738
0,9111122;1,95279624004;0,01087753;(1.864761000, 2.369124000, 4.623900000);(0.190359100, 1.623378000, -0.039319960);2,004595;0,007321911;;;1,864761;2,369124;4,6239
0,9222233;1,94422727304;0,008568967;(1.866598000, 2.360768000, 4.623424000);(0.190468400, 1.623320000, -0.039489480);2,000067;0,01296089;;;1,866598;2,360768;4,623424
0,9333345;1,93827622404;0,005951049;(1.865776000, 2.354875000, 4.623534000);(0.190573500, 1.623265000, -0.039639320);1,995346;0,01720901;;;1,865776;2,354875;4,623534
0,9444456;1,93126902204;0,007007202;(1.862775000, 2.348568000, 4.624098000);(0.190458400, 1.623360000, -0.039681640);1,988751;0,02200305;;;1,862775;2,348568;4,624098
0,9555568;1,92311260904;0,008156413;(1.855525000, 2.345141000, 4.625587000);(0.190507900, 1.623355000, -0.039798590);1,981066;0,0248735;;;1,855525;2,345141;4,625587
0,9666679;1,91460410604;0,008508503;(1.848674000, 2.340290000, 4.626977000);(0.190537200, 1.623432000, -0.039956300);1,97268;0,03100009;;;1,848674;2,34029;4,626977
0,977779;1,90177782604;0,01282628;(1.836251000, 2.338430000, 4.629573000);(0.190546200, 1.623493000, -0.040084390);1,962342;0,03829752;;;1,836251;2,33843;4,629573
0,9888902;1,89712171304;0,004656113;(1.831698000, 2.338252000, 4.630529000);(0.190527900, 1.623502000, -0.040263860);1,958914;0,04125958;;;1,831698;2,338252;4,630529
1,000001;1,89222898004;0,004892733;(1.834283000, 2.334140000, 4.629941000);(0.190541000, 1.623503000, -0.040338070);1,9579;0,04297275;;;1,834283;2,33414;4,629941
1,011112;1,90152321004;0,00929423;(1.842613000, 2.330429000, 4.628148000);(0.190533200, 1.623429000, -0.040440290);1,961367;0,04234568;;;1,842613;2,330429;4,628148
1,022224;1,90701383104;0,005490621;(1.846885000, 2.327109000, 4.627213000);(0.190565900, 1.623446000, -0.040505860);1,962172;0,04418199;;;1,846885;2,327109;4,627213
1,033335;1,90850425304;0,001490422;(1.846004000, 2.328295000, 4.627411000);(0.190551500, 1.623461000, -0.040555450);1,962355;0,04327105;;;1,846004;2,328295;4,627411
1,044446;1,91703683004;0,008532577;(1.842576000, 2.336067000, 4.628216000);(0.190457000, 1.623518000, -0.040561530);1,965283;0,0371635;;;1,842576;2,336067;4,628216
1,055557;1,92796603004;0,0109292;(1.843710000, 2.346936000, 4.628094000);(0.190468700, 1.623484000, -0.040613140);1,97373;0,02701298;;;1,84371;2,346936;4,628094
1,066668;1,93941507004;0,01144904;(1.846328000, 2.358073000, 4.627662000);(0.190489000, 1.623458000, -0.040670130);1,983464;0,01653718;;;1,846328;2,358073;4,627662
1,077779;1,94692548204;0,007510412;(1.853445000, 2.359963000, 4.626184000);(0.190503900, 1.623421000, -0.040451140);1,989949;0,0108356;;;1,853445;2,359963;4,626184
