time;total distance traveled;distance to prev position;ray position;hmd position;distance to prev target;distance to current target
(2.547651000, 0.089477660, 4.091959000);(1.784316000, 1.838590000, 4.690231000);0,3111111;0,3

0;-0,007550293;0,007550293;(2.521653000, 0.099579630, 4.109715000);(0.194444000, 1.617888000, -0.042830260);0,03306442;1,976061;;;2,521653;0,09957963;4,109715
0,01111111;-0,000691893;0,0068584;(2.516387000, 0.096719560, 4.113052000);(0.194547500, 1.617850000, -0.042841290);0,03840296;1,975645;;;2,516387;0,09671956;4,113052
0,02222222;-0,0016283122;0,0009364192;(2.516998000, 0.096158620, 4.112617000);(0.194653500, 1.617815000, -0.042825070);0,03756329;1,976493;;;2,516998;0,09615862;4,112617
0,03333334;-0,0050697912;0,003441479;(2.519543000, 0.094657240, 4.110853000);(0.194789200, 1.617796000, -0.042820250);0,03426174;1,979277;;;2,519543;0,09465724;4,110853
0,04444445;-0,0101957732;0,005125982;(2.523048000, 0.097710010, 4.108692000);(0.194915400, 1.617779000, -0.042807310);0,03087169;1,978528;;;2,523048;0,09771001;4,108692
0,05555556;-0,0169216162;0,006725843;(2.527905000, 0.101240300, 4.105662000);(0.195030300, 1.617785000, -0.042773340);0,0267585;1,978138;;;2,527905;0,1012403;4,105662
0,06666667;-0,0250814292;0,008159813;(2.533724000, 0.105670500, 4.102042000);(0.195030300, 1.617785000, -0.042773340);0,02361872;1,97752;;;2,533724;0,1056705;4,102042
0,07777778;-0,0250814292;0;(2.533724000, 0.105670500, 4.102042000);(0.195056400, 1.617765000, -0.042998110);0,02361872;1,97752;;;2,533724;0,1056705;4,102042
0,08888889;-0,0198189772;0,005262452;(2.535468000, 0.110553600, 4.101145000);(0.195248700, 1.617755000, -0.043045370);0,0260191;1,974173;;;2,535468;0,1105536;4,101145
0,1;-0,0159845012;0,003834476;(2.534429000, 0.114138500, 4.102023000);(0.195558400, 1.617687000, -0.043114510);0,02973662;1,970378;;;2,534429;0,1141385;4,102023
0,1111111;-0,0206670132;0,004682512;(2.538139000, 0.115730200, 4.099650000);(0.195664300, 1.617654000, -0.043121310);0,02896267;1,971111;;;2,538139;0,1157302;4,09965
0,1222222;-0,0249197442;0,004252731;(2.541234000, 0.113763600, 4.097496000);(0.195664300, 1.617654000, -0.043121310);0,02572259;1,97466;;;2,541234;0,1137636;4,097496
0,1333333;-0,0249197442;0;(2.541234000, 0.113763600, 4.097496000);(0.195771800, 1.617584000, -0.043040130);0,02572259;1,97466;;;2,541234;0,1137636;4,097496
0,1444445;-0,0247605313;0,0001592129;(2.541101000, 0.113777900, 4.097584000);(0.195886000, 1.617613000, -0.043031190);0,02578834;1,974571;;;2,541101;0,1137779;4,097584
0,1555556;-0,0158659043;0,008894627;(2.533759000, 0.114785100, 4.102501000);(0.195886000, 1.617613000, -0.043031190);0,0307345;1,969414;;;2,533759;0,1147851;4,102501
0,1666667;-0,0158659043;0;(2.533759000, 0.114785100, 4.102501000);(0.195997000, 1.617733000, -0.043046440);0,0307345;1,969414;;;2,533759;0,1147851;4,102501
0,1777778;-0,0075932113;0,008272693;(2.529195000, 0.120821700, 4.105844000);(0.196086800, 1.617801000, -0.043046210);0,03893402;1,961397;;;2,529195;0,1208217;4,105844
0,1888889;-0,0115840403;0,003990829;(2.532509000, 0.121315800, 4.103675000);(0.196110900, 1.617816000, -0.043046390);0,03715139;1,962873;;;2,532509;0,1213158;4,103675
0,2;-0,0139632463;0,002379206;(2.534490000, 0.121256600, 4.102360000);(0.196173500, 1.617843000, -0.043077080);0,0359344;1,964074;;;2,53449;0,1212566;4,10236
0,2111111;-0,0153794333;0,001416187;(2.535619000, 0.120880100, 4.101592000);(0.196215500, 1.617806000, -0.043188070);0,03498101;1,965065;;;2,535619;0,1208801;4,101592
0,2222222;-0,0182597223;0,002880289;(2.534687000, 0.118196400, 4.102067000);(0.196215500, 1.617806000, -0.043188070);0,03309076;1,966913;;;2,534687;0,1181964;4,102067
0,2333333;-0,0182597223;0;(2.534687000, 0.118196400, 4.102067000);(0.196379500, 1.617827000, -0.043421240);0,03309076;1,966913;;;2,534687;0,1181964;4,102067
0,2444444;-0,0161291783;0,002130544;(2.532976000, 0.117565200, 4.103168000);(0.196291100, 1.617878000, -0.043445200);0,03361412;1,966484;;;2,532976;0,1175652;4,103168
0,2555556;-0,0122884353;0,003840743;(2.533748000, 0.121314400, 4.102854000);(0.196377800, 1.617933000, -0.043465760);0,03640846;1,963592;;;2,533748;0,1213144;4,102854
0,2666667;-0,0070071483;0,005281287;(2.533463000, 0.126567200, 4.103322000);(0.196407200, 1.617938000, -0.043494430);0,04130431;1,958751;;;2,533463;0,1265672;4,103322
0,2777778;-0,0003691943;0,006637954;(2.531068000, 0.132459700, 4.105220000);(0.196476600, 1.618118000, -0.043453960);0,04794076;1,952115;;;2,531068;0,1324597;4,10522
0,2888889;0,0146641957;0,01503339;(2.523110000, 0.143782500, 4.111091000);(0.196583300, 1.618148000, -0.043460340);0,06258851;1,937418;;;2,52311;0,1437825;4,111091
0,3;0,0352254557;0,02056126;(2.510456000, 0.157198500, 4.120183000);(0.196749000, 1.618162000, -0.043466480);0,08225667;1,918153;;;2,510456;0,1571985;4,120183
0,3111111;0,0570633357;0,02183788;(2.496572000, 0.170826000, 4.130103000);(0.196983500, 1.618218000, -0.043339700);0,1033518;1,898022;;;2,496572;0,170826;4,130103
0,3222222;0,0781488657;0,02108553;(2.483322000, 0.184208400, 4.139588000);(0.197190900, 1.618259000, -0.043322650);0,1240185;1,878509;;;2,483322;0,1842084;4,139588
0,3333333;0,0991522857;0,02100342;(2.472812000, 0.200620000, 4.147419000);(0.197487700, 1.618278000, -0.043326350);0,1450151;1,857852;;;2,472812;0,20062;4,147419
0,3444445;0,1250168357;0,02586455;(2.470170000, 0.226161700, 4.150521000);(0.197749100, 1.618441000, -0.043160410);0,1676762;1,833469;;;2,47017;0,2261617;4,150521
0,3555556;0,1597268557;0,03471002;(2.472668000, 0.260781200, 4.150701000);(0.197999100, 1.618465000, -0.043149680);0,1960049;1,803996;;;2,472668;0,2607812;4,150701
0,3666667;0,1988207757;0,03909392;(2.471912000, 0.299783500, 4.153266000);(0.198270800, 1.618418000, -0.043131200);0,2317834;1,76891;;;2,471912;0,2997835;4,153266
0,3777778;0,2465091357;0,04768836;(2.459521000, 0.344601800, 4.163848000);(0.198623400, 1.618286000, -0.043240280);0,2793263;1,721912;;;2,459521;0,3446018;4,163848
0,3888889;0,2962480057;0,04973887;(2.441806000, 0.388895000, 4.177928000);(0.198938300, 1.618210000, -0.043193010);0,3290054;1,672233;;;2,441806;0,388895;4,177928
0,4;0,3606822257;0,06443422;(2.411293000, 0.440794100, 4.200889000);(0.199273100, 1.618072000, -0.043087450);0,3922785;1,608225;;;2,411293;0,4407941;4,200889
0,4111111;0,4239527457;0,06327052;(2.385865000, 0.495267600, 4.220617000);(0.199590300, 1.617970000, -0.043021110);0,4554043;1,544963;;;2,385865;0,4952676;4,220617
0,4222222;0,4969620157;0,07300927;(2.361382000, 0.561165200, 4.240325000);(0.199780000, 1.617870000, -0.042963360);0,528392;1,472152;;;2,361382;0,5611652;4,240325
0,4333333;0,5719950857;0,07503307;(2.342506000, 0.631943300, 4.256577000);(0.199985700, 1.617717000, -0.042802130);0,6028705;1,398437;;;2,342506;0,6319433;4,256577
0,4444444;0,6363409857;0,0643459;(2.322760000, 0.691001300, 4.272784000);(0.200063900, 1.617458000, -0.042746810);0,6671615;1,334594;;;2,32276;0,6910013;4,272784
0,4555556;0,7027851157;0,06644413;(2.298017000, 0.749505700, 4.292273000);(0.200150700, 1.617235000, -0.042621460);0,7335395;1,268212;;;2,298017;0,7495057;4,292273
0,4666667;0,7721995257;0,06941441;(2.270937000, 0.809825400, 4.313406000);(0.200225900, 1.616952000, -0.042454330);0,8028139;1,198813;;;2,270937;0,8098254;4,313406
0,4777778;0,8496034857;0,07740396;(2.241700000, 0.877717400, 4.336368000);(0.200266000, 1.616692000, -0.042224500);0,8801497;1,12147;;;2,2417;0,8777174;4,336368
0,4888889;0,9237467357;0,07414325;(2.217391000, 0.944946200, 4.356030000);(0.200419500, 1.616338000, -0.042074650);0,95427;1,04778;;;2,217391;0,9449462;4,35603
0,5;0,9955286057;0,07178187;(2.193466000, 1.009818000, 4.375314000);(0.200505700, 1.616097000, -0.041943640);1,026042;0,976442;;;2,193466;1,009818;4,375314
0,5111111;1,0631943957;0,06766579;(2.167264000, 1.068748000, 4.395792000);(0.200596900, 1.615848000, -0.041798030);1,093608;0,9088451;;;2,167264;1,068748;4,395792
0,5222223;1,1312279057;0,06803351;(2.137245000, 1.125351000, 4.418674000);(0.200803400, 1.615777000, -0.041635070);1,161124;0,8408401;;;2,137245;1,125351;4,418674
0,5333334;1,1971423057;0,0659144;(2.106786000, 1.179080000, 4.441696000);(0.200903200, 1.615605000, -0.041393250);1,226341;0,7750539;;;2,106786;1,17908;4,441696
0,5444446;1,2644019657;0,06725966;(2.081554000, 1.238186000, 4.461539000);(0.201074300, 1.615478000, -0.041328280);1,293587;0,7079087;;;2,081554;1,238186;4,461539
0,5555557;1,3283637257;0,06396176;(2.054972000, 1.292634000, 4.482032000);(0.201324400, 1.615440000, -0.041271600);1,357378;0,6439481;;;2,054972;1,292634;4,482032
0,5666668;1,3892754357;0,06091171;(2.029542000, 1.344402000, 4.501618000);(0.201324400, 1.615440000, -0.041271600);1,41813;0,583037;;;2,029542;1,344402;4,501618
0,577778;1,3892754357;0;(2.029542000, 1.344402000, 4.501618000);(0.201445100, 1.615394000, -0.041256160);1,41813;0,583037;;;2,029542;1,344402;4,501618
0,5888891;1,4486149657;0,05933953;(2.003096000, 1.393564000, 4.521740000);(0.201594200, 1.615302000, -0.041186780);1,477123;0,5237383;;;2,003096;1,393564;4,52174
0,6000003;1,4969315557;0,04831659;(1.980937000, 1.433088000, 4.538512000);(0.201728800, 1.615228000, -0.041240780);1,525078;0,4755101;;;1,980937;1,433088;4,538512
0,6111114;1,5506344357;0,05370288;(1.959914000, 1.479707000, 4.554906000);(0.201876900, 1.615136000, -0.041369410);1,578762;0,4218348;;;1,959914;1,479707;4,554906
0,6222225;1,5994017557;0,04876732;(1.944493000, 1.524230000, 4.567480000);(0.201938400, 1.615139000, -0.041442480);1,627401;0,3735591;;;1,944493;1,52423;4,56748
0,6333337;1,6480314057;0,04862965;(1.930488000, 1.569315000, 4.579144000);(0.202096300, 1.615088000, -0.041584220);1,675756;0,3259071;;;1,930488;1,569315;4,579144
0,6444448;1,6875368657;0,03950546;(1.919713000, 1.606219000, 4.588236000);(0.202182500, 1.615083000, -0.041709690);1,714964;0,2876306;;;1,919713;1,606219;4,588236
0,655556;1,7200749457;0,03253808;(1.908677000, 1.635518000, 4.597097000);(0.202169200, 1.615210000, -0.041871990);1,747482;0,2556907;;;1,908677;1,635518;4,597097
0,6666671;1,7550160257;0,03494108;(1.896223000, 1.666627000, 4.606995000);(0.202156000, 1.615173000, -0.041949000);1,78242;0,2214099;;;1,896223;1,666627;4,606995
0,6777782;1,7875387357;0,03252271;(1.883643000, 1.694961000, 4.616828000);(0.202143400, 1.615244000, -0.042063090);1,81493;0,1894282;;;1,883643;1,694961;4,616828
0,6888894;1,8214030957;0,03386436;(1.869123000, 1.723459000, 4.627956000);(0.202060200, 1.615321000, -0.042306630);1,848672;0,1559664;;;1,869123;1,723459;4,627956
0,7000005;1,8472252957;0,0258222;(1.851916000, 1.738364000, 4.640143000);(0.202123600, 1.615328000, -0.042491640);1,871732;0,1308575;;;1,851916;1,738364;4,640143
0,7111117;1,8754853357;0,02826004;(1.835078000, 1.757522000, 4.652312000);(0.202008300, 1.615390000, -0.042643400);1,898454;0,102891;;;1,835078;1,757522;4,652312
0,7222228;1,9008105157;0,02532518;(1.821813000, 1.776739000, 4.662116000);(0.201868800, 1.615434000, -0.042662230);1,923219;0,07760137;;;1,821813;1,776739;4,662116
0,7333339;1,9222342957;0,02142378;(1.816981000, 1.797166000, 4.666399000);(0.201626900, 1.615600000, -0.042739540);1,944238;0,05788604;;;1,816981;1,797166;4,666399
0,7444451;1,9470299657;0,02479567;(1.814264000, 1.821618000, 4.669494000);(0.201425400, 1.615730000, -0.042805880);1,967667;0,04018637;;;1,814264;1,821618;4,669494
0,7555562;1,9727480857;0,02571812;(1.819282000, 1.846763000, 4.667501000);(0.200897800, 1.615818000, -0.042962400);1,987416;0,04249745;;;1,819282;1,846763;4,667501
0,7666674;1,9965052657;0,02375718;(1.814974000, 1.869769000, 4.671574000);(0.200594600, 1.615814000, -0.043040420);2,010524;0,04754084;;;1,814974;1,869769;4,671574
0,7777785;2,0073887857;0,01088352;(1.808909000, 1.877643000, 4.676008000);(0.200594600, 1.615814000, -0.043040420);2,020987;0,04829301;;;1,808909;1,877643;4,676008
0,7888896;2,0073887857;0;(1.808909000, 1.877643000, 4.676008000);(0.199908500, 1.615886000, -0.043078150);2,020987;0,04829301;;;1,808909;1,877643;4,676008
0,8000008;2,0281026857;0,0207139;(1.791632000, 1.877040000, 4.687420000);(0.199908500, 1.615886000, -0.043078150);2,030152;0,0392414;;;1,791632;1,87704;4,68742
0,8111119;2,0281026857;0;(1.791632000, 1.877040000, 4.687420000);(0.199159900, 1.615804000, -0.043076490);2,030152;0,0392414;;;1,791632;1,87704;4,68742
0,8222231;2,0076068457;0,02049584;(1.780599000, 1.861021000, 4.693881000);(0.199159900, 1.615804000, -0.043076490);2,022139;0,02302851;;;1,780599;1,861021;4,693881
0,8333342;2,0076068457;0;(1.780599000, 1.861021000, 4.693881000);(0.198786500, 1.615854000, -0.043113500);2,022139;0,02302851;;;1,780599;1,861021;4,693881
0,8444453;2,0155459957;0,00793915;(1.774252000, 1.858541000, 4.697954000);(0.198348200, 1.615906000, -0.043091150);2,023601;0,02364262;;;1,774252;1,858541;4,697954
0,8555565;2,0178631007;0,002317105;(1.772412000, 1.859185000, 4.699206000);(0.197945400, 1.615907000, -0.043121900);2,025243;0,02542477;;;1,772412;1,859185;4,699206
0,8666676;2,0200985977;0,002235497;(1.770964000, 1.860540000, 4.700238000);(0.197551700, 1.615933000, -0.043137880);2,027291;0,0275722;;;1,770964;1,86054;4,700238
0,8777788;2,0169744777;0,00312412;(1.773351000, 1.859374000, 4.698595000);(0.197269500, 1.615966000, -0.043211310);2,024865;0,02494309;;;1,773351;1,859374;4,698595
0,8888899;2,0085105317;0,008463946;(1.780371000, 1.860507000, 4.694004000);(0.197031000, 1.616040000, -0.043163150);2,021812;0,02258744;;;1,780371;1,860507;4,694004
0,900001;2,0013953917;0,00711514;(1.786229000, 1.859572000, 4.690075000);(0.196759000, 1.616118000, -0.043245050);2,017608;0,02107048;;;1,786229;1,859572;4,690075
0,9111122;1,9954686077;0,005926784;(1.790942000, 1.857953000, 4.686867000);(0.196465800, 1.616252000, -0.043135790);2,013462;0,02074002;;;1,790942;1,857953;4,686867
0,9222233;1,9934433127;0,002025295;(1.792337000, 1.856860000, 4.685885000);(0.196155300, 1.616255000, -0.043087690);2,011688;0,02042148;;;1,792337;1,85686;4,685885
0,9333345;1,9873811547;0,006062158;(1.789152000, 1.852047000, 4.687740000);(0.195918900, 1.616255000, -0.043126020);2,009211;0,01451543;;;1,789152;1,852047;4,68774
0,9444456;1,9809108787;0,006470276;(1.784723000, 1.848200000, 4.690470000);(0.195571600, 1.616302000, -0.043263880);2,008327;0,009622238;;;1,784723;1,8482;4,69047
