time;total distance traveled;distance to prev position;ray position;hmd position;distance to prev target;distance to current target
(2.775840000, 1.744071000, 4.249642000);(3.533460000, 3.322152000, 3.282340000);0,3222222;0,3222222

0;-0,008424435;0,008424435;(2.780138000, 1.731793000, 4.240741000);(0.187939100, 1.619103000, -0.042450400);0,01576235;2,003813;;;2,780138;1,731793;4,240741
0,01111111;0,001604075;0,01002851;(2.783377000, 1.724743000, 4.234386000);(0.187889800, 1.619111000, -0.042401520);0,02575083;2,005176;;;2,783377;1,724743;4,234386
0,02222222;0,010624659;0,009020584;(2.787250000, 1.720460000, 4.227456000);(0.187761900, 1.619099000, -0.042330470);0,03434923;2,003869;;;2,78725;1,72046;4,227456
0,03333334;0,021403289;0,01077863;(2.791532000, 1.714463000, 4.219590000);(0.187684700, 1.619073000, -0.042295900);0,04501101;2,003386;;;2,791532;1,714463;4,21959
0,04444445;0,026260889;0,0048576;(2.791837000, 1.709778000, 4.218344000);(0.187612200, 1.619058000, -0.042264430);0,04910672;2,006454;;;2,791837;1,709778;4,218344
0,05555556;0,029064893;0,002804004;(2.790673000, 1.707752000, 4.219894000);(0.187506600, 1.619077000, -0.042180390);0,04923426;2,009236;;;2,790673;1,707752;4,219894
0,06666667;0,030923649;0,001858756;(2.789936000, 1.706342000, 4.220856000);(0.187409000, 1.619103000, -0.042148430);0,04950598;2,01109;;;2,789936;1,706342;4,220856
0,07777778;0,028283979;0,00263967;(2.788601000, 1.706816000, 4.223083000);(0.187336500, 1.619193000, -0.042174290);0,04749897;2,012243;;;2,788601;1,706816;4,223083
0,08888889;0,032165582;0,003881603;(2.786993000, 1.704006000, 4.225224000);(0.187250500, 1.619235000, -0.042135550);0,04822675;2,016095;;;2,786993;1,704006;4,225224
0,1;0,040459844;0,008294262;(2.785935000, 1.695789000, 4.225606000);(0.187162000, 1.619317000, -0.042106400);0,0548711;2,023265;;;2,785935;1,695789;4,225606
0,1111111;0,048837316;0,008377472;(2.787561000, 1.688498000, 4.221814000);(0.187022000, 1.619356000, -0.042252850);0,06324708;2,026771;;;2,787561;1,688498;4,221814
0,1222222;0,054539057;0,005701741;(2.789179000, 1.684145000, 4.218506000);(0.186832300, 1.619404000, -0.042335940);0,06883727;2,028159;;;2,789179;1,684145;4,218506
0,1333333;0,061550317;0,00701126;(2.791712000, 1.679703000, 4.213709000);(0.186797700, 1.619476000, -0.042237060);0,07540835;2,028615;;;2,791712;1,679703;4,213709
0,1444445;0,068340581;0,006790264;(2.794316000, 1.675713000, 4.208870000);(0.186729300, 1.619531000, -0.042239500);0,08170981;2,028682;;;2,794316;1,675713;4,20887
0,1555556;0,075994160;0,007653579;(2.797801000, 1.672683000, 4.202767000);(0.186613300, 1.619657000, -0.042008470);0,08818059;2,027098;;;2,797801;1,672683;4,202767
0,1666667;0,080060150;0,00406599;(2.799044000, 1.669712000, 4.200285000);(0.186537400, 1.619691000, -0.041999650);0,09221613;2,027941;;;2,799044;1,669712;4,200285
0,1777778;0,083087734;0,003027584;(2.800507000, 1.671334000, 4.198188000);(0.186477500, 1.619735000, -0.041979980);0,09244863;2,025142;;;2,800507;1,671334;4,198188
0,1888889;0,081921305;0,001166429;(2.800950000, 1.672252000, 4.197621000);(0.186412300, 1.619799000, -0.041994710);0,09216677;2,023977;;;2,80095;1,672252;4,197621
0,2;0,077198246;0,004723059;(2.798671000, 1.669711000, 4.200886000);(0.186212200, 1.619786000, -0.042091320);0,09180325;2,02835;;;2,798671;1,669711;4,200886
0,2111111;0,085133337;0,007935091;(2.795424000, 1.663882000, 4.205181000);(0.186162700, 1.619892000, -0.042090970);0,09375811;2,03622;;;2,795424;1,663882;4,205181
0,2222222;0,091424894;0,006291557;(2.795200000, 1.657628000, 4.204536000);(0.186120300, 1.620008000, -0.042106230);0,09940725;2,041106;;;2,7952;1,657628;4,204536
0,2333333;0,086826042;0,004598852;(2.797359000, 1.660311000, 4.201488000);(0.186118800, 1.620152000, -0.042182640);0,09898301;2,036761;;;2,797359;1,660311;4,201488
0,2444444;0,079641232;0,00718481;(2.800536000, 1.665060000, 4.197132000);(0.186157200, 1.620385000, -0.042208150);0,09803034;2,029773;;;2,800536;1,66506;4,197132
0,2555556;0,069668516;0,009972716;(2.802481000, 1.674712000, 4.195549000);(0.186234100, 1.620548000, -0.042213570);0,09190523;2,02048;;;2,802481;1,674712;4,195549
0,2666667;0,059465826;0,01020269;(2.804149000, 1.684719000, 4.194470000);(0.186305700, 1.620759000, -0.042260840);0,08583698;2,011234;;;2,804149;1,684719;4,19447
0,2777778;0,049995978;0,009469848;(2.806097000, 1.693835000, 4.192797000);(0.186416800, 1.621025000, -0.042385710);0,08167356;2,00235;;;2,806097;1,693835;4,192797
0,2888889;0,033557768;0,01643821;(2.810662000, 1.708832000, 4.187852000);(0.186505700, 1.621318000, -0.042441500);0,07919818;1,98625;;;2,810662;1,708832;4,187852
0,3;0,015902168;0,0176556;(2.814496000, 1.725714000, 4.184386000);(0.186578400, 1.621526000, -0.042528880);0,07803558;1,969571;;;2,814496;1,725714;4,184386
0,3111111;0,040071328;0,02416916;(2.819962000, 1.748695000, 4.179272000);(0.186673100, 1.621781000, -0.042642190);0,08318656;1,946621;;;2,819962;1,748695;4,179272
0,3222222;0,065326098;0,02525477;(2.826736000, 1.771941000, 4.172092000);(0.186792100, 1.622069000, -0.042704660);0,09685576;1,922049;;;2,826736;1,771941;4,172092
0,3333333;0,099282388;0,03395629;(2.837422000, 1.801674000, 4.159652000);(0.186972300, 1.622436000, -0.042704540);0,1233228;1,888385;;;2,837422;1,801674;4,159652
0,3444445;0,129691738;0,03040935;(2.848374000, 1.826542000, 4.145999000);(0.187094900, 1.622720000, -0.042768550);0,1510109;1,857983;;;2,848374;1,826542;4,145999
0,3555556;0,170519538;0,0408278;(2.865018000, 1.856652000, 4.124016000);(0.187314800, 1.623051000, -0.042921140);0,1908111;1,817395;;;2,865018;1,856652;4,124016
0,3666667;0,206184228;0,03566469;(2.878783000, 1.884368000, 4.106287000);(0.187468600, 1.623334000, -0.043023780);0,225457;1,781773;;;2,878783;1,884368;4,106287
0,3777778;0,252353978;0,04616975;(2.896456000, 1.920496000, 4.083614000);(0.187538000, 1.623557000, -0.042889090);0,2706271;1,735642;;;2,896456;1,920496;4,083614
0,3888889;0,302800698;0,05044672;(2.914541000, 1.961869000, 4.061118000);(0.187654900, 1.623809000, -0.042976230);0,3197107;1,685208;;;2,914541;1,961869;4,061118
0,4;0,346914398;0,0441137;(2.929677000, 1.998982000, 4.042691000);(0.187814000, 1.624029000, -0.043048890);0,3625931;1,641178;;;2,929677;1,998982;4,042691
0,4111111;0,395376778;0,04846238;(2.944567000, 2.041808000, 4.025579000);(0.187984300, 1.624312000, -0.043167860);0,4090476;1,593261;;;2,944567;2,041808;4,025579
0,4222222;0,437434248;0,04205747;(2.957661000, 2.078790000, 4.010423000);(0.188108500, 1.624637000, -0.043218760);0,4498011;1,551644;;;2,957661;2,07879;4,010423
0,4333333;0,484293148;0,0468589;(2.972727000, 2.119460000, 3.992682000);(0.188276500, 1.624977000, -0.043267100);0,4956907;1,50515;;;2,972727;2,11946;3,992682
0,4444444;0,535670588;0,05137744;(2.991591000, 2.160938000, 3.968947000);(0.188417200, 1.625272000, -0.043338330);0,5469148;1,453778;;;2,991591;2,160938;3,968947
0,4555556;0,589063058;0,05339247;(3.012108000, 2.202585000, 3.942578000);(0.188488000, 1.625548000, -0.043451460);0,6002879;1,400411;;;3,012108;2,202585;3,942578
0,4666667;0,649748878;0,06068582;(3.038481000, 2.243818000, 3.906702000);(0.188622600, 1.625848000, -0.043546650);0,6605563;1,34076;;;3,038481;2,243818;3,906702
0,4777778;0,702455198;0,05270632;(3.060642000, 2.281306000, 3.877012000);(0.188749000, 1.626052000, -0.043541580);0,7131522;1,288624;;;3,060642;2,281306;3,877012
0,4888889;0,759363598;0,0569084;(3.086792000, 2.316241000, 3.840484000);(0.188860500, 1.626304000, -0.043627590);0,7690768;1,234056;;;3,086792;2,316241;3,840484
0,5;0,817804018;0,05844042;(3.114229000, 2.350325000, 3.801744000);(0.189045100, 1.626612000, -0.043812600);0,826234;1,178975;;;3,114229;2,350325;3,801744
0,5111111;0,867879378;0,05007536;(3.136732000, 2.382480000, 3.770645000);(0.189208800, 1.626861000, -0.043959770);0,8759265;1,130848;;;3,136732;2,38248;3,770645
0,5222223;0,909111238;0,04123186;(3.153272000, 2.413404000, 3.748960000);(0.189330900, 1.627222000, -0.044023250);0,9171386;1,09;;;3,153272;2,413404;3,74896
0,5333334;0,950768658;0,04165742;(3.168653000, 2.446903000, 3.729556000);(0.189408500, 1.627554000, -0.044090000);0,9585223;1,048401;;;3,168653;2,446903;3,729556
0,5444446;0,992133138;0,04136448;(3.180932000, 2.483901000, 3.715718000);(0.189583900, 1.627799000, -0.044221070);0,9982591;1,007352;;;3,180932;2,483901;3,715718
0,5555557;1,036075758;0,04394262;(3.194733000, 2.522408000, 3.699665000);(0.189709400, 1.628092000, -0.044309050);1,041034;0,9635805;;;3,194733;2,522408;3,699665
0,5666668;1,082980598;0,04690484;(3.210984000, 2.561660000, 3.679785000);(0.189825700, 1.628384000, -0.044397800);1,087446;0,9166796;;;3,210984;2,56166;3,679785
0,577778;1,130465808;0,04748521;(3.228605000, 2.599712000, 3.657505000);(0.189939600, 1.628670000, -0.044616310);1,134787;0,8692555;;;3,228605;2,599712;3,657505
0,5888891;1,176569568;0,04610376;(3.246792000, 2.634854000, 3.633845000);(0.190113500, 1.628957000, -0.044697430);1,180888;0,8234759;;;3,246792;2,634854;3,633845
0,6000003;1,223057258;0,04648769;(3.264589000, 2.671226000, 3.611009000);(0.190014400, 1.629365000, -0.044868020);1,227332;0,7771871;;;3,264589;2,671226;3,611009
0,6111114;1,271156988;0,04809973;(3.283420000, 2.708144000, 3.586595000);(0.190199900, 1.629795000, -0.045029130);1,275423;0,72945;;;3,28342;2,708144;3,586595
0,6222225;1,317404128;0,04624714;(3.301533000, 2.743627000, 3.563107000);(0.190363000, 1.630299000, -0.045081110);1,321663;0,6836022;;;3,301533;2,743627;3,563107
0,6333337;1,357324168;0,03992004;(3.315100000, 2.777381000, 3.546669000);(0.190479600, 1.630807000, -0.045073720);1,361139;0,6436822;;;3,3151;2,777381;3,546669
0,6444448;1,399248028;0,04192386;(3.329170000, 2.813055000, 3.529729000);(0.190600400, 1.631243000, -0.045186850);1,40256;0,60176;;;3,32917;2,813055;3,529729
0,655556;1,438800108;0,03955208;(3.340354000, 2.848960000, 3.517477000);(0.190724300, 1.631664000, -0.045314040);1,440667;0,5625741;;;3,340354;2,84896;3,517477
0,6666671;1,471874758;0,03307465;(3.348942000, 2.879633000, 3.508569000);(0.190834600, 1.632057000, -0.045450660);1,472119;0,5301408;;;3,348942;2,879633;3,508569
0,6777782;1,500843338;0,02896858;(3.354172000, 2.907859000, 3.504678000);(0.190999300, 1.632381000, -0.045580300);1,497945;0,5032069;;;3,354172;2,907859;3,504678
0,6888894;1,525029958;0,02418662;(3.358707000, 2.931353000, 3.501147000);(0.191113700, 1.632785000, -0.045744510);1,519742;0,4807694;;;3,358707;2,931353;3,501147
0,7000005;1,552566268;0,02753631;(3.365908000, 2.956850000, 3.493643000);(0.191218900, 1.633324000, -0.045860380);1,546139;0,454058;;;3,365908;2,95685;3,493643
0,7111117;1,579005418;0,02643915;(3.373496000, 2.980747000, 3.485256000);(0.191320700, 1.633784000, -0.046006470);1,571892;0,4281595;;;3,373496;2,980747;3,485256
0,7222228;1,605835268;0,02682985;(3.383337000, 3.002424000, 3.472883000);(0.191412600, 1.634169000, -0.046166630);1,598706;0,4013342;;;3,383337;3,002424;3,472883
0,7333339;1,629484768;0,0236495;(3.392574000, 3.020613000, 3.460918000);(0.191435200, 1.634441000, -0.046324700);1,622345;0,3777099;;;3,392574;3,020613;3,460918
0,7444451;1,659210398;0,02972563;(3.406353000, 3.038504000, 3.441588000);(0.191484400, 1.634750000, -0.046514600);1,651077;0,349245;;;3,406353;3,038504;3,441588
0,7555562;1,685939538;0,02672914;(3.418658000, 3.054847000, 3.424384000);(0.191503000, 1.635020000, -0.046672550);1,67702;0,323741;;;3,418658;3,054847;3,424384
0,7666674;1,710921368;0,02498183;(3.429050000, 3.072851000, 3.410530000);(0.191561100, 1.635313000, -0.046853210);1,701895;0,2991407;;;3,42905;3,072851;3,41053
0,7777785;1,737664938;0,02674357;(3.438918000, 3.094368000, 3.398085000);(0.191596500, 1.635449000, -0.047052370);1,728618;0,2724351;;;3,438918;3,094368;3,398085
0,7888896;1,759969838;0,0223049;(3.444540000, 3.115183000, 3.392372000);(0.191595800, 1.635680000, -0.047308000);1,749862;0,2506995;;;3,44454;3,115183;3,392372
0,8000008;1,777108508;0,01713867;(3.443702000, 3.131821000, 3.396397000);(0.191679100, 1.635895000, -0.047535640);1,760658;0,2393562;;;3,443702;3,131821;3,396397
0,8111119;1,797867168;0,02075866;(3.437502000, 3.147216000, 3.408866000);(0.191572600, 1.636074000, -0.047641370);1,764516;0,2362606;;;3,437502;3,147216;3,408866
0,8222231;1,815768738;0,01790157;(3.436177000, 3.164384000, 3.413764000);(0.191504100, 1.636296000, -0.047801120);1,775394;0,227216;;;3,436177;3,164384;3,413764
0,8333342;1,834411308;0,01864257;(3.440712000, 3.181899000, 3.409270000);(0.191561900, 1.636415000, -0.048018130);1,793217;0,2106756;;;3,440712;3,181899;3,40927
0,8444453;1,863814728;0,02940342;(3.455053000, 3.197128000, 3.388606000);(0.191518700, 1.636555000, -0.048205700);1,820463;0,1818546;;;3,455053;3,197128;3,388606
0,8555565;1,891459958;0,02764523;(3.468379000, 3.212053000, 3.369529000);(0.191469500, 1.636642000, -0.048389880);1,846396;0,154788;;;3,468379;3,212053;3,369529
0,8666676;1,915109058;0,0236491;(3.480439000, 3.221759000, 3.351651000);(0.191296000, 1.636793000, -0.048621160);1,867193;0,1330187;;;3,480439;3,221759;3,351651
0,8777788;1,929573588;0,01446453;(3.485861000, 3.233265000, 3.344763000);(0.191134400, 1.636914000, -0.048792700);1,881657;0,1185885;;;3,485861;3,233265;3,344763
0,8888899;1,935625906;0,006052318;(3.488173000, 3.238008000, 3.341799000);(0.191148700, 1.636905000, -0.049068320);1,887709;0,1125454;;;3,488173;3,238008;3,341799
0,900001;1,947913026;0,01228712;(3.491503000, 3.249289000, 3.338246000);(0.191107300, 1.636994000, -0.049232470);1,899604;0,1009696;;;3,491503;3,249289;3,338246
0,9111122;1,967773766;0,01986074;(3.491570000, 3.268914000, 3.341293000);(0.190989900, 1.636999000, -0.049463320);1,913769;0,08980225;;;3,49157;3,268914;3,341293
0,9222233;1,983927616;0,01615385;(3.493902000, 3.284854000, 3.340098000);(0.190874400, 1.637049000, -0.049663040);1,927925;0,07932173;;;3,493902;3,284854;3,340098
0,9333345;1,998399496;0,01447188;(3.489087000, 3.294787000, 3.349458000);(0.190788900, 1.637086000, -0.049867480);1,929707;0,08498587;;;3,489087;3,294787;3,349458
0,9444456;1,987428106;0,01097139;(3.483518000, 3.296630000, 3.358729000);(0.190674500, 1.637133000, -0.050039040);1,92483;0,09476744;;;3,483518;3,29663;3,358729
0,9555568;1,979453423;0,007974683;(3.479920000, 3.299892000, 3.365054000);(0.190596800, 1.637123000, -0.050223810);1,923227;0,1010131;;;3,47992;3,299892;3,365054
0,9666679;1,982397253;0,00294383;(3.481454000, 3.300865000, 3.362738000);(0.190489500, 1.637140000, -0.050371210);1,925642;0,09808929;;;3,481454;3,300865;3,362738
0,977779;1,992579843;0,01018259;(3.486554000, 3.305547000, 3.355270000);(0.190351300, 1.637191000, -0.050555570);1,93474;0,08828785;;;3,486554;3,305547;3,35527
0,9888902;2,014674793;0,02209495;(3.498249000, 3.306280000, 3.336539000);(0.190230500, 1.637254000, -0.050731880);1,948365;0,06655245;;;3,498249;3,30628;3,336539
1,000001;2,039078983;0,02440419;(3.511223000, 3.310533000, 3.316312000);(0.190130400, 1.637276000, -0.050858130);1,966137;0,04223179;;;3,511223;3,310533;3,316312
1,011112;2,076647573;0,03756859;(3.530952000, 3.321481000, 3.286273000);(0.189901300, 1.637377000, -0.051021800);1,996621;0,004712381;;;3,530952;3,321481;3,286273
1,022224;2,098823473;0,0221759;(3.541346000, 3.334470000, 3.271610000);(0.189753400, 1.637444000, -0.051202740);2,017899;0,0181404;;;3,541346;3,33447;3,27161
1,033335;2,116461263;0,01763779;(3.548982000, 3.346524000, 3.261242000);(0.189401500, 1.637499000, -0.051392180);2,035322;0,03577804;;;3,548982;3,346524;3,261242
1,044446;2,126321617;0,009860354;(3.547985000, 3.355830000, 3.264345000);(0.189237100, 1.637551000, -0.051598280);2,040781;0,04085388;;;3,547985;3,35583;3,264345
1,055557;2,117521228;0,008800389;(3.544561000, 3.360892000, 3.270678000);(0.189110300, 1.637543000, -0.051937800);2,040443;0,04195223;;;3,544561;3,360892;3,270678
1,066668;2,088688948;0,02883228;(3.529415000, 3.352545000, 3.293748000);(0.188910600, 1.637595000, -0.052152620);2,017125;0,03271388;;;3,529415;3,352545;3,293748
1,077779;2,076793368;0,01189558;(3.523512000, 3.346815000, 3.302340000);(0.188759400, 1.637540000, -0.052392650);2,006285;0,03327463;;;3,523512;3,346815;3,30234
1,08889;2,067754756;0,009038612;(3.521490000, 3.338207000, 3.304214000);(0.188536000, 1.637624000, -0.052580520);1,997772;0,02965667;;;3,52149;3,338207;3,304214
1,100002;2,060929536;0,00682522;(3.521813000, 3.331576000, 3.302628000);(0.188456400, 1.637676000, -0.052779300);1,99336;0,02522033;;;3,521813;3,331576;3,302628
1,111113;2,066951932;0,006022396;(3.524564000, 3.329222000, 3.297816000);(0.188330500, 1.637755000, -0.052994280);1,994809;0,01919932;;;3,524564;3,329222;3,297816
1,122224;2,073667585;0,006715653;(3.528135000, 3.329925000, 3.292172000);(0.188244600, 1.637815000, -0.053215730);1,999407;0,0136174;;;3,528135;3,329925;3,292172
1,133335;2,086874125;0,01320654;(3.535162000, 3.331682000, 3.281129000);(0.188207100, 1.637892000, -0.053391620);2,008754;0,009755957;;;3,535162;3,331682;3,281129
1,144446;2,101122245;0,01424812;(3.542556000, 3.336659000, 3.270013000);(0.188115400, 1.637923000, -0.053627040);2,020857;0,02109884;;;3,542556;3,336659;3,270013
1,155557;2,110566405;0,00944416;(3.547362000, 3.340596000, 3.262900000);(0.187967500, 1.637972000, -0.053912090);2,029235;0,03018899;;;3,547362;3,340596;3,2629
1,166668;2,115832679;0,005266274;(3.548371000, 3.345701000, 3.262094000);(0.187862300, 1.638001000, -0.054166060);2,034029;0,03445029;;;3,548371;3,345701;3,262094
1,17778;2,122916723;0,007084044;(3.547446000, 3.352248000, 3.264638000);(0.187835900, 1.638138000, -0.054364230);2,037606;0,03761253;;;3,547446;3,352248;3,264638
1,188891;2,110346553;0,01257017;(3.540780000, 3.351580000, 3.275275000);(0.187857200, 1.638216000, -0.054555510);2,029435;0,0311368;;;3,54078;3,35158;3,275275
1,200002;2,101161852;0,009184701;(3.535894000, 3.350131000, 3.282916000);(0.187836800, 1.638325000, -0.054739560);2,022787;0,02809054;;;3,535894;3,350131;3,282916
