time;total distance traveled;distance to prev position;controller position;controller rotation;camera position;tracker distance to hmd;distance to prev target;distance to current target
(2.331330000, 0.346579000, 3.977205000);(2.236501000, 2.335366000, 4.166239000)

0;-0,0002411225;0,0002411225;(0.604780100, 1.211442000, 0.049029110);(10.86, 23.79, 235.58);(0.186623900, 1.617200000, -0.329834600);0,695005100;4,37716;4,56915;;;0,6047801;1,211442;0,04902911
0,01111111;-0,0003804829;0,0001393604;(0.604677500, 1.211357000, 0.049069880);(10.92, 23.71, 235.66);(0.186661300, 1.617178000, -0.329755500);0,694936500;4,377147;4,569171;;;0,6046775;1,211357;0,04906988
0,02222222;-0,0001354774;0,0002450055;(0.604615000, 1.211132000, 0.048995200);(10.98, 23.62, 235.73);(0.186717400, 1.617154000, -0.329769800);0,694949400;4,377194;4,569316;;;0,604615;1,211132;0,0489952
0,03333334;0,0001727308;0,0003082082;(0.604735200, 1.210965000, 0.048765720);(11.03, 23.57, 235.77);(0.186773800, 1.617081000, -0.329721700);0,694891900;4,37732;4,569521;;;0,6047352;1,210965;0,04876572
0,04444445;0,0004205068;0,000247776;(0.604843900, 1.210775000, 0.048650260);(11.05, 23.59, 235.74);(0.186826400, 1.617094000, -0.329768900);0,695007200;4,377343;4,569633;;;0,6048439;1,210775;0,04865026
0,05555556;0,0006879561;0,0002674493;(0.604964500, 1.210600000, 0.048488020);(11.08, 23.62, 235.75);(0.186899900, 1.617061000, -0.329842900);0,695070400;4,377406;4,569779;;;0,6049645;1,2106;0,04848802
0,06666667;0,0009668641;0,000278908;(0.605202400, 1.210598000, 0.048342530);(11.13, 23.65, 235.77);(0.186940700, 1.617071000, -0.329876800);0,695135500;4,377442;4,569826;;;0,6052024;1,210598;0,04834253
0,07777778;0,0010952069;0,0001283428;(0.605302300, 1.210631000, 0.048269270);(11.11, 23.72, 235.72);(0.186893900, 1.617116000, -0.329877700);0,695191000;4,377476;4,569848;;;0,6053023;1,210631;0,04826927
0,08888889;0,0008672693;0,0002279376;(0.605519400, 1.210696000, 0.048243940);(11.06, 23.79, 235.68);(0.186952100, 1.617095000, -0.329928800);0,695250100;4,377425;4,569777;;;0,6055194;1,210696;0,04824394
0,1;0,00096134713;0,00009407783;(0.605574700, 1.210679000, 0.048169790);(11.00, 23.92, 235.63);(0.186968300, 1.617103000, -0.329931000);0,695249200;4,377467;4,569829;;;0,6055747;1,210679;0,04816979
0,1111111;0,00078074263;0,0001806045;(0.605418500, 1.210699000, 0.048258300);(10.92, 24.00, 235.54);(0.186975200, 1.617123000, -0.329920800);0,695194100;4,377453;4,5698;;;0,6054185;1,210699;0,0482583
0,1222222;0,00118930763;0,000408565;(0.605068400, 1.210488000, 0.048253540);(10.89, 23.99, 235.49);(0.186979300, 1.617125000, -0.329911000);0,695097100;4,377553;4,569981;;;0,6050684;1,210488;0,04825354
0,1333333;0,00143910413;0,0002497965;(0.604944500, 1.210289000, 0.048166630);(10.92, 23.88, 235.56);(0.186987100, 1.617121000, -0.329829200);0,695040200;4,377641;4,570152;;;0,6049445;1,210289;0,04816663
0,1444445;0,00188784443;0,0004487403;(0.604614100, 1.209988000, 0.048126940);(10.97, 23.78, 235.63);(0.186893300, 1.617162000, -0.329828400);0,695076200;4,377748;4,57038;;;0,6046141;1,209988;0,04812694
0,1555556;0,00211711463;0,0002292702;(0.604575100, 1.209812000, 0.047985670);(11.07, 23.64, 235.74);(0.186850500, 1.617178000, -0.329843000);0,695122500;4,377855;4,570565;;;0,6045751;1,209812;0,04798567
0,1666667;0,00198250903;0,0001346056;(0.604562600, 1.209692000, 0.048045040);(11.17, 23.56, 235.73);(0.186804400, 1.617158000, -0.329797300);0,695208900;4,377783;4,570545;;;0,6045626;1,209692;0,04804504
0,1777778;0,00178615133;0,0001963577;(0.604717200, 1.209810000, 0.048073770);(11.24, 23.56, 235.69);(0.186768900, 1.617149000, -0.329798100);0,695265200;4,377719;4,570435;;;0,6047172;1,20981;0,04807377
0,1888889;0,00145560173;0,0003305496;(0.604894100, 1.210089000, 0.048069180);(11.20, 23.59, 235.68);(0.186719400, 1.617172000, -0.329819300);0,695260200;4,377709;4,570308;;;0,6048941;1,210089;0,04806918
0,2;0,00088543103;0,0005701707;(0.605171900, 1.210569000, 0.048200130);(11.07, 23.69, 235.64);(0.186675000, 1.617204000, -0.329818100);0,695262200;4,377577;4,569972;;;0,6051719;1,210569;0,04820013
0,2111111;0,00037597923;0,0005094518;(0.605275800, 1.211050000, 0.048331080);(10.93, 23.81, 235.64);(0.186633900, 1.617185000, -0.329789300);0,695112200;4,377513;4,569698;;;0,6052758;1,21105;0,04833108
0,2222222;-0,00030808947;0,0006840687;(0.605353400, 1.211713000, 0.048483010);(10.83, 23.87, 235.66);(0.186573100, 1.617205000, -0.329772700);0,694894600;4,377477;4,569371;;;0,6053534;1,211713;0,04848301
0,2333333;-0,00099082577;0,0006827363;(0.605355000, 1.212355000, 0.048715470);(10.75, 23.89, 235.70);(0.186480000, 1.617222000, -0.329709100);0,694679000;4,377395;4,569003;;;0,605355;1,212355;0,04871547
0,2444444;-0,00209190477;0,001101079;(0.605149700, 1.213382000, 0.049055700);(10.74, 23.85, 235.76);(0.186422600, 1.617263000, -0.329700100);0,694196200;4,377374;4,568518;;;0,6051497;1,213382;0,0490557
0,2555556;-0,00385769477;0,00176579;(0.604960600, 1.215066000, 0.049549400);(10.80, 23.70, 235.68);(0.186474300, 1.617290000, -0.329744100);0,693381400;4,377339;4,567727;;;0,6049606;1,215066;0,0495494
0,2666667;-0,00563151877;0,001773824;(0.604849400, 1.216762000, 0.050058250);(10.85, 23.53, 235.37);(0.186413100, 1.617415000, -0.329746100);0,692721400;4,377264;4,566892;;;0,6048494;1,216762;0,05005825
0,2777778;-0,00839798777;0,002766469;(0.604781600, 1.219427000, 0.050798650);(10.81, 23.44, 235.08);(0.186434100, 1.617482000, -0.329761000);0,691583600;4,377156;4,565597;;;0,6047816;1,219427;0,05079865
0,2888889;-0,01128638377;0,002888396;(0.604805500, 1.222219000, 0.051536440);(10.71, 23.34, 234.60);(0.186448100, 1.617575000, -0.329780700);0,690457900;4,377043;4,564241;;;0,6048055;1,222219;0,05153644
0,3;-0,01487863077;0,003592247;(0.605209500, 1.225695000, 0.052346770);(10.54, 23.27, 234.27);(0.186469700, 1.617670000, -0.329797000);0,689217400;4,376853;4,56252;;;0,6052095;1,225695;0,05234677
0,3111111;-0,01906535277;0,004186722;(0.605580300, 1.229784000, 0.053166030);(10.24, 23.24, 234.02);(0.186508100, 1.617802000, -0.329857600);0,687667200;4,376796;4,560656;;;0,6055803;1,229784;0,05316603
0,3222222;-0,02419612277;0,00513077;(0.606075200, 1.234757000, 0.054328860);(9.83, 23.21, 233.93);(0.186548300, 1.617841000, -0.329997500);0,685902900;4,376565;4,558227;;;0,6060752;1,234757;0,05432886
0,3333333;-0,02942494077;0,005228818;(0.606637400, 1.239817000, 0.055522560);(9.30, 23.23, 234.05);(0.186651600, 1.617914000, -0.330076700);0,684128800;4,376303;4,555729;;;0,6066374;1,239817;0,05552256
0,3444445;-0,03485526877;0,005430328;(0.607107400, 1.245085000, 0.056753810);(8.71, 23.29, 234.36);(0.186750100, 1.617966000, -0.330188600);0,682249900;4,376093;4,553186;;;0,6071074;1,245085;0,05675381
0,3555556;-0,04072314577;0,005867877;(0.607509500, 1.250815000, 0.057949720);(8.14, 23.35, 234.61);(0.186885700, 1.618021000, -0.330305000);0,680078100;4,376044;4,550594;;;0,6075095;1,250815;0,05794972
0,3666667;-0,04728309777;0,006559952;(0.607670900, 1.257201000, 0.059443530);(7.51, 23.42, 234.75);(0.187026200, 1.618097000, -0.330414400);0,677626100;4,375967;4,547669;;;0,6076709;1,257201;0,05944353
0,3777778;-0,05415211377;0,006869016;(0.607740000, 1.263878000, 0.061053220);(6.94, 23.43, 234.65);(0.187172500, 1.618150000, -0.330535100);0,675075400;4,375893;4,544612;;;0,60774;1,263878;0,06105322
0,3888889;-0,06096761877;0,006815505;(0.607969500, 1.270486000, 0.062708200);(6.39, 23.36, 234.45);(0.187434400, 1.618173000, -0.330621000);0,672639600;4,375712;4,541481;;;0,6079695;1,270486;0,0627082
0,4;-0,05331312977;0,007654489;(0.607871900, 1.277938000, 0.064455930);(5.82, 23.33, 234.24);(0.187611600, 1.618190000, -0.330754800);0,669762500;4,375767;4,538195;;;0,6078719;1,277938;0,06445593
0,4111111;-0,04535359177;0,007959538;(0.607693300, 1.285708000, 0.066170330);(5.17, 23.28, 233.95);(0.187772200, 1.618219000, -0.330871600);0,666737900;4,375966;4,534904;;;0,6076933;1,285708;0,06617033
0,4222222;-0,03694231277;0,008411279;(0.607844100, 1.293943000, 0.067877950);(4.47, 23.20, 233.94);(0.187952300, 1.618232000, -0.331006800);0,663763300;4,376155;4,531407;;;0,6078441;1,293943;0,06787795
0,4333333;-0,02898542177;0,007956891;(0.607952000, 1.301775000, 0.069278420);(3.71, 23.13, 234.14);(0.188161900, 1.618213000, -0.331226200);0,660878800;4,376565;4,528307;;;0,607952;1,301775;0,06927842
0,4444444;-0,02021574777;0,008769674;(0.607979500, 1.310397000, 0.070879220);(2.96, 23.09, 234.34);(0.188303300, 1.618185000, -0.331373100);0,657775300;4,377015;4,524889;;;0,6079795;1,310397;0,07087922
0,4555556;-0,01127072577;0,008945022;(0.608023000, 1.319249000, 0.072167580);(2.06, 23.08, 234.83);(0.188372200, 1.618201000, -0.331633100);0,654625100;4,377806;4,521709;;;0,608023;1,319249;0,07216758
0,4666667;-0,00235484377;0,008915882;(0.608017900, 1.328058000, 0.073540330);(1.16, 23.12, 235.17);(0.188428200, 1.618105000, -0.331811500);0,651531200;4,37855;4,518496;;;0,6080179;1,328058;0,07354033
0,4777778;0,00654252923;0,008897373;(0.607798000, 1.336853000, 0.074867900);(0.23, 23.20, 235.16);(0.188516200, 1.618065000, -0.331974300);0,648380800;4,379434;4,51542;;;0,607798;1,336853;0,0748679
0,4888889;0,01512152923;0,008579;(0.607415300, 1.345320000, 0.076198100);(359.41, 23.30, 234.97);(0.188713000, 1.618075000, -0.332045000);0,645266700;4,380322;4,512487;;;0,6074153;1,34532;0,0761981
0,5;0,02344565623;0,008324127;(0.607037100, 1.353547000, 0.077405100);(358.63, 23.32, 234.72);(0.188774700, 1.618074000, -0.332256400);0,642448800;4,381279;4,509732;;;0,6070371;1,353547;0,0774051
0,5111111;0,03157063523;0,008124979;(0.606415300, 1.361592000, 0.078360680);(357.89, 23.30, 234.52);(0.188930500, 1.618032000, -0.332486700);0,639414300;4,38253;4,507346;;;0,6064153;1,361592;0,07836068
0,5222223;0,03918888723;0,007618252;(0.605638800, 1.369109000, 0.079325850);(357.27, 23.19, 234.34);(0.188987300, 1.618048000, -0.332715700);0,636669100;4,383724;4,505133;;;0,6056388;1,369109;0,07932585
0,5333334;0,04714847123;0,007959584;(0.605271400, 1.376984000, 0.080423530);(356.71, 23.04, 234.21);(0.189020900, 1.618065000, -0.332931200);0,634229100;4,384737;4,502587;;;0,6052714;1,376984;0,08042353
0,5444446;0,05431262923;0,007164158;(0.604577600, 1.384063000, 0.081276830);(356.04, 22.78, 234.11);(0.189067000, 1.618076000, -0.333176600);0,631809100;4,385921;4,500563;;;0,6045776;1,384063;0,08127683
0,5555557;0,06128292723;0,006970298;(0.603739000, 1.390972000, 0.081669090);(355.53, 22.59, 234.04);(0.189104000, 1.618097000, -0.333446000);0,629149100;4,387542;4,499056;;;0,603739;1,390972;0,08166909
0,5666668;0,06806678923;0,006783862;(0.603485500, 1.397731000, 0.082182650);(354.97, 22.48, 234.05);(0.189171700, 1.618167000, -0.333739000);0,627087500;4,3888;4,497267;;;0,6034855;1,397731;0,08218265
0,577778;0,07495552223;0,006888733;(0.603090500, 1.404599000, 0.082551060);(354.44, 22.45, 234.08);(0.189164600, 1.618248000, -0.334026700);0,624914000;4,390278;4,495649;;;0,6030905;1,404599;0,08255106
0,5888891;0,08188644323;0,006930921;(0.603027600, 1.411508000, 0.083095070);(353.90, 22.54, 234.22);(0.189206800, 1.618350000, -0.334302400);0,623098700;4,391491;4,493752;;;0,6030276;1,411508;0,08309507
0,6000003;0,08796398023;0,006077537;(0.602879000, 1.417572000, 0.083473270);(353.28, 22.73, 234.23);(0.189216400, 1.618454000, -0.334548700);0,621460100;4,392689;4,49222;;;0,602879;1,417572;0,08347327
0,6111114;0,09413551523;0,006171535;(0.602351500, 1.423710000, 0.083846630);(352.65, 22.85, 234.18);(0.189215800, 1.618606000, -0.334956500);0,619727300;4,394066;4,490823;;;0,6023515;1,42371;0,08384663
0,6222225;0,09936051923;0,005225004;(0.601879900, 1.428910000, 0.084041360);(352.09, 22.89, 234.18);(0.189209000, 1.618774000, -0.335310800);0,618224700;4,395357;4,489764;;;0,6018799;1,42891;0,08404136
0,6333337;0,10415044423;0,004789925;(0.601391100, 1.433671000, 0.084213440);(351.63, 22.86, 234.31);(0.189071500, 1.619000000, -0.335645000);0,616956400;4,396571;4,488827;;;0,6013911;1,433671;0,08421344
0,6444448;0,10845511223;0,004304668;(0.600784200, 1.437930000, 0.084374130);(351.26, 22.84, 234.33);(0.188970400, 1.619223000, -0.335972700);0,615751000;4,397723;4,488049;;;0,6007842;1,43793;0,08437413
0,655556;0,11303211523;0,004577003;(0.600401700, 1.442491000, 0.084443210);(350.96, 22.84, 234.28);(0.188853200, 1.619419000, -0.336327100);0,614592000;4,398946;4,487216;;;0,6004017;1,442491;0,08444321
0,6666671;0,11677572423;0,003743609;(0.599525700, 1.446130000, 0.084377940);(350.63, 22.83, 234.25);(0.188690500, 1.619581000, -0.336815700);0,613412700;4,400257;4,486872;;;0,5995257;1,44613;0,08437794
0,6777782;0,11977683823;0,003001114;(0.598842700, 1.449049000, 0.084255520);(350.31, 22.78, 234.23);(0.188531400, 1.619761000, -0.337189700);0,612465300;4,401364;4,486654;;;0,5988427;1,449049;0,08425552
0,6888894;0,12277964723;0,003002809;(0.597963800, 1.451903000, 0.084575650);(350.00, 22.62, 234.36);(0.188313300, 1.619969000, -0.337583400);0,611782700;4,402143;4,486121;;;0,5979638;1,451903;0,08457565
0,7000005;0,12498327723;0,00220363;(0.597381400, 1.454027000, 0.084656720);(349.80, 22.47, 234.54);(0.188084500, 1.620154000, -0.337990000);0,611353000;4,402834;4,485843;;;0,5973814;1,454027;0,08465672
0,7111117;0,12734384623;0,002360569;(0.596866200, 1.456329000, 0.084729250);(349.70, 22.40, 234.72);(0.187845700, 1.620241000, -0.338421500);0,610918400;4,403553;4,485513;;;0,5968662;1,456329;0,08472925
0,7222228;0,12960402523;0,002260179;(0.595898800, 1.458369000, 0.084627390);(349.59, 22.36, 234.84);(0.187549700, 1.620377000, -0.338861500);0,610195300;4,404538;4,48556;;;0,5958988;1,458369;0,08462739
0,7333339;0,13095051523;0,00134649;(0.595690500, 1.459655000, 0.084968980);(349.51, 22.38, 234.83);(0.187204300, 1.620496000, -0.339206200);0,610455000;4,404643;4,485074;;;0,5956905;1,459655;0,08496898
0,7444451;0,13240422223;0,001453707;(0.595354200, 1.461044000, 0.085234400);(349.49, 22.43, 234.76);(0.186880800, 1.620617000, -0.339613200);0,610581300;4,404892;4,484684;;;0,5953542;1,461044;0,0852344
0,7555562;0,13373199523;0,001327773;(0.595146200, 1.462351000, 0.085131820);(349.37, 22.41, 234.69);(0.186517600, 1.620640000, -0.339988000);0,610540400;4,405396;4,4846;;;0,5951462;1,462351;0,08513182
0,7666674;0,13474376323;0,001011768;(0.594840500, 1.463298000, 0.085316960);(349.17, 22.29, 234.53);(0.186159500, 1.620730000, -0.340334400);0,610724300;4,405593;4,484359;;;0,5948405;1,463298;0,08531696
0,7777785;0,13566551293;0,0009217497;(0.594202800, 1.463950000, 0.085449870);(349.06, 22.25, 234.53);(0.185856600, 1.620888000, -0.340701000);0,610721400;4,405892;4,484345;;;0,5942028;1,46395;0,08544987
0,7888896;0,13604924733;0,0003837344;(0.594112500, 1.464321000, 0.085406120);(349.06, 22.27, 234.52);(0.185511500, 1.621047000, -0.340978300);0,611000500;4,40606;4,484345;;;0,5941125;1,464321;0,08540612
0,8000008;0,13656880523;0,0005195579;(0.593889800, 1.464790000, 0.085425970);(349.10, 22.35, 234.52);(0.185198400, 1.621198000, -0.341350000);0,611252800;4,40625;4,484318;;;0,5938898;1,46479;0,08542597
0,8111119;0,13702305983;0,0004542546;(0.593566200, 1.465107000, 0.085453930);(349.13, 22.37, 234.68);(0.184917000, 1.621332000, -0.341702700);0,611443500;4,406433;4,484349;;;0,5935662;1,465107;0,08545393
0,8222231;0,13735443853;0,0003313787;(0.593565500, 1.465421000, 0.085349080);(349.19, 22.29, 234.76);(0.184630900, 1.621456000, -0.342008500);0,611726200;4,406606;4,484384;;;0,5935655;1,465421;0,08534908
0,8333342;0,13768653313;0,0003320946;(0.593268800, 1.465287000, 0.085283820);(349.14, 22.20, 234.71);(0.184352400, 1.621535000, -0.342375200);0,611978800;4,406746;4,484578;;;0,5932688;1,465287;0,08528382
0,8444453;0,13786465903;0,0001781259;(0.593314300, 1.465457000, 0.085255560);(349.06, 22.20, 234.63);(0.184090500, 1.621695000, -0.342688900);0,612381200;4,406796;4,484554;;;0,5933143;1,465457;0,08525556
0,8555565;0,13754409743;0,0003205616;(0.593602000, 1.465562000, 0.085160550);(348.96, 22.30, 234.61);(0.183816400, 1.621788000, -0.342959600);0,612876500;4,406794;4,484515;;;0,593602;1,465562;0,08516055
0,8666676;0,13796288583;0,0004187884;(0.593375000, 1.465211000, 0.085139390);(348.91, 22.37, 234.68);(0.183591700, 1.621842000, -0.343222600);0,613147400;4,406813;4,484686;;;0,593375;1,465211;0,08513939
0,8777788;0,13814861773;0,0001857319;(0.593345500, 1.465034000, 0.085089450);(348.87, 22.43, 234.87);(0.183319700, 1.621918000, -0.343482600);0,613520600;4,406824;4,484776;;;0,5933455;1,465034;0,08508945
0,8888899;0,13852352013;0,0003749024;(0.593338800, 1.464708000, 0.084904490);(348.88, 22.40, 235.06);(0.183085900, 1.621909000, -0.343784200);0,613835000;4,406907;4,48501;;;0,5933388;1,464708;0,08490449
0,900001;0,13786982163;0,0006536985;(0.593418200, 1.464088000, 0.084712390);(348.97, 22.35, 235.22);(0.182903200, 1.621912000, -0.344053300);0,614223700;4,406888;4,485276;;;0,5934182;1,464088;0,08471239
0,9111122;0,13765858113;0,0002112405;(0.593377600, 1.463882000, 0.084732120);(349.05, 22.36, 235.13);(0.182575800, 1.621785000, -0.344229800);0,614572800;4,406834;4,485313;;;0,5933776;1,463882;0,08473212
0,9222233;0,13798396643;0,0003253853;(0.593235700, 1.463608000, 0.084629360);(349.06, 22.35, 235.07);(0.182392200, 1.621753000, -0.344455400);0,614748600;4,406911;4,485512;;;0,5932357;1,463608;0,08462936
0,9333345;0,13744848723;0,0005354792;(0.593066300, 1.463115000, 0.084753510);(349.08, 22.34, 234.84);(0.182346000, 1.621720000, -0.344752600);0,615078800;4,406744;4,485557;;;0,5930663;1,463115;0,08475351
0,9444456;0,13788069663;0,0004322094;(0.592998600, 1.462712000, 0.084614930);(349.15, 22.30, 234.80);(0.182141500, 1.621702000, -0.344867300);0,615253200;4,406791;4,485786;;;0,5929986;1,462712;0,08461493
0,9555568;0,13768505693;0,0001956397;(0.593149700, 1.462599000, 0.084561530);(349.25, 22.21, 234.86);(0.181979000, 1.621715000, -0.345052100);0,615586800;4,40675;4,485802;;;0,5931497;1,462599;0,08456153
0,9666679;0,13788159383;0,0001965369;(0.593212900, 1.462445000, 0.084456920);(349.30, 22.19, 234.88);(0.181829200, 1.621724000, -0.345192800);0,615796400;4,406778;4,485903;;;0,5932129;1,462445;0,08445692
0,977779;0,13826697253;0,0003853787;(0.593127800, 1.462102000, 0.084304750);(349.28, 22.24, 234.91);(0.181680100, 1.621758000, -0.345384600);0,615964400;4,406859;4,48614;;;0,5931278;1,462102;0,08430475
