time;total distance traveled;distance to prev position;ray position;hmd position;distance to prev target;distance to current target
(1.243031000, 1.892121000, 4.514917000);(2.694822000, 0.685059700, 3.855141000);0,2555556;0,2555556

0;-0,007175457;0,007175457;(1.236238000, 1.893488000, 4.518704000);(0.152231900, 1.629570000, -0.356325000);0,007896546;2,007009;;;1,236238;1,893488;4,518704
0,01111111;-0,002039313;0,005136144;(1.234052000, 1.889282000, 4.520682000);(0.152229300, 1.629552000, -0.356414100);0,01104164;2,006726;;;1,234052;1,889282;4,520682
0,02222222;0,001776335;0,003815648;(1.234452000, 1.885507000, 4.521063000);(0.152149800, 1.629601000, -0.356507700);0,01245446;2,004297;;;1,234452;1,885507;4,521063
0,03333334;-0,001857495;0,00363383;(1.234557000, 1.889081000, 4.520417000);(0.152149800, 1.629584000, -0.356590300);0,01054906;2,006149;;;1,234557;1,889081;4,520417
0,04444445;0,006149755;0,00800725;(1.234465000, 1.896991000, 4.519178000);(0.152122400, 1.629576000, -0.356679200);0,01073564;2,010564;;;1,234465;1,896991;4,519178
0,05555556;0,015170534;0,009020779;(1.234199000, 1.905914000, 4.517877000);(0.152084400, 1.629556000, -0.356723400);0,01664366;2,01572;;;1,234199;1,905914;4,517877
0,06666667;0,020761601;0,005591067;(1.234608000, 1.911374000, 4.516744000);(0.152027600, 1.629564000, -0.356777000);0,0210937;2,018363;;;1,234608;1,911374;4,516744
0,07777778;0,022554972;0,001793371;(1.235128000, 1.912992000, 4.516171000);(0.151962900, 1.629570000, -0.356814600);0,02235164;2,018783;;;1,235128;1,912992;4,516171
0,08888889;0,0234701691;0,0009151971;(1.234679000, 1.913777000, 4.516309000);(0.151926400, 1.629497000, -0.356712500);0,02325217;2,01963;;;1,234679;1,913777;4,516309
0,1;0,0191581121;0,004312057;(1.234073000, 1.909635000, 4.517344000);(0.151765800, 1.629453000, -0.356667600);0,01982093;2,017891;;;1,234073;1,909635;4,517344
0,1111111;0,0107933131;0,008364799;(1.230698000, 1.902652000, 4.520477000);(0.151716600, 1.629504000, -0.356584400);0,01714336;2,017142;;;1,230698;1,902652;4,520477
0,1222222;0,0197240051;0,008930692;(1.226498000, 1.895653000, 4.524100000);(0.151598500, 1.629553000, -0.356584100);0,01923823;2,01718;;;1,226498;1,895653;4,5241
0,1333333;0,0266324261;0,006908421;(1.225939000, 1.888917000, 4.525531000);(0.151521800, 1.629606000, -0.356567600);0,02037253;2,014029;;;1,225939;1,888917;4,525531
0,1444445;0,0328871191;0,006254693;(1.227275000, 1.882810000, 4.525741000);(0.151426600, 1.629643000, -0.356601000);0,02126178;2,009479;;;1,227275;1,88281;4,525741
0,1555556;0,0299359361;0,002951183;(1.229597000, 1.881388000, 4.524602000);(0.151356400, 1.629637000, -0.356618000);0,01973485;2,006555;;;1,229597;1,881388;4,524602
0,1666667;0,0281777551;0,001758181;(1.230098000, 1.882979000, 4.524046000);(0.151270600, 1.629644000, -0.356621400);0,01828027;2,006953;;;1,230098;1,882979;4,524046
0,1777778;0,0214374291;0,006740326;(1.234992000, 1.886126000, 4.520643000);(0.151229900, 1.629641000, -0.356653200);0,01154781;2,004136;;;1,234992;1,886126;4,520643
0,1888889;0,0106871591;0,01075027;(1.242040000, 1.892374000, 4.515461000);(0.151134800, 1.629578000, -0.356727400);0,001157992;2,001051;;;1,24204;1,892374;4,515461
0,2;0,0213250691;0,01063791;(1.250063000, 1.896744000, 4.510011000);(0.151104900, 1.629547000, -0.356795900);0,009741276;1,996087;;;1,250063;1,896744;4,510011
0,2111111;0,0278019971;0,006476928;(1.254843000, 1.899619000, 4.506719000);(0.151007400, 1.629516000, -0.356829200);0,01621583;1,993301;;;1,254843;1,899619;4,506719
0,2222222;0,0332524121;0,005450415;(1.259445000, 1.900327000, 4.503886000);(0.150902400, 1.629421000, -0.356839100);0,02141158;1,989486;;;1,259445;1,900327;4,503886
0,2333333;0,0423808961;0,009128484;(1.265996000, 1.894695000, 4.500939000);(0.150768900, 1.629301000, -0.356827000);0,02700755;1,980358;;;1,265996;1,894695;4,500939
0,2444444;0,0563244761;0,01394358;(1.275517000, 1.885368000, 4.496843000);(0.150674000, 1.629219000, -0.356862100);0,03778424;1,966456;;;1,275517;1,885368;4,496843
0,2555556;0,0695812361;0,01325676;(1.284113000, 1.875912000, 4.493314000);(0.150538700, 1.629193000, -0.356863400);0,04916447;1,95333;;;1,284113;1,875912;4,493314
0,2666667;0,0854068061;0,01582557;(1.293470000, 1.863644000, 4.489795000);(0.150422600, 1.629113000, -0.356908600);0,06313635;1,937946;;;1,29347;1,863644;4,489795
0,2777778;0,1030762861;0,01766948;(1.305439000, 1.851693000, 4.484683000);(0.150301000, 1.628992000, -0.356888200);0,08027017;1,92035;;;1,305439;1,851693;4,484683
0,2888889;0,1199097361;0,01683345;(1.317328000, 1.841007000, 4.479410000);(0.150152100, 1.628906000, -0.357001400);0,09692048;1,903527;;;1,317328;1,841007;4,47941
0,3;0,1449984261;0,02508869;(1.336882000, 1.828481000, 4.469914000);(0.150032200, 1.628859000, -0.357056000);0,1219982;1,878658;;;1,336882;1,828481;4,469914
0,3111111;0,1770121061;0,03201368;(1.362309000, 1.813650000, 4.457328000);(0.149954400, 1.628880000, -0.357131500);0,1539533;1,847143;;;1,362309;1,81365;4,457328
0,3222222;0,2081545761;0,03114247;(1.386379000, 1.797649000, 4.445733000);(0.149781900, 1.628885000, -0.357152000);0,1850954;1,816226;;;1,386379;1,797649;4,445733
0,3333333;0,2464324061;0,03827783;(1.415771000, 1.777563000, 4.431664000);(0.149635900, 1.628939000, -0.357151400);0,2233687;1,778178;;;1,415771;1,777563;4,431664
0,3444445;0,2837303261;0,03729792;(1.441706000, 1.753276000, 4.420323000);(0.149455200, 1.628929000, -0.357105100);0,260188;1,740924;;;1,441706;1,753276;4,420323
0,3555556;0,3239630861;0,04023276;(1.467035000, 1.723700000, 4.410204000);(0.149265500, 1.628994000, -0.357034700);0,2991792;1,701273;;;1,467035;1,7237;4,410204
0,3666667;0,3657274161;0,04176433;(1.493603000, 1.693311000, 4.399487000);(0.149049300, 1.629019000, -0.356999500);0,3400535;1,660063;;;1,493603;1,693311;4,399487
0,3777778;0,4076023361;0,04187492;(1.523042000, 1.666517000, 4.386487000);(0.148794300, 1.629049000, -0.356898700);0,3818345;1,618227;;;1,523042;1,666517;4,386487
0,3888889;0,4571792361;0,0495769;(1.559519000, 1.637437000, 4.369706000);(0.148551700, 1.629180000, -0.356832700);0,4314107;1,568666;;;1,559519;1,637437;4,369706
0,4;0,5104035161;0,05322428;(1.599706000, 1.608122000, 4.350773000);(0.148342900, 1.629329000, -0.356673800);0,4845784;1,515577;;;1,599706;1,608122;4,350773
0,4111111;0,5643772561;0,05397374;(1.639772000, 1.577097000, 4.332191000);(0.148080200, 1.629489000, -0.356520100);0,5385474;1,461655;;;1,639772;1,577097;4,332191
0,4222222;0,6187945461;0,05441729;(1.679812000, 1.545179000, 4.313770000);(0.147810000, 1.629684000, -0.356324400);0,5929645;1,407264;;;1,679812;1,545179;4,31377
0,4333333;0,6692068461;0,0504123;(1.717689000, 1.517050000, 4.296007000);(0.147556900, 1.629847000, -0.356049800);0,6433507;1,356967;;;1,717689;1,51705;4,296007
0,4444444;0,7180211461;0,0488143;(1.754093000, 1.489300000, 4.279051000);(0.147303000, 1.630007000, -0.355803700);0,6921576;1,308233;;;1,754093;1,4893;4,279051
0,4555556;0,7655302061;0,04750906;(1.790315000, 1.463833000, 4.261830000);(0.147056900, 1.630158000, -0.355548900);0,7395965;1,26096;;;1,790315;1,463833;4,26183
0,4666667;0,8159271061;0,0503969;(1.827164000, 1.433869000, 4.244974000);(0.146818200, 1.630269000, -0.355280300);0,7899845;1,210585;;;1,827164;1,433869;4,244974
0,4777778;0,8643110861;0,04838398;(1.863122000, 1.406134000, 4.228279000);(0.146602100, 1.630309000, -0.354973800);0,8383669;1,162284;;;1,863122;1,406134;4,228279
0,4888889;0,9143936161;0,05008253;(1.902790000, 1.382651000, 4.208700000);(0.146395000, 1.630323000, -0.354670800);0,8880374;1,113083;;;1,90279;1,382651;4,2087
0,5;0,9661423461;0,05174873;(1.943970000, 1.358884000, 4.188273000);(0.146351400, 1.630337000, -0.354318600);0,9393368;1,062448;;;1,94397;1,358884;4,188273
0,5111111;1,0221540761;0,05601173;(1.990042000, 1.337627000, 4.164549000);(0.146230600, 1.630395000, -0.353960000);0,9941061;1,009105;;;1,990042;1,337627;4,164549
0,5222223;1,0811062061;0,05895213;(2.036717000, 1.309944000, 4.141519000);(0.146054300, 1.630426000, -0.353513200);1,052756;0,9516275;;;2,036717;1,309944;4,141519
0,5333334;1,1392427361;0,05813653;(2.080639000, 1.277974000, 4.120815000);(0.146018600, 1.630430000, -0.353074800);1,110892;0,8940644;;;2,080639;1,277974;4,120815
0,5444446;1,1987844261;0,05954169;(2.121377000, 1.238258000, 4.103257000);(0.146015600, 1.630435000, -0.352685400);1,169826;0,8345236;;;2,121377;1,238258;4,103257
0,5555557;1,2570519061;0,05826748;(2.160080000, 1.197844000, 4.087014000);(0.146021900, 1.630364000, -0.352289000);1,227233;0,7763129;;;2,16008;1,197844;4,087014
0,5666668;1,3133081261;0,05625622;(2.200770000, 1.163647000, 4.068583000);(0.146085800, 1.630270000, -0.351897700);1,283414;0,7202022;;;2,20077;1,163647;4,068583
0,577778;1,3696018061;0,05629368;(2.243697000, 1.133489000, 4.048169000);(0.146205900, 1.630223000, -0.351486000);1,339668;0,6647275;;;2,243697;1,133489;4,048169
0,5888891;1,4240218061;0,05442;(2.286037000, 1.106148000, 4.027643000);(0.146424100, 1.630080000, -0.351058200);1,393934;0,6117005;;;2,286037;1,106148;4,027643
0,6000003;1,4765431061;0,0525213;(2.327091000, 1.080201000, 4.007648000);(0.146661300, 1.629977000, -0.350681200);1,446279;0,5609111;;;2,327091;1,080201;4,007648
0,6111114;1,5259111161;0,04936801;(2.363245000, 1.050947000, 3.991086000);(0.146952700, 1.629861000, -0.350219800);1,495611;0,5121505;;;2,363245;1,050947;3,991086
0,6222225;1,5785164661;0,05260535;(2.398236000, 1.014522000, 3.976382000);(0.147286500, 1.629751000, -0.349796700);1,547481;0,4595743;;;2,398236;1,014522;3,976382
0,6333337;1,6325358061;0,05401934;(2.423742000, 0.967477400, 3.969013000);(0.147581400, 1.629651000, -0.349419100);1,59595;0,4076899;;;2,423742;0,9674774;3,969013
0,6444448;1,6814322161;0,04889641;(2.451863000, 0.928820300, 3.958731000);(0.147998300, 1.629498000, -0.348987800);1,642731;0,3594155;;;2,451863;0,9288203;3,958731
0,655556;1,7179060061;0,03647379;(2.474487000, 0.901635000, 3.949818000);(0.148416900, 1.629367000, -0.348668200);1,678358;0,3231351;;;2,474487;0,901635;3,949818
0,6666671;1,7520770261;0,03417102;(2.500329000, 0.882894500, 3.937625000);(0.148877500, 1.629200000, -0.348304900);1,712484;0,2894306;;;2,500329;0,8828945;3,937625
0,6777782;1,7916258061;0,03954878;(2.530835000, 0.862439600, 3.922960000);(0.149360000, 1.629037000, -0.347949900);1,751884;0,2509082;;;2,530835;0,8624396;3,92296
0,6888894;1,8193562261;0,02773042;(2.554787000, 0.859464200, 3.909306000);(0.149816900, 1.628865000, -0.347619700);1,775908;0,2301321;;;2,554787;0,8594642;3,909306
0,7000005;1,8494975661;0,03014134;(2.578062000, 0.843930100, 3.898105000);(0.150278500, 1.628578000, -0.347358500);1,805954;0,2017889;;;2,578062;0,8439301;3,898105
0,7111117;1,8744863361;0,02498877;(2.595777000, 0.828167100, 3.890223000);(0.150737100, 1.628439000, -0.347085900);1,830892;0,1775399;;;2,595777;0,8281671;3,890223
0,7222228;1,9010124061;0,02652607;(2.610495000, 0.806715800, 3.885040000);(0.151285400, 1.628329000, -0.346856100);1,856019;0,1510141;;;2,610495;0,8067158;3,88504
0,7333339;1,9283515861;0,02733918;(2.626478000, 0.785346500, 3.879097000);(0.151908800, 1.628202000, -0.346658900);1,882324;0,1237023;;;2,626478;0,7853465;3,879097
0,7444451;1,9470683461;0,01871676;(2.637276000, 0.770580200, 3.875136000);(0.152493300, 1.628044000, -0.346451200);1,900288;0,1050008;;;2,637276;0,7705802;3,875136
0,7555562;1,9581701561;0,01110181;(2.645615000, 0.764381200, 3.871227000);(0.153175900, 1.627930000, -0.346305800);1,911381;0,09472088;;;2,645615;0,7643812;3,871227
0,7666674;1,9666392341;0,008469078;(2.651919000, 0.759546000, 3.868295000);(0.153673300, 1.627790000, -0.346198900);1,919847;0,08695918;;;2,651919;0,759546;3,868295
0,7777785;1,9713186901;0,004679456;(2.652717000, 0.754943600, 3.868576000);(0.154232600, 1.627684000, -0.346083200);1,923056;0,08268709;;;2,652717;0,7549436;3,868576
0,7888896;1,9800648801;0,00874619;(2.654472000, 0.746383100, 3.868939000);(0.154668000, 1.627572000, -0.345824100);1,929293;0,07469317;;;2,654472;0,7463831;3,868939
0,8000008;1,9914515001;0,01138662;(2.662438000, 0.739038500, 3.865437000);(0.155259200, 1.627459000, -0.345678300);1,940655;0,06378464;;;2,662438;0,7390385;3,865437
0,8111119;2,0076352001;0,0161837;(2.676348000, 0.736104400, 3.857704000);(0.155779900, 1.627321000, -0.345583000);1,955173;0,05434534;;;2,676348;0,7361044;3,857704
0,8222231;2,0251917301;0,01755653;(2.690094000, 0.742141400, 3.848603000);(0.156256800, 1.627238000, -0.345479700);1,964795;0,05764916;;;2,690094;0,7421414;3,848603
0,8333342;2,0424172701;0,01722554;(2.701524000, 0.751956900, 3.840251000);(0.156781700, 1.627204000, -0.345282400);1,970368;0,06886113;;;2,701524;0,7519569;3,840251
0,8444453;2,0535843101;0,01116704;(2.710495000, 0.755171100, 3.834430000);(0.157261500, 1.627309000, -0.345152400);1,977162;0,07476754;;;2,710495;0,7551711;3,83443
0,8555565;2,0581530281;0,004568718;(2.713707000, 0.752249200, 3.833011000);(0.157590800, 1.627503000, -0.344926500);1,981715;0,07321774;;;2,713707;0,7522492;3,833011
0,8666676;2,0726823281;0,0145293;(2.711420000, 0.738365300, 3.836631000);(0.158021100, 1.627745000, -0.344747200);1,986804;0,05881837;;;2,71142;0,7383653;3,836631
0,8777788;2,0898885981;0,01720627;(2.708179000, 0.722097400, 3.841203000);(0.158407000, 1.628036000, -0.344665200);1,992362;0,04176667;;;2,708179;0,7220974;3,841203
0,8888899;2,1159528381;0,02606424;(2.699141000, 0.699386100, 3.850250000);(0.158711100, 1.628235000, -0.344625200);1,99616;0,01574208;;;2,699141;0,6993861;3,85025
0,900001;2,1298337381;0,0138809;(2.696043000, 0.686442900, 3.854195000);(0.159007300, 1.628437000, -0.344644800);2,000365;0,002073456;;;2,696043;0,6864429;3,854195
0,9111122;2,1369917411;0,007158003;(2.693660000, 0.680147800, 3.856630000);(0.159237800, 1.628631000, -0.344666500);2,001636;0,00526251;;;2,69366;0,6801478;3,85663
0,9222233;2,1426737401;0,005681999;(2.692900000, 0.674679300, 3.857973000);(0.159439900, 1.628804000, -0.344697800);2,003962;0,01093003;;;2,6929;0,6746793;3,857973
0,9333345;2,1400953251;0,002578415;(2.691627000, 0.676887500, 3.858363000);(0.159583700, 1.628914000, -0.344610900);2,001571;0,009347439;;;2,691627;0,6768875;3,858363
0,9444456;2,1410802850;0,0009849599;(2.692313000, 0.676246800, 3.858063000);(0.159738700, 1.629022000, -0.344599100);2,002555;0,00961796;;;2,692313;0,6762468;3,858063
0,9555568;2,1529802850;0,0119;(2.699640000, 0.683796700, 3.852503000);(0.159902500, 1.629189000, -0.344660300);2,005131;0,005636148;;;2,69964;0,6837967;3,852503
0,9666679;2,1659956250;0,01301534;(2.708117000, 0.691441200, 3.846250000);(0.160003600, 1.629240000, -0.344665400);2,008787;0,01722001;;;2,708117;0,6914412;3,84625
0,977779;2,1760197550;0,01002413;(2.714467000, 0.697571700, 3.841499000);(0.160156100, 1.629317000, -0.344626800);2,011359;0,0269925;;;2,714467;0,6975717;3,841499
0,9888902;2,1828353150;0,00681556;(2.719290000, 0.700977900, 3.838095000);(0.160296100, 1.629365000, -0.344606300);2,014014;0,03380329;;;2,71929;0,7009779;3,838095
1,000001;2,1856960880;0,002860773;(2.721553000, 0.699627500, 3.836980000);(0.160352600, 1.629373000, -0.344595500);2,016846;0,0354481;;;2,721553;0,6996275;3,83698
1,011112;2,1745088180;0,01118727;(2.714742000, 0.692432500, 3.842176000);(0.160531800, 1.629377000, -0.344635000);2,01439;0,02488462;;;2,714742;0,6924325;3,842176
1,022224;2,1665586140;0,007950204;(2.709761000, 0.687497400, 3.845924000);(0.160618700, 1.629352000, -0.344598200);2,012454;0,01772232;;;2,709761;0,6874974;3,845924
1,033335;2,1551306840;0,01142793;(2.701578000, 0.681955000, 3.851661000);(0.160606500, 1.629261000, -0.344523800);2,007927;0,008209368;;;2,701578;0,681955;3,851661
1,044446;2,1524761290;0,002654555;(2.699547000, 0.680929400, 3.853027000);(0.160669400, 1.629177000, -0.344389100);2,006619;0,006621618;;;2,699547;0,6809294;3,853027
1,055557;2,1544888750;0,002012746;(2.700794000, 0.679428500, 3.852536000);(0.160769400, 1.629144000, -0.344383600);2,008593;0,008611748;;;2,700794;0,6794285;3,852536
1,066668;2,1608111700;0,006322295;(2.706249000, 0.678570400, 3.849456000);(0.160823700, 1.628991000, -0.344383000);2,014088;0,01431751;;;2,706249;0,6785704;3,849456
1,077779;2,1669030070;0,006091837;(2.709672000, 0.673681600, 3.848235000);(0.160897000, 1.628912000, -0.344321100);2,019925;0,01994158;;;2,709672;0,6736816;3,848235
