time;total distance traveled;distance to prev position;ray position;hmd position;distance to prev target;distance to current target
(1.432542000, 2.116794000, 4.452456000);(2.063965000, 0.257743800, 4.071359000);0,2555556;0,2555556

0;-0,003646271;0,003646271;(1.433934000, 2.124392000, 4.450210000);(0.162728100, 1.628849000, -0.351399100);0,008043835;2,006201;;;1,433934;2,124392;4,45021
0,01111111;0,000938995;0,004585266;(1.436801000, 2.126369000, 4.447227000);(0.162922800, 1.628946000, -0.351464600);0,01171139;2,006582;;;1,436801;2,126369;4,447227
0,02222222;0,0001675174;0,0007714776;(1.436720000, 2.125621000, 4.447395000);(0.162985600, 1.628967000, -0.351485700);0,01099867;2,005942;;;1,43672;2,125621;4,447395
0,03333334;-0,0042439266;0,004411444;(1.433529000, 2.125710000, 4.450439000);(0.163054700, 1.628963000, -0.351521300);0,009193402;2,007598;;;1,433529;2,12571;4,450439
0,04444445;-0,0132272206;0,008983294;(1.427875000, 2.121925000, 4.456306000);(0.163115000, 1.628944000, -0.351562900);0,007933061;2,00698;;;1,427875;2,121925;4,456306
0,05555556;-0,0040504976;0,009176723;(1.423246000, 2.115907000, 4.461460000);(0.163136300, 1.628927000, -0.351561500);0,01297253;2,003864;;;1,423246;2,115907;4,46146
0,06666667;0,0022843614;0,006334859;(1.421112000, 2.110580000, 4.464143000);(0.163157100, 1.628903000, -0.351598800);0,01748883;2,000135;;;1,421112;2,11058;4,464143
0,07777778;0,0066312114;0,00434685;(1.418728000, 2.108029000, 4.466732000);(0.163128200, 1.628908000, -0.351555200);0,0217136;1,999051;;;1,418728;2,108029;4,466732
0,08888889;0,0110725014;0,00444129;(1.415671000, 2.109761000, 4.469449000);(0.163154600, 1.628908000, -0.351574900);0,0249575;2,002181;;;1,415671;2,109761;4,469449
0,1;0,0017929714;0,00927953;(1.419461000, 2.116943000, 4.464959000);(0.163153200, 1.628901000, -0.351586900);0,01809591;2,006721;;;1,419461;2,116943;4,464959
0,1111111;-0,0041348646;0,005927836;(1.423004000, 2.119870000, 4.461215000);(0.163171600, 1.628880000, -0.351649700);0,01331018;2,007569;;;1,423004;2,11987;4,461215
0,1222222;-0,0139733606;0,009838496;(1.429479000, 2.123231000, 4.454614000);(0.163129100, 1.628891000, -0.351663800);0,007448217;2,007362;;;1,429479;2,123231;4,454614
0,1333333;-0,0018874306;0,01208593;(1.438006000, 2.125016000, 4.446237000);(0.163093000, 1.628874000, -0.351661900);0,01166709;2,00476;;;1,438006;2,125016;4,446237
0,1444445;0,0050223334;0,006909764;(1.442931000, 2.125707000, 4.441440000);(0.163053900, 1.628884000, -0.351659100);0,01757039;2,00298;;;1,442931;2,125707;4,44144
0,1555556;0,0071067674;0,002084434;(1.444234000, 2.126607000, 4.440084000);(0.162901000, 1.628867000, -0.351552500);0,01964794;2,003166;;;1,444234;2,126607;4,440084
0,1666667;0,0052034424;0,001903325;(1.444874000, 2.124861000, 4.439682000);(0.162834100, 1.628844000, -0.351522100);0,01950175;2,001265;;;1,444874;2,124861;4,439682
0,1777778;-0,0010957176;0,00629916;(1.441853000, 2.120514000, 4.443096000);(0.162796700, 1.628772000, -0.351542400);0,01371611;1,99878;;;1,441853;2,120514;4,443096
0,1888889;-0,0140533576;0,01295764;(1.435674000, 2.111524000, 4.450089000);(0.162710100, 1.628724000, -0.351597700);0,006571495;1,993662;;;1,435674;2,111524;4,450089
0,2;-0,0020678076;0,01198555;(1.429492000, 2.103865000, 4.456928000);(0.162638100, 1.628634000, -0.351590000);0,01401678;1,98982;;;1,429492;2,103865;4,456928
0,2111111;0,0102740424;0,01234185;(1.422994000, 2.096179000, 4.464071000);(0.162522100, 1.628598000, -0.351578100);0,02551649;1,98618;;;1,422994;2,096179;4,464071
0,2222222;0,0200911274;0,009817085;(1.419050000, 2.088513000, 4.468768000);(0.162442700, 1.628518000, -0.351582800);0,03532637;1,981304;;;1,41905;2,088513;4,468768
0,2333333;0,0289470874;0,00885596;(1.421791000, 2.080251000, 4.467136000);(0.162377400, 1.628431000, -0.351598200);0,04082285;1,972451;;;1,421791;2,080251;4,467136
0,2444444;0,0396361674;0,01068908;(1.428933000, 2.075329000, 4.460891000);(0.162270100, 1.628319000, -0.351613900);0,04246867;1,964336;;;1,428933;2,075329;4,460891
0,2555556;0,0511105874;0,01147442;(1.436402000, 2.069469000, 4.454445000);(0.162114500, 1.628208000, -0.351604500);0,04752414;1,955234;;;1,436402;2,069469;4,454445
0,2666667;0,0727253374;0,02161475;(1.451629000, 2.062688000, 4.440684000);(0.161994400, 1.628078000, -0.351602800);0,0585691;1,941438;;;1,451629;2,062688;4,440684
0,2777778;0,0883546374;0,0156293;(1.460826000, 2.052585000, 4.433094000);(0.161771700, 1.627903000, -0.351670000);0,07278531;1,927715;;;1,460826;2,052585;4,433094
0,2888889;0,1064058774;0,01805124;(1.469038000, 2.037701000, 4.427022000);(0.161605300, 1.627819000, -0.351730100);0,0907448;1,910152;;;1,469038;2,037701;4,427022
0,3;0,1236162674;0,01721039;(1.474977000, 2.022001000, 4.423222000);(0.161415600, 1.627739000, -0.351787000);0,1078941;1,892965;;;1,474977;2,022001;4,423222
0,3111111;0,1513234974;0,02770723;(1.482846000, 1.995799000, 4.418837000);(0.161216300, 1.627650000, -0.351718500);0,1352796;1,865282;;;1,482846;1,995799;4,418837
0,3222222;0,1797119174;0,02838842;(1.493494000, 1.970473000, 4.411686000);(0.161012000, 1.627587000, -0.351779900);0,1636677;1,837036;;;1,493494;1,970473;4,411686
0,3333333;0,2101105074;0,03039859;(1.505199000, 1.943575000, 4.403714000);(0.160872400, 1.627575000, -0.351852500);0,194061;1,80685;;;1,505199;1,943575;4,403714
0,3444445;0,2523215974;0,04221109;(1.520191000, 1.905342000, 4.393956000);(0.160641600, 1.627498000, -0.351931900);0,2362557;1,764749;;;1,520191;1,905342;4,393956
0,3555556;0,2886842674;0,03636267;(1.531014000, 1.871196000, 4.387698000);(0.160398300, 1.627437000, -0.352033600);0,2724131;1,728391;;;1,531014;1,871196;4,387698
0,3666667;0,3295003774;0,04081611;(1.542255000, 1.832436000, 4.381594000);(0.160210400, 1.627440000, -0.352183800);0,3129186;1,687626;;;1,542255;1,832436;4,381594
0,3777778;0,3685993874;0,03909901;(1.556284000, 1.797116000, 4.372406000);(0.159933400, 1.627409000, -0.352318900);0,3520147;1,648647;;;1,556284;1,797116;4,372406
0,3888889;0,4085694574;0,03997007;(1.577085000, 1.767132000, 4.356099000);(0.159654500, 1.627371000, -0.352457400);0,3904365;1,61133;;;1,577085;1,767132;4,356099
0,4;0,4478014274;0,03923197;(1.597544000, 1.737760000, 4.340042000);(0.159357200, 1.627325000, -0.352570000);0,4284033;1,574861;;;1,597544;1,73776;4,340042
0,4111111;0,4891598474;0,04135842;(1.621721000, 1.710738000, 4.320146000);(0.159203700, 1.627319000, -0.352760100);0,4670929;1,539048;;;1,621721;1,710738;4,320146
0,4222222;0,5270424574;0,03788261;(1.643673000, 1.685656000, 4.302145000);(0.158947900, 1.627356000, -0.352821900);0,5030409;1,506267;;;1,643673;1,685656;4,302145
0,4333333;0,5600874374;0,03304498;(1.663456000, 1.664915000, 4.285700000);(0.158516700, 1.627275000, -0.352786500);0,5341568;1,478675;;;1,663456;1,664915;4,2857
0,4444444;0,5917201874;0,03163275;(1.675149000, 1.636574000, 4.277912000);(0.158247900, 1.627259000, -0.352802100);0,5656286;1,447416;;;1,675149;1,636574;4,277912
0,4555556;0,6279383874;0,0362182;(1.684518000, 1.601920000, 4.273107000);(0.157970700, 1.627203000, -0.352793300);0,6006279;1,411202;;;1,684518;1,60192;4,273107
0,4666667;0,6895454374;0,06160705;(1.688275000, 1.540543000, 4.276883000);(0.157692800, 1.627091000, -0.352784900);0,654439;1,35239;;;1,688275;1,540543;4,276883
0,4777778;0,7504873674;0,06094193;(1.703270000, 1.481929000, 4.269570000);(0.157499000, 1.627038000, -0.352848500);0,7139989;1,291518;;;1,70327;1,481929;4,26957
0,4888889;0,8270941874;0,07660682;(1.728405000, 1.411258000, 4.254000000);(0.157341100, 1.627064000, -0.352903400);0,7903801;1,215135;;;1,728405;1,411258;4,254
0,5;0,8987109374;0,07161675;(1.756306000, 1.348133000, 4.234875000);(0.157145900, 1.627094000, -0.352865200);0,8619767;1,144701;;;1,756306;1,348133;4,234875
0,5111111;0,9589368774;0,06022594;(1.779750000, 1.295034000, 4.218812000);(0.156854900, 1.627106000, -0.352772100);0,9221888;1,085584;;;1,77975;1,295034;4,218812
0,5222223;1,0078692074;0,04893233;(1.792078000, 1.248083000, 4.212651000);(0.156707900, 1.627096000, -0.352693800);0,9702742;1,036657;;;1,792078;1,248083;4,212651
0,5333334;1,0608904274;0,05302122;(1.803077000, 1.196395000, 4.208332000);(0.156382900, 1.627067000, -0.352593900);1,021777;0,9838143;;;1,803077;1,196395;4,208332
0,5444446;1,1199180574;0,05902763;(1.811024000, 1.137908000, 4.207751000);(0.156249700, 1.627015000, -0.352527700);1,077658;0,9258893;;;1,811024;1,137908;4,207751
0,5555557;1,1850235374;0,06510548;(1.822907000, 1.074003000, 4.204052000);(0.156155100, 1.626966000, -0.352456600);1,140834;0,8613917;;;1,822907;1,074003;4,204052
0,5666668;1,2568795974;0,07185606;(1.833304000, 1.002917000, 4.202639000);(0.156117800, 1.626936000, -0.352314700);1,209852;0,7910261;;;1,833304;1,002917;4,202639
0,577778;1,3194515774;0,06257198;(1.846721000, 0.942051400, 4.197107000);(0.156049300, 1.626899000, -0.352229700);1,271522;0,7288927;;;1,846721;0,9420514;4,197107
0,5888891;1,3712916274;0,05184005;(1.863720000, 0.894222300, 4.186581000);(0.156098700, 1.626893000, -0.352039700);1,323362;0,6771109;;;1,86372;0,8942223;4,186581
0,6000003;1,4202433274;0,0489517;(1.877202000, 0.847736800, 4.179260000);(0.156137900, 1.626895000, -0.351886200);1,372175;0,6281837;;;1,877202;0,8477368;4,17926
0,6111114;1,4606973674;0,04045404;(1.888541000, 0.809410500, 4.173010000);(0.156280800, 1.627011000, -0.351763700);1,412543;0,5877438;;;1,888541;0,8094105;4,17301
0,6222225;1,5028370774;0,04213971;(1.897828000, 0.768499500, 4.169035000);(0.156394600, 1.626947000, -0.351606700);1,454207;0,5459063;;;1,897828;0,7684995;4,169035
0,6333337;1,5486892274;0,04585215;(1.902285000, 0.722880700, 4.170248000);(0.156517700, 1.626874000, -0.351474500);1,497763;0,5022666;;;1,902285;0,7228807;4,170248
0,6444448;1,5902671574;0,04157793;(1.909692000, 0.682025900, 4.168066000);(0.156708300, 1.626766000, -0.351325800);1,538541;0,4617012;;;1,909692;0,6820259;4,168066
0,655556;1,6301671174;0,03989996;(1.918468000, 0.643283900, 4.164319000);(0.156935300, 1.626699000, -0.351237500);1,578094;0,4224361;;;1,918468;0,6432839;4,164319
0,6666671;1,6622498374;0,03208272;(1.926442000, 0.612457500, 4.160389000);(0.157196100, 1.626670000, -0.351105200);1,610053;0,3907183;;;1,926442;0,6124575;4,160389
0,6777782;1,6865483674;0,02429853;(1.927166000, 0.588270700, 4.162601000);(0.157457600, 1.626613000, -0.350952400);1,632499;0,3691708;;;1,927166;0,5882707;4,162601
0,6888894;1,7123236474;0,02577528;(1.927345000, 0.562660300, 4.165506000);(0.157645000, 1.626537000, -0.350864000);1,65605;0,3471353;;;1,927345;0,5626603;4,165506
0,7000005;1,7430926174;0,03076897;(1.931055000, 0.532116000, 4.165625000);(0.157905900, 1.626422000, -0.350717400);1,685821;0,3191103;;;1,931055;0,532116;4,165625
0,7111117;1,7746772874;0,03158467;(1.937891000, 0.501412400, 4.162770000);(0.158189300, 1.626292000, -0.350582100);1,717193;0,2891802;;;1,937891;0,5014124;4,16277
0,7222228;1,8042490674;0,02957178;(1.949900000, 0.475731100, 4.154359000);(0.158465200, 1.626151000, -0.350441300);1,746313;0,2596506;;;1,9499;0,4757311;4,154359
0,7333339;1,8321690874;0,02792002;(1.963402000, 0.453551400, 4.144098000);(0.158743200, 1.626016000, -0.350400800);1,772928;0,231829;;;1,963402;0,4535514;4,144098
0,7444451;1,8564588174;0,02428973;(1.980928000, 0.449263600, 4.127837000);(0.159068200, 1.625860000, -0.350282500);1,785151;0,2162517;;;1,980928;0,4492636;4,127837
0,7555562;1,8760757374;0,01961692;(1.992440000, 0.436524900, 4.118348000);(0.159394300, 1.625774000, -0.349917100);1,802337;0,1982085;;;1,99244;0,4365249;4,118348
0,7666674;1,8862353474;0,01015961;(1.998549000, 0.430199900, 4.113260000);(0.159711400, 1.625616000, -0.349780900);1,811082;0,1891458;;;1,998549;0,4301999;4,11326
0,7777785;1,9052944774;0,01905913;(1.999612000, 0.411212400, 4.114523000);(0.159974700, 1.625471000, -0.349555300);1,828873;0,1719218;;;1,999612;0,4112124;4,114523
0,7888896;1,9268528474;0,02155837;(2.004547000, 0.390343900, 4.112306000);(0.160326200, 1.625332000, -0.349411400);1,850276;0,1509635;;;2,004547;0,3903439;4,112306
0,8000008;1,9496283774;0,02277553;(2.017534000, 0.374910400, 4.101729000);(0.160672800, 1.625221000, -0.349268300);1,870664;0,1296389;;;2,017534;0,3749104;4,101729
0,8111119;1,9685692974;0,01894092;(2.029745000, 0.364929900, 4.091239000);(0.160942600, 1.625073000, -0.349123200);1,885778;0,114259;;;2,029745;0,3649299;4,091239
0,8222231;1,9853615174;0,01679222;(2.041867000, 0.362048400, 4.079981000);(0.161264400, 1.624941000, -0.348987300);1,894504;0,1069679;;;2,041867;0,3620484;4,079981
0,8333342;1,9963802674;0,01101875;(2.048113000, 0.354521300, 4.074907000);(0.161652600, 1.624882000, -0.348813500);1,904488;0,09813147;;;2,048113;0,3545213;4,074907
0,8444453;2,0094765074;0,01309624;(2.042773000, 0.344375800, 4.081237000);(0.161956100, 1.624738000, -0.348726300);1,91093;0,08973186;;;2,042773;0,3443758;4,081237
0,8555565;2,0244313874;0,01495488;(2.043223000, 0.329489500, 4.082594000);(0.162347300, 1.624597000, -0.348684400);1,924626;0,07552434;;;2,043223;0,3294895;4,082594
0,8666676;2,0373760774;0,01294469;(2.042675000, 0.316721300, 4.084653000);(0.162646300, 1.624463000, -0.348631500);1,935925;0,06409649;;;2,042675;0,3167213;4,084653
0,8777788;2,0485938074;0,01121773;(2.046221000, 0.306296200, 4.082512000);(0.162865100, 1.624321000, -0.348520400);1,947142;0,05288295;;;2,046221;0,3062962;4,082512
0,8888899;2,0542356944;0,005641887;(2.049822000, 0.303235300, 4.079432000);(0.163143500, 1.624261000, -0.348500800);1,951712;0,0483184;;;2,049822;0,3032353;4,079432
0,900001;2,0606066904;0,006370996;(2.054101000, 0.300368500, 4.075681000);(0.163399000, 1.624184000, -0.348440100);1,95645;0,04396431;;;2,054101;0,3003685;4,075681
0,9111122;2,0658495804;0,00524289;(2.056505000, 0.296065200, 4.073896000);(0.163810500, 1.624127000, -0.348363200);1,961553;0,03912308;;;2,056505;0,2960652;4,073896
0,9222233;2,0724558344;0,006606254;(2.057030000, 0.289486100, 4.074183000);(0.164071900, 1.624075000, -0.348306700);1,967773;0,03261351;;;2,05703;0,2894861;4,074183
0,9333345;2,0841562544;0,01170042;(2.056070000, 0.278052700, 4.076476000);(0.164227200, 1.623973000, -0.348284700);1,977655;0,02238227;;;2,05607;0,2780527;4,076476
0,9444456;2,0972743044;0,01311805;(2.054320000, 0.265449500, 4.079666000);(0.164443600, 1.623922000, -0.348243100);1,98823;0,01488011;;;2,05432;0,2654495;4,079666
0,9555568;2,1052987624;0,008024458;(2.055809000, 0.257578900, 4.079186000);(0.164703300, 1.623874000, -0.348304000);1,996115;0,01130604;;;2,055809;0,2575789;4,079186
0,9666679;2,1101521414;0,004853379;(2.059162000, 0.255742700, 4.076196000);(0.164934600, 1.623855000, -0.348280700);1,999434;0,007104843;;;2,059162;0,2557427;4,076196
0,977779;2,1027498674;0,007402274;(2.063483000, 0.259611200, 4.071596000);(0.165154500, 1.623806000, -0.348261100);1,998066;0,001943378;;;2,063483;0,2596112;4,071596
0,9888902;2,1006569884;0,002092879;(2.064817000, 0.260447400, 4.070218000);(0.165401200, 1.623812000, -0.348254500);1,997974;0,003055522;;;2,064817;0,2604474;4,070218
1,000001;2,1035108564;0,002853868;(2.065323000, 0.257642600, 4.070070000);(0.165639300, 1.623775000, -0.348230100);2,000769;0,001874532;;;2,065323;0,2576426;4,07007
1,011112;2,1118293064;0,00831845;(2.061677000, 0.251477800, 4.074301000);(0.165854800, 1.623800000, -0.348216100);2,004549;0,007290849;;;2,061677;0,2514778;4,074301
1,022224;2,1194334964;0,00760419;(2.059460000, 0.244816800, 4.077223000);(0.166073800, 1.623750000, -0.348192500);2,009509;0,01489292;;;2,05946;0,2448168;4,077223
1,033335;2,1241704444;0,004736948;(2.059123000, 0.240174700, 4.078104000);(0.166198700, 1.623730000, -0.348099000);2,013565;0,01943254;;;2,059123;0,2401747;4,078104
1,044446;2,1286923824;0,004521938;(2.059379000, 0.235669700, 4.078400000);(0.166389800, 1.623717000, -0.348101000);2,017789;0,02361938;;;2,059379;0,2356697;4,0784
1,055557;2,1353421594;0,006649777;(2.061822000, 0.229700900, 4.076778000);(0.166618600, 1.623678000, -0.348172100);2,024413;0,02864216;;;2,061822;0,2297009;4,076778
1,066668;2,1426511864;0,007309027;(2.065081000, 0.223609700, 4.074391000);(0.166773900, 1.623652000, -0.348159600);2,031548;0,03428675;;;2,065081;0,2236097;4,074391
1,077779;2,1520766334;0,009425447;(2.070802000, 0.217847500, 4.069606000);(0.166940800, 1.623614000, -0.348137700);2,039595;0,04051589;;;2,070802;0,2178475;4,069606
1,08889;2,1591112504;0,007034617;(2.073411000, 0.211550800, 4.067865000);(0.166997400, 1.623628000, -0.348036000);2,046601;0,04727817;;;2,073411;0,2115508;4,067865
