time;total distance traveled;distance to prev position;ray position;hmd position;distance to prev target;distance to current target
(0.571227400, 1.927229000, 4.578153000);(-1.109183000, 2.985198000, 4.816732000);0,2444444;0,1555556
True

0;-0,03604569;0,03604569;(0.589046100, 1.906682000, 4.575069000);(-0.063023890, 1.668287000, 0.105531100);0,02737206;2,026223;;;0,5890461;1,906682;4,575069
0,01111111;-0,02360004;0,01244565;(0.600827200, 1.910567000, 4.574068000);(-0.062998750, 1.668314000, 0.105470300);0,03421212;2,034171;;;0,6008272;1,910567;4,574068
0,02222222;-0,017318956;0,006281084;(0.606256900, 1.913702000, 4.573687000);(-0.062969980, 1.668311000, 0.105375000);0,03781557;2,037133;;;0,6062569;1,913702;4,573687
0,03333334;-0,012828529;0,004490427;(0.609290000, 1.917011000, 4.573565000);(-0.062951240, 1.668287000, 0.105268600);0,03967658;2,037966;;;0,60929;1,917011;4,573565
0,04444445;-0,015677541;0,002849012;(0.607759800, 1.919395000, 4.573867000);(-0.062913750, 1.668268000, 0.105177600);0,03760807;2,03539;;;0,6077598;1,919395;4,573867
0,05555556;-0,020279386;0,004601845;(0.603190300, 1.919105000, 4.574328000);(-0.062751140, 1.668326000, 0.105182100);0,03320045;2,031634;;;0,6031903;1,919105;4,574328
0,06666667;-0,030213496;0,00993411;(0.593779600, 1.916025000, 4.575129000);(-0.062664190, 1.668359000, 0.105129800);0,02536294;2,025237;;;0,5937796;1,916025;4,575129
0,07777778;-0,039815355;0,009601859;(0.584813300, 1.912670000, 4.575868000);(-0.062510890, 1.668405000, 0.105026300);0,02004424;2,019395;;;0,5848133;1,91267;4,575868
0,08888889;-0,027968915;0,01184644;(0.576892600, 1.903866000, 4.576173000);(-0.062433220, 1.668407000, 0.104936100);0,02412159;2,017424;;;0,5768926;1,903866;4,576173
0,1;-0,018692677;0,009276238;(0.573231700, 1.895344000, 4.576050000);(-0.062331090, 1.668403000, 0.104848900);0,0320176;2,018968;;;0,5732317;1,895344;4,57605
0,1111111;-0,015308531;0,003384146;(0.576025300, 1.893477000, 4.575646000);(-0.062262080, 1.668417000, 0.104764900);0,03418378;2,022351;;;0,5760253;1,893477;4,575646
0,1222222;-0,024782656;0,009474125;(0.578129300, 1.902709000, 4.575975000);(-0.062338900, 1.668370000, 0.104761200);0,02556649;2,019101;;;0,5781293;1,902709;4,575975
0,1333333;-0,035929816;0,01114716;(0.582998100, 1.912736000, 4.576061000);(-0.062307720, 1.668279000, 0.104653200);0,0187879;2,017814;;;0,5829981;1,912736;4,576061
0,1444445;-0,018713866;0,01721595;(0.591689200, 1.927597000, 4.576035000);(-0.062269840, 1.668262000, 0.104598600);0,02057442;2,017281;;;0,5916892;1,927597;4,576035
0,1555556;-0,008156026;0,01055784;(0.599461000, 1.934733000, 4.575646000);(-0.062279020, 1.668368000, 0.104491600);0,0293209;2,020164;;;0,599461;1,934733;4,575646
0,1666667;-0,002926328;0,005229698;(0.604448900, 1.936244000, 4.575214000);(-0.062181910, 1.668408000, 0.104495800);0,03454797;2,023653;;;0,6044489;1,936244;4,575214
0,1777778;-0,009150803;0,006224475;(0.598314300, 1.935371000, 4.575804000);(-0.062178660, 1.668509000, 0.104681600);0,02838122;2,018844;;;0,5983143;1,935371;4,575804
0,1888889;-0,016964843;0,00781404;(0.590543700, 1.935462000, 4.576622000);(-0.062141860, 1.668631000, 0.104717500);0,02105302;2,012131;;;0,5905437;1,935462;4,576622
0,2;-0,028322073;0,01135723;(0.580098700, 1.931080000, 4.577455000);(-0.062112260, 1.668714000, 0.104851500);0,009696192;2,005515;;;0,5800987;1,93108;4,577455
0,2111111;-0,037246677;0,008924604;(0.571676600, 1.928215000, 4.578165000);(-0.062186100, 1.668885000, 0.104884200);0,001082782;1,999855;;;0,5716766;1,928215;4,578165
0,2222222;-0,023803187;0,01344349;(0.560992700, 1.936217000, 4.579758000);(-0.062339830, 1.669061000, 0.104919100);0,01371523;1,986455;;;0,5609927;1,936217;4,579758
0,2333333;-0,002984327;0,02081886;(0.545630200, 1.950057000, 4.582186000);(-0.062591720, 1.669306000, 0.104918500);0,03453343;1,965944;;;0,5456302;1,950057;4,582186
0,2444444;0,037813043;0,04079737;(0.513646500, 1.974921000, 4.587008000);(-0.062828120, 1.669526000, 0.104964000);0,07528882;1,92536;;;0,5136465;1,974921;4,587008
0,2555556;0,096392863;0,05857982;(0.463665200, 2.004662000, 4.594001000);(-0.063176920, 1.669822000, 0.104978300);0,1334788;1,866792;;;0,4636652;2,004662;4,594001
0,2666667;0,177349593;0,08095673;(0.391742800, 2.040550000, 4.603655000);(-0.063501930, 1.670099000, 0.105011500);0,2137912;1,786208;;;0,3917428;2,04055;4,603655
0,2777778;0,262677653;0,08532806;(0.315117400, 2.076692000, 4.613815000);(-0.063841020, 1.670468000, 0.105010400);0,2986688;1,701526;;;0,3151174;2,076692;4,613815
0,2888889;0,340404293;0,07772664;(0.246161400, 2.111341000, 4.623085000);(-0.064095460, 1.670828000, 0.105084400);0,3762763;1,624218;;;0,2461614;2,111341;4,623085
0,3;0,408302713;0,06789842;(0.188804000, 2.146762000, 4.631187000);(-0.064322930, 1.671259000, 0.105144900);0,444134;1,556333;;;0,188804;2,146762;4,631187
0,3111111;0,481181573;0,07287886;(0.132696900, 2.192475000, 4.639770000);(-0.064544300, 1.671644000, 0.105208500);0,5161985;1,483911;;;0,1326969;2,192475;4,63977
0,3222222;0,540657233;0,05947566;(0.088224930, 2.231349000, 4.646729000);(-0.064852830, 1.671948000, 0.105173800);0,5748762;1,425123;;;0,08822493;2,231349;4,646729
0,3333333;0,603653233;0,062996;(0.039289460, 2.270318000, 4.654162000);(-0.065130700, 1.672171000, 0.105228500);0,6375303;1,362524;;;0,03928946;2,270318;4,654162
0,3444445;0,663165933;0,0595127;(-0.004330266, 2.310205000, 4.661093000);(-0.065311890, 1.672311000, 0.105097700);0,6962876;1,304047;;;-0,004330266;2,310205;4,661093
0,3555556;0,742668893;0,07950296;(-0.061010540, 2.365192000, 4.670287000);(-0.065683040, 1.672503000, 0.105217800);0,7746127;1,226588;;;-0,06101054;2,365192;4,670287
0,3666667;0,845883893;0,103215;(-0.141190900, 2.429037000, 4.682465000);(-0.065981280, 1.672696000, 0.105278000);0,8776284;1,124434;;;-0,1411909;2,429037;4,682465
0,3777778;0,952663793;0,1067799;(-0.232331600, 2.483192000, 4.695212000);(-0.066281060, 1.672916000, 0.105356800);0,9841265;1,017667;;;-0,2323316;2,483192;4,695212
0,3888889;1,051459303;0,09879551;(-0.318393600, 2.530253000, 4.707008000);(-0.066556070, 1.673135000, 0.105434400);1,082436;0,9188918;;;-0,3183936;2,530253;4,707008
0,4;1,147037343;0,09557804;(-0.405991000, 2.566771000, 4.718338000);(-0.066826680, 1.673367000, 0.105528500);1,176274;0,8241616;;;-0,405991;2,566771;4,718338
0,4111111;1,233496753;0,08645941;(-0.485582800, 2.598951000, 4.728574000);(-0.067106090, 1.673576000, 0.105620800);1,261223;0,7388071;;;-0,4855828;2,598951;4,728574
0,4222222;1,313021663;0,07952491;(-0.556847500, 2.632949000, 4.738046000);(-0.067463200, 1.673792000, 0.105571200);1,340209;0,6598073;;;-0,5568475;2,632949;4,738046
0,4333333;1,376822893;0,06380123;(-0.614857900, 2.658404000, 4.745625000);(-0.067744080, 1.673965000, 0.105634100);1,403375;0,5968319;;;-0,6148579;2,658404;4,745625
0,4444444;1,445302683;0,06847979;(-0.676554700, 2.686980000, 4.753774000);(-0.067965280, 1.674094000, 0.105655300);1,471402;0,5292121;;;-0,6765547;2,68698;4,753774
0,4555556;1,515242543;0,06993986;(-0.739894400, 2.715449000, 4.762089000);(-0.068158770, 1.674218000, 0.105687500);1,540832;0,4605697;;;-0,7398944;2,715449;4,762089
0,4666667;1,567372803;0,05213026;(-0.788894700, 2.732156000, 4.768206000);(-0.068347940, 1.674404000, 0.105728200);1,591842;0,4110592;;;-0,7888947;2,732156;4,768206
0,4777778;1,594833023;0,02746022;(-0.815361300, 2.738759000, 4.771366000);(-0.068473750, 1.674707000, 0.105711600);1,61819;0,3861627;;;-0,8153613;2,738759;4,771366
0,4888889;1,612471303;0,01763828;(-0.832516400, 2.742334000, 4.773373000);(-0.068672960, 1.674881000, 0.105713000);1,634932;0,370685;;;-0,8325164;2,742334;4,773373
0,5;1,629535723;0,01706442;(-0.849404500, 2.743924000, 4.775233000);(-0.068877500, 1.674863000, 0.105796600);1,650462;0,3569598;;;-0,8494045;2,743924;4,775233
0,5111111;1,655571503;0,02603578;(-0.873907600, 2.752179000, 4.778286000);(-0.069113160, 1.674950000, 0.105742100);1,67601;0,3333628;;;-0,8739076;2,752179;4,778286
0,5222223;1,696680073;0,04110857;(-0.905203200, 2.778393000, 4.783116000);(-0.069347730, 1.675001000, 0.105622000);1,716489;0,2924148;;;-0,9052032;2,778393;4,783116
0,5333334;1,743997503;0,04731743;(-0.936629000, 2.813358000, 4.788479000);(-0.069611690, 1.674966000, 0.105479200);1,76156;0,2451573;;;-0,936629;2,813358;4,788479
0,5444446;1,798328113;0,05433061;(-0.963367200, 2.860323000, 4.794065000);(-0.069922560, 1.675038000, 0.105427300);1,80894;0,193313;;;-0,9633672;2,860323;4,794065
0,5555557;1,853684593;0,05535648;(-0.997690900, 2.903317000, 4.800208000);(-0.070198200, 1.675065000, 0.105217300);1,861064;0,139313;;;-0,9976909;2,903317;4,800208
0,5666668;1,898727273;0,04504268;(-1.030836000, 2.933361000, 4.805459000);(-0.070449260, 1.675114000, 0.105143000);1,905407;0,09461705;;;-1,030836;2,933361;4,805459
0,577778;1,935114023;0,03638675;(-1.057713000, 2.957519000, 4.809706000);(-0.070704470, 1.675207000, 0.105084200);1,941278;0,05886155;;;-1,057713;2,957519;4,809706
0,5888891;1,956073713;0,02095969;(-1.066239000, 2.976559000, 4.811728000);(-0.071000240, 1.675282000, 0.105030100);1,958812;0,04408985;;;-1,066239;2,976559;4,811728
0,6000003;1,967431723;0,01135801;(-1.066795000, 2.987880000, 4.812458000);(-0.071299800, 1.675369000, 0.104943800);1,965451;0,04268759;;;-1,066795;2,98788;4,812458
0,6111114;1,978094763;0,01066304;(-1.073955000, 2.995688000, 4.813671000);(-0.071608550, 1.675407000, 0.104852700);1,975778;0,03688399;;;-1,073955;2,995688;4,813671
0,6222225;1,991434383;0,01333962;(-1.086773000, 2.999047000, 4.815211000);(-0.071901240, 1.675348000, 0.104797000);1,988455;0,02638846;;;-1,086773;2,999047;4,815211
0,6333337;2,001977473;0,01054309;(-1.094647000, 2.992049000, 4.815619000);(-0.072179460, 1.675350000, 0.104732100);1,991323;0,0161079;;;-1,094647;2,992049;4,815619
0,6444448;2,014144653;0,01216718;(-1.106711000, 2.991018000, 4.816819000);(-0.072481060, 1.675340000, 0.104628500);2,001021;0,006324097;;;-1,106711;2,991018;4,816819
0,655556;2,030285383;0,01614073;(-1.121538000, 2.997104000, 4.818731000);(-0.072832920, 1.675265000, 0.104491800);2,01692;0,01727406;;;-1,121538;2,997104;4,818731
0,6666671;2,063319253;0,03303387;(-1.145266000, 3.019767000, 4.822559000);(-0.073147040, 1.675273000, 0.104374400);2,049322;0,05030782;;;-1,145266;3,019767;4,822559
0,6777782;2,103042723;0,03972347;(-1.175499000, 3.045107000, 4.827226000);(-0.073423560, 1.675314000, 0.104244200);2,088717;0,089983;;;-1,175499;3,045107;4,827226
0,6888894;2,143045443;0,04000272;(-1.206671000, 3.069729000, 4.831948000);(-0.073786850, 1.675292000, 0.104115500);2,12853;0,129926;;;-1,206671;3,069729;4,831948
0,7000005;2,158210443;0,015165;(-1.220897000, 3.074669000, 4.833730000);(-0.074195480, 1.675275000, 0.103958400);2,14328;0,1441319;;;-1,220897;3,074669;4,83373
0,7111117;2,167051661;0,008841218;(-1.226148000, 3.067558000, 4.833857000);(-0.074679250, 1.675354000, 0.103821100);2,143896;0,1440733;;;-1,226148;3,067558;4,833857
0,7222228;2,158048558;0,009003103;(-1.223360000, 3.059034000, 4.833058000);(-0.075102720, 1.675315000, 0.103648400);2,136938;0,1369478;;;-1,22336;3,059034;4,833058
0,7333339;2,126764268;0,03128429;(-1.196464000, 3.043498000, 4.829323000);(-0.075512090, 1.675238000, 0.103440200);2,105677;0,1057138;;;-1,196464;3,043498;4,829323
0,7444451;2,095509348;0,03125492;(-1.166795000, 3.034372000, 4.825678000);(-0.075826590, 1.675270000, 0.103129000);2,075513;0,07627039;;;-1,166795;3,034372;4,825678
0,7555562;2,080457638;0,01505171;(-1.152313000, 3.030655000, 4.823942000);(-0.076227240, 1.675272000, 0.103052700);2,061201;0,0630749;;;-1,152313;3,030655;4,823942
0,7666674;2,089117992;0,008660354;(-1.155771000, 3.038551000, 4.824773000);(-0.076551520, 1.675284000, 0.102895700);2,068425;0,07128552;;;-1,155771;3,038551;4,824773
0,7777785;2,094628974;0,005510982;(-1.158582000, 3.043256000, 4.825347000);(-0.076864550, 1.675195000, 0.102648300);2,07337;0,07671519;;;-1,158582;3,043256;4,825347
0,7888896;2,106873584;0,01224461;(-1.170513000, 3.045635000, 4.826736000);(-0.077210150, 1.675189000, 0.102481600);2,084774;0,08668357;;;-1,170513;3,045635;4,826736
0,8000008;2,124706764;0,01783318;(-1.186733000, 3.052738000, 4.828854000);(-0.077537260, 1.675165000, 0.102315700);2,10239;0,1035496;;;-1,186733;3,052738;4,828854
0,8111119;2,131167087;0,006460323;(-1.192746000, 3.054972000, 4.829616000);(-0.077865640, 1.675082000, 0.102190000);2,108706;0,109623;;;-1,192746;3,054972;4,829616
0,8222231;2,105059027;0,02610806;(-1.173457000, 3.037644000, 4.826570000);(-0.078203210, 1.674932000, 0.101838600);2,082944;0,08353712;;;-1,173457;3,037644;4,82657
0,8333342;2,078255477;0,02680355;(-1.152534000, 3.021194000, 4.823403000);(-0.078448660, 1.674932000, 0.101675700);2,056273;0,05673997;;;-1,152534;3,021194;4,823403
0,8444453;2,064171257;0,01408422;(-1.139475000, 3.016187000, 4.821741000);(-0.078771820, 1.675006000, 0.101530200);2,042465;0,04362299;;;-1,139475;3,016187;4,821741
0,8555565;2,070477614;0,006306357;(-1.141245000, 3.022215000, 4.822284000);(-0.078964750, 1.674985000, 0.101391400);2,047231;0,04928533;;;-1,141245;3,022215;4,822284
0,8666676;2,081138634;0,01066102;(-1.151804000, 3.021178000, 4.823327000);(-0.079148720, 1.675045000, 0.101205200);2,055644;0,05616562;;;-1,151804;3,021178;4,823327
0,8777788;2,068444694;0,01269394;(-1.152714000, 3.008534000, 4.822670000);(-0.079334950, 1.675129000, 0.100977000);2,049629;0,04974648;;;-1,152714;3,008534;4,82267
0,8888899;2,046855874;0,02158882;(-1.156781000, 2.987348000, 4.821837000);(-0.079499790, 1.675201000, 0.100808500);2,041873;0,0479187;;;-1,156781;2,987348;4,821837
0,900001;2,060558374;0,0137025;(-1.168265000, 2.979912000, 4.822597000);(-0.079684260, 1.675278000, 0.100643100);2,047859;0,05960697;;;-1,168265;2,979912;4,822597
0,9111122;2,049503384;0,01105499;(-1.171874000, 2.969466000, 4.822354000);(-0.079830430, 1.675353000, 0.100514900);2,045554;0,06487853;;;-1,171874;2,969466;4,822354
0,9222233;2,037738954;0,01176443;(-1.167494000, 2.958603000, 4.821250000);(-0.079959490, 1.675420000, 0.100490100);2,036168;0,06424843;;;-1,167494;2,958603;4,82125
0,9333345;2,033395083;0,004343871;(-1.163543000, 2.956872000, 4.820735000);(-0.080122610, 1.675517000, 0.100380200);2,031856;0,06142769;;;-1,163543;2,956872;4,820735
0,9444456;2,028503046;0,004892037;(-1.158956000, 2.958530000, 4.820353000);(-0.080301440, 1.675579000, 0.100298200);2,028738;0,05658321;;;-1,158956;2,95853;4,820353
0,9555568;2,016430116;0,01207293;(-1.150620000, 2.967256000, 4.820000000);(-0.080417190, 1.675663000, 0.100201700);2,026056;0,04527269;;;-1,15062;2,967256;4,82
0,9666679;2,004680436;0,01174968;(-1.142250000, 2.975492000, 4.819613000);(-0.080572540, 1.675729000, 0.100124000);2,023157;0,03458183;;;-1,14225;2,975492;4,819613
0,977779;1,997545933;0,007134503;(-1.135838000, 2.978583000, 4.819127000);(-0.080729540, 1.675709000, 0.100016600);2,019278;0,02756746;;;-1,135838;2,978583;4,819127
0,9888902;1,989209912;0,008336021;(-1.130283000, 2.984794000, 4.818914000);(-0.080847090, 1.675687000, 0.099930460);2,017807;0,02121574;;;-1,130283;2,984794;4,818914
1,000001;1,982861758;0,006348154;(-1.124365000, 2.982620000, 4.818167000);(-0.081005460, 1.675667000, 0.099830410);2,011589;0,01546612;;;-1,124365;2,98262;4,818167
1,011112;1,974598569;0,008263189;(-1.119856000, 2.975752000, 4.817287000);(-0.081061370, 1.675642000, 0.099717880);2,004083;0,01426365;;;-1,119856;2,975752;4,817287
1,022224;1,967090870;0,007507699;(-1.123093000, 2.968978000, 4.817224000);(-0.081081840, 1.675587000, 0.099596880);2,003276;0,0213731;;;-1,123093;2,968978;4,817224
1,033335;1,971520541;0,004429671;(-1.125701000, 2.965398000, 4.817283000);(-0.081029800, 1.675636000, 0.099635030);2,003632;0,02579108;;;-1,125701;2,965398;4,817283
1,044446;1,978229216;0,006708675;(-1.131423000, 2.961918000, 4.817675000);(-0.081049000, 1.675701000, 0.099599920);2,006732;0,03220942;;;-1,131423;2,961918;4,817675
1,055557;1,982731220;0,004502004;(-1.134986000, 2.959174000, 4.817884000);(-0.081041570, 1.675739000, 0.099579360);2,008369;0,03666539;;;-1,134986;2,959174;4,817884
1,066668;1,975063590;0,00766763;(-1.129328000, 2.964341000, 4.817600000);(-0.081033850, 1.675746000, 0.099529530);2,006196;0,02900984;;;-1,129328;2,964341;4,8176
1,077779;1,963180600;0,01188299;(-1.118982000, 2.970140000, 4.816863000);(-0.080972720, 1.675721000, 0.099540760);2,000363;0,01796628;;;-1,118982;2,97014;4,816863
1,08889;1,951357470;0,01182313;(-1.107814000, 2.973904000, 4.815918000);(-0.080940330, 1.675652000, 0.099500950);1,992797;0,01140568;;;-1,107814;2,973904;4,815918
1,100002;1,933355020;0,01800245;(-1.089967000, 2.975464000, 4.814144000);(-0.080886460, 1.675570000, 0.099495140);1,978397;0,0216959;;;-1,089967;2,975464;4,814144
1,111113;1,923601045;0,009753975;(-1.080927000, 2.979053000, 4.813412000);(-0.080824250, 1.675533000, 0.099482950);1,972636;0,02910664;;;-1,080927;2,979053;4,813412
1,122224;1,924813738;0,001212693;(-1.082131000, 2.978974000, 4.813533000);(-0.080780750, 1.675498000, 0.099519160);1,973617;0,02794253;;;-1,082131;2,978974;4,813533
1,133335;1,917181758;0,00763198;(-1.085444000, 2.972099000, 4.813472000);(-0.080724220, 1.675446000, 0.099582990);1,972736;0,02730832;;;-1,085444;2,972099;4,813472
1,144446;1,911676186;0,005505572;(-1.087267000, 2.966906000, 4.813354000);(-0.080688900, 1.675469000, 0.099640630);1,97151;0,0287462;;;-1,087267;2,966906;4,813354
1,155557;1,903291582;0,008384604;(-1.089674000, 2.958877000, 4.813128000);(-0.080695380, 1.675551000, 0.099645820);1,96929;0,03296029;;;-1,089674;2,958877;4,813128
