time;total distance traveled;distance to prev position;ray position;hmd position;distance to prev target;distance to current target
(-1.169006000, 2.298498000, 4.947347000);(0.309465400, 0.955345500, 5.047674000);0,2222222;0,04444445
True

0;-0,006164641;0,006164641;(-1.210799000, 2.286825000, 4.940351000);(-0.106435500, 1.663357000, 0.124147500);0,04395375;2,023749;;;-1,210799;2,286825;4,940351
0,01111111;-0,018343231;0,01217859;(-1.200423000, 2.292879000, 4.942352000);(-0.106370600, 1.663378000, 0.124208600);0,03230474;2,019864;;;-1,200423;2,292879;4,942352
0,02222222;-0,038022411;0,01967918;(-1.183388000, 2.302186000, 4.945585000);(-0.106459700, 1.663410000, 0.124246400);0,01495194;2,013209;;;-1,183388;2,302186;4,945585
0,03333334;-0,022973551;0,01504886;(-1.173229000, 2.313032000, 4.947956000);(-0.106417900, 1.663406000, 0.124285100);0,01514807;2,012869;;;-1,173229;2,313032;4,947956
0,04444445;-0,010684071;0,01228948;(-1.177755000, 2.324454000, 4.948262000);(-0.106373600, 1.663397000, 0.124384100);0,02740656;2,023898;;;-1,177755;2,324454;4,948262
0,05555556;-0,001918528;0,008765543;(-1.184620000, 2.329877000, 4.947728000);(-0.106323300, 1.663392000, 0.124455700);0,03505212;2,032639;;;-1,18462;2,329877;4,947728
0,06666667;0,012955842;0,01487437;(-1.196281000, 2.320967000, 4.945302000);(-0.106227000, 1.663400000, 0.124530000);0,03539788;2,035356;;;-1,196281;2,320967;4,945302
0,07777778;-0,003973488;0,01692933;(-1.200301000, 2.304638000, 4.943355000);(-0.106170400, 1.663436000, 0.124585700);0,03214144;2,027528;;;-1,200301;2,304638;4,943355
0,08888889;-0,023584168;0,01961068;(-1.195177000, 2.285728000, 4.942508000);(-0.106164100, 1.663451000, 0.124600800);0,02952014;2,0112;;;-1,195177;2,285728;4,942508
0,1;-0,027124827;0,003540659;(-1.191846000, 2.284590000, 4.942893000);(-0.106148900, 1.663462000, 0.124598100);0,02710996;2,007936;;;-1,191846;2,28459;4,942893
0,1111111;-0,014041227;0,0130836;(-1.196278000, 2.296894000, 4.943285000);(-0.106125600, 1.663460000, 0.124604000);0,02761997;2,019384;;;-1,196278;2,296894;4,943285
0,1222222;-0,023027493;0,008986266;(-1.195100000, 2.305756000, 4.944198000);(-0.106104000, 1.663474000, 0.124688800);0,02726717;2,024359;;;-1,1951;2,305756;4,944198
0,1333333;-0,034388413;0,01136092;(-1.183902000, 2.306668000, 4.945887000);(-0.106092100, 1.663481000, 0.124678300);0,01705276;2,016576;;;-1,183902;2,306668;4,945887
0,1444445;-0,056799403;0,02241099;(-1.162226000, 2.311162000, 4.949384000);(-0.106048300, 1.663502000, 0.124685400);0,01450808;2,003441;;;-1,162226;2,311162;4,949384
0,1555556;-0,038834433;0,01796497;(-1.152145000, 2.325788000, 4.952061000);(-0.105962200, 1.663510000, 0.124712700);0,03242349;2,005882;;;-1,152145;2,325788;4,952061
0,1666667;-0,025365953;0,01346848;(-1.157884000, 2.337972000, 4.952256000);(-0.105971500, 1.663465000, 0.124738100);0,04130363;2,018384;;;-1,157884;2,337972;4,952256
0,1777778;-0,032039167;0,006673214;(-1.164439000, 2.338868000, 4.951387000);(-0.105681300, 1.663424000, 0.124810700);0,04082805;2,023808;;;-1,164439;2,338868;4,951387
0,1888889;-0,048658767;0,0166196;(-1.167066000, 2.322550000, 4.949641000);(-0.105496100, 1.663377000, 0.124875500);0,02423955;2,014697;;;-1,167066;2,32255;4,949641
0,2;-0,074732877;0,02607411;(-1.167713000, 2.296583000, 4.947372000);(-0.105246400, 1.663282000, 0.125018400);0,00231027;1,997757;;;-1,167713;2,296583;4,947372
0,2111111;-0,053068897;0,02166398;(-1.165809000, 2.275057000, 4.945842000);(-0.105023600, 1.663162000, 0.125057700);0,02370514;1,98203;;;-1,165809;2,275057;4,945842
0,2222222;-0,030825117;0,02224378;(-1.162725000, 2.253073000, 4.944445000);(-0.104848000, 1.663022000, 0.124989700);0,04594883;1,965222;;;-1,162725;2,253073;4,944445
0,2333333;-0,010442687;0,02038243;(-1.154807000, 2.234296000, 4.944011000);(-0.104656500, 1.662764000, 0.124938200);0,06583759;1,946935;;;-1,154807;2,234296;4,944011
0,2444444;0,004290323;0,01473301;(-1.144378000, 2.223908000, 4.944642000);(-0.104428900, 1.662299000, 0.124903200);0,07859621;1,932234;;;-1,144378;2,223908;4,944642
0,2555556;0,029839923;0,0255496;(-1.121194000, 2.213459000, 4.947104000);(-0.104350100, 1.661907000, 0.124742500);0,09755816;1,907813;;;-1,121194;2,213459;4,947104
0,2666667;0,054250863;0,02441094;(-1.102598000, 2.197703000, 4.948462000);(-0.104096400, 1.661565000, 0.124701400);0,1207094;1,883406;;;-1,102598;2,197703;4,948462
0,2777778;0,083120823;0,02886996;(-1.087026000, 2.173394000, 4.948667000);(-0.103812400, 1.661243000, 0.124673200);0,1495773;1,855703;;;-1,087026;2,173394;4,948667
0,2888889;0,120519173;0,03739835;(-1.078750000, 2.136970000, 4.946806000);(-0.103474800, 1.661023000, 0.124712100);0,1850338;1,825802;;;-1,07875;2,13697;4,946806
0,3;0,175142403;0,05462323;(-1.058893000, 2.086103000, 4.945403000);(-0.103063300, 1.660828000, 0.124725200);0,2392486;1,778054;;;-1,058893;2,086103;4,945403
0,3111111;0,241860393;0,06671799;(-1.023625000, 2.029470000, 4.945735000);(-0.102633000, 1.660620000, 0.124816200);0,3058007;1,715012;;;-1,023625;2,02947;4,945735
0,3222222;0,310452693;0,0685923;(-0.981451800, 1.975396000, 4.947276000);(-0.102168200, 1.660384000, 0.124925500);0,3735919;1,648348;;;-0,9814518;1,975396;4,947276
0,3333333;0,385874043;0,07542135;(-0.931397100, 1.919034000, 4.949760000);(-0.101669300, 1.660172000, 0.125013000);0,4477236;1,574173;;;-0,9313971;1,919034;4,94976
0,3444445;0,475499693;0,08962565;(-0.863068100, 1.861250000, 4.954757000);(-0.101134600, 1.659881000, 0.125043700);0,5337021;1,484632;;;-0,8630681;1,86125;4,954757
0,3555556;0,554016203;0,07851651;(-0.803128600, 1.810725000, 4.959153000);(-0.100557100, 1.659560000, 0.125219700);0,6098584;1,406192;;;-0,8031286;1,810725;4,959153
0,3666667;0,629236683;0,07522048;(-0.746531000, 1.761342000, 4.963164000);(-0.099966210, 1.659252000, 0.125270000);0,6835726;1,331127;;;-0,746531;1,761342;4,963164
0,3777778;0,711208503;0,08197182;(-0.681839200, 1.711260000, 4.968283000);(-0.099612500, 1.659045000, 0.125381800);0,7632937;1,249158;;;-0,6818392;1,71126;4,968283
0,3888889;0,790625803;0,0794173;(-0.619318100, 1.662536000, 4.973202000);(-0.099045160, 1.658897000, 0.125529700);0,8409945;1,169745;;;-0,6193181;1,662536;4,973202
0,4;0,871087063;0,08046126;(-0.555700500, 1.613533000, 4.978255000);(-0.098540440, 1.658805000, 0.125644500);0,9199318;1,089285;;;-0,5557005;1,613533;4,978255
0,4111111;0,951169883;0,08008282;(-0.496252000, 1.560031000, 4.982332000);(-0.098009880, 1.658698000, 0.125873800);0,9995772;1,009502;;;-0,496252;1,560031;4,982332
0,4222222;1,037778483;0,0866086;(-0.433169500, 1.500831000, 4.986454000);(-0.097504600, 1.658490000, 0.126113700);1,085936;0,9234763;;;-0,4331695;1,500831;4,986454
0,4333333;1,128103063;0,09032458;(-0.370134500, 1.436242000, 4.990118000);(-0.096994740, 1.658334000, 0.126382900);1,176227;0,8345239;;;-0,3701345;1,436242;4,990118
0,4444444;1,214729483;0,08662642;(-0.311759500, 1.372311000, 4.993166000);(-0.096508710, 1.658162000, 0.126662800);1,262851;0,7501677;;;-0,3117595;1,372311;4,993166
0,4555556;1,299527133;0,08479765;(-0.255596000, 1.308839000, 4.995934000);(-0.096016660, 1.658116000, 0.126997900);1,347628;0,6685276;;;-0,255596;1,308839;4,995934
0,4666667;1,376825523;0,07729839;(-0.203233200, 1.252046000, 4.998714000);(-0.095585540, 1.658095000, 0.127262500);1,424926;0,5943806;;;-0,2032332;1,252046;4,998714
0,4777778;1,454689273;0,07786375;(-0.146243600, 1.199124000, 5.002485000);(-0.095241010, 1.658103000, 0.127672800);1,502566;0,5187878;;;-0,1462436;1,199124;5,002485
0,4888889;1,518599273;0,06391;(-0.093490470, 1.163341000, 5.007082000);(-0.094866020, 1.658025000, 0.127986800);1,56489;0,4552836;;;-0,09349047;1,163341;5,007082
0,5;1,583227653;0,06462838;(-0.040856510, 1.126104000, 5.011541000);(-0.094495390, 1.657845000, 0.128256600);1,628296;0,3913941;;;-0,04085651;1,126104;5,011541
0,5111111;1,637148563;0,05392091;(0.010041220, 1.109316000, 5.017463000);(-0.094143910, 1.657650000, 0.128506900);1,676073;0,3380451;;;0,01004122;1,109316;5,017463
0,5222223;1,695433653;0,05828509;(0.063137840, 1.085959000, 5.023150000);(-0.093781660, 1.657480000, 0.128740800);1,730368;0,2798903;;;0,06313784;1,085959;5,02315
0,5333334;1,742998543;0,04756489;(0.107257900, 1.068882000, 5.028072000);(-0.093513510, 1.657330000, 0.129174100);1,774069;0,2327288;;;0,1072579;1,068882;5,028072
0,5444446;1,777039973;0,03404143;(0.133767700, 1.047624000, 5.030108000);(-0.093147170, 1.657181000, 0.129490200);1,807969;0,1992325;;;0,1337677;1,047624;5,030108
0,5555557;1,798356333;0,02131636;(0.144151400, 1.029008000, 5.030043000);(-0.092782450, 1.657066000, 0.129829200);1,828339;0,1818399;;;0,1441514;1,029008;5,030043
0,5666668;1,822559203;0,02420287;(0.157741800, 1.008983000, 5.030322000);(-0.092407790, 1.656996000, 0.130205300);1,852024;0,1618583;;;0,1577418;1,008983;5,030322
0,577778;1,837259813;0,01470061;(0.164308200, 0.995831400, 5.030165000);(-0.091884350, 1.656788000, 0.130503300);1,865884;0,1517111;;;0,1643082;0,9958314;5,030165
0,5888891;1,848312923;0,01105311;(0.174612400, 0.992004900, 5.031328000);(-0.091449700, 1.656844000, 0.130982000);1,875976;0,1406997;;;0,1746124;0,9920049;5,031328
0,6000003;1,859236343;0,01092342;(0.185399500, 0.992624200, 5.032933000);(-0.091177340, 1.656502000, 0.131216600);1,88336;0,1303814;;;0,1853995;0,9926242;5,032933
0,6111114;1,877115213;0,01787887;(0.201423000, 0.984868200, 5.034591000);(-0.090821710, 1.656265000, 0.131411600);1,900344;0,1127648;;;0,201423;0,9848682;5,034591
0,6222225;1,896311923;0,01919671;(0.216166200, 0.972622900, 5.035687000);(-0.090448640, 1.656002000, 0.131590700);1,919492;0,09563949;;;0,2161662;0,9726229;5,035687
0,6333337;1,910435383;0,01412346;(0.228534200, 0.965913100, 5.036906000);(-0.090128210, 1.655666000, 0.131762000);1,933111;0,08232545;;;0,2285342;0,9659131;5,036906
0,6444448;1,924233253;0,01379787;(0.240937700, 0.960008100, 5.038197000);(-0.089791010, 1.655397000, 0.131899700);1,946214;0,0693369;;;0,2409377;0,9600081;5,038197
0,655556;1,935519363;0,01128611;(0.250601300, 0.954249300, 5.039106000);(-0.089432340, 1.655206000, 0.132181300);1,957219;0,05949448;;;0,2506013;0,9542493;5,039106
0,6666671;1,940057155;0,004537792;(0.250080700, 0.949764000, 5.038655000);(-0.089139310, 1.654957000, 0.132327100);1,959904;0,06032439;;;0,2500807;0,949764;5,038655
0,6777782;1,952217585;0,01216043;(0.258969600, 0.941486400, 5.039241000);(-0.088806460, 1.654812000, 0.132466600);1,972064;0,05303784;;;0,2589696;0,9414864;5,039241
0,6888894;1,961244329;0,009026744;(0.265155800, 0.934921500, 5.039582000);(-0.088492940, 1.654641000, 0.132525200);1,981077;0,04945666;;;0,2651558;0,9349215;5,039582
0,7000005;1,964367917;0,003123588;(0.264586800, 0.931868800, 5.039244000);(-0.088110680, 1.654480000, 0.132624400);1,982752;0,05134496;;;0,2645868;0,9318688;5,039244
0,7111117;1,954766344;0,009601573;(0.255889100, 0.935830400, 5.038324000);(-0.087726570, 1.654309000, 0.132712900);1,973693;0,05778131;;;0,2558891;0,9358304;5,038324
0,7222228;1,948537209;0,006229135;(0.250306000, 0.938531700, 5.037746000);(-0.087452200, 1.654145000, 0.132764800);1,967772;0,06229842;;;0,250306;0,9385317;5,037746
0,7333339;1,942556722;0,005980487;(0.247953500, 0.944028700, 5.037868000);(-0.087116260, 1.654056000, 0.132833500);1,962283;0,06330822;;;0,2479535;0,9440287;5,037868
0,7444451;1,935561972;0,00699475;(0.250057400, 0.950644300, 5.038725000);(-0.086795460, 1.654002000, 0.132905600);1,959285;0,06026178;;;0,2500574;0,9506443;5,038725
0,7555562;1,926993062;0,00856891;(0.249876200, 0.959183500, 5.039415000);(-0.086515140, 1.653910000, 0.133003700);1,953321;0,06028115;;;0,2498762;0,9591835;5,039415
0,7666674;1,933018584;0,006025522;(0.254027200, 0.963445300, 5.040370000);(-0.086266500, 1.653820000, 0.133032200);1,953469;0,05650083;;;0,2540272;0,9634453;5,04037
0,7777785;1,951340244;0,01832166;(0.270880000, 0.956498000, 5.042214000);(-0.086010580, 1.653790000, 0.132991700);1,970592;0,03898676;;;0,27088;0,956498;5,042214
0,7888896;1,962256984;0,01091674;(0.281547600, 0.954634600, 5.043594000);(-0.085764180, 1.653713000, 0.132951200);1,979731;0,02822319;;;0,2815476;0,9546346;5,043594
0,8000008;1,966206431;0,003949447;(0.284411500, 0.957279300, 5.044228000);(-0.085389280, 1.653616000, 0.132932600);1,980069;0,02536351;;;0,2844115;0,9572793;5,044228
0,8111119;1,959721126;0,006485305;(0.281448500, 0.963047900, 5.044285000);(-0.085136900, 1.653591000, 0.132850500);1,973991;0,02925338;;;0,2814485;0,9630479;5,044285
0,8222231;1,955099732;0,004621394;(0.281171800, 0.967648000, 5.044630000);(-0.084888360, 1.653575000, 0.132776000);1,970695;0,03100235;;;0,2811718;0,967648;5,04463
0,8333342;1,960053456;0,004953724;(0.285464400, 0.965210700, 5.045044000);(-0.084734360, 1.653457000, 0.132677300);1,975521;0,0260822;;;0,2854644;0,9652107;5,045044
0,8444453;1,964251396;0,00419794;(0.289224400, 0.963384600, 5.045433000);(-0.084424640, 1.653375000, 0.132572800);1,979541;0,021894;;;0,2892244;0,9633846;5,045433
0,8555565;1,959074090;0,005177306;(0.284100000, 0.963506800, 5.044705000);(-0.084271390, 1.653369000, 0.132491900);1,97565;0,02681094;;;0,2841;0,9635068;5,044705
0,8666676;1,952032711;0,007041379;(0.277339700, 0.961879300, 5.043595000);(-0.084177110, 1.653276000, 0.132439200);1,971732;0,03303608;;;0,2773397;0,9618793;5,043595
0,8777788;1,958171092;0,006138381;(0.282999400, 0.964036900, 5.044591000);(-0.084216510, 1.653291000, 0.132433800);1,974477;0,02802662;;;0,2829994;0,9640369;5,044591
0,8888899;1,971851782;0,01368069;(0.294832400, 0.970524700, 5.046839000);(-0.084114010, 1.653326000, 0.132389700);1,978947;0,02110044;;;0,2948324;0,9705247;5,046839
0,900001;1,982975172;0,01112339;(0.303946400, 0.976635200, 5.048663000);(-0.084029040, 1.653330000, 0.132364200);1,981709;0,02201566;;;0,3039464;0,9766352;5,048663
0,9111122;1,966934952;0,01604022;(0.311911200, 0.990367300, 5.050961000);(-0.083939220, 1.653338000, 0.132339200);1,97865;0,03526061;;;0,3119112;0,9903673;5,050961
0,9222233;1,954136592;0,01279836;(0.311869600, 1.003121000, 5.052023000);(-0.083585110, 1.653383000, 0.132240300);1,970266;0,04803367;;;0,3118696;1,003121;5,052023
0,9333345;1,944588077;0,009548515;(0.306768900, 1.011193000, 5.051965000);(-0.083492150, 1.653370000, 0.132174600);1,961124;0,05607716;;;0,3067689;1,011193;5,051965
0,9444456;1,958626177;0,0140381;(0.312495000, 0.998378400, 5.051716000);(-0.083367980, 1.653356000, 0.132151000);1,973841;0,04332836;;;0,312495;0,9983784;5,051716
0,9555568;1,986811917;0,02818574;(0.325545200, 0.973396800, 5.051501000);(-0.083199760, 1.653349000, 0.132153400);2,000106;0,02447566;;;0,3255452;0,9733968;5,051501
0,9666679;2,009610907;0,02279899;(0.329345600, 0.950956300, 5.050168000);(-0.083051320, 1.653288000, 0.132060800);2,017795;0,02051122;;;0,3293456;0,9509563;5,050168
0,977779;2,021449097;0,01183819;(0.325374400, 0.939905200, 5.048670000);(-0.082986420, 1.653247000, 0.132120500);2,02218;0,02219217;;;0,3253744;0,9399052;5,04867
0,9888902;2,017613956;0,003835141;(0.322032000, 0.938133100, 5.048040000);(-0.082865380, 1.653237000, 0.132032700);2,020872;0,02131485;;;0,322032;0,9381331;5,04804
1,000001;2,030863026;0,01324907;(0.332138600, 0.946425900, 5.050191000);(-0.082704460, 1.653241000, 0.131876100);2,022896;0,02449429;;;0,3321386;0,9464259;5,050191
1,011112;2,012848296;0,01801473;(0.339098700, 0.962870400, 5.052571000);(-0.082553100, 1.653234000, 0.131827700);2,017263;0,03096352;;;0,3390987;0,9628704;5,052571
1,022224;2,001241736;0,01160656;(0.336391500, 0.974143100, 5.053126000);(-0.082417760, 1.653237000, 0.131796500);2,007816;0,03328799;;;0,3363915;0,9741431;5,053126
1,033335;1,984089366;0,01715237;(0.322621700, 0.984307600, 5.051995000);(-0.082246700, 1.653283000, 0.131779600);1,990728;0,03210241;;;0,3226217;0,9843076;5,051995
1,044446;2,001808486;0,01771912;(0.313875300, 0.969107200, 5.049462000);(-0.082196870, 1.653346000, 0.131916600);1,994152;0,01456123;;;0,3138753;0,9691072;5,049462
1,055557;2,014414056;0,01260557;(0.313964700, 0.956544900, 5.048422000);(-0.081925560, 1.653326000, 0.131909800);2,002562;0,004716136;;;0,3139647;0,9565449;5,048422
1,066668;2,025364546;0,01095049;(0.312427100, 0.945761400, 5.047297000);(-0.081796390, 1.653348000, 0.131912800);2,008614;0,01003832;;;0,3124271;0,9457614;5,047297
1,077779;2,022514250;0,002850296;(0.310016700, 0.944314200, 5.046828000);(-0.081726660, 1.653401000, 0.131952800);2,007789;0,01107735;;;0,3100167;0,9443142;5,046828
1,08889;2,029534023;0,007019773;(0.316906200, 0.945141900, 5.047890000);(-0.081622100, 1.653354000, 0.131933300);2,012365;0,01263035;;;0,3169062;0,9451419;5,04789
1,100002;2,039279036;0,009745013;(0.326413900, 0.946667700, 5.049387000);(-0.081519310, 1.653295000, 0.131870400);2,018449;0,01911781;;;0,3264139;0,9466677;5,049387
1,111113;2,021504866;0,01777417;(0.334253200, 0.962430500, 5.051836000);(-0.081402520, 1.653229000, 0.131837500);2,013897;0,02611436;;;0,3342532;0,9624305;5,051836
1,122224;2,012199054;0,009305812;(0.334153300, 0.971704400, 5.052599000);(-0.081277230, 1.653203000, 0.131817800);2,007721;0,03002278;;;0,3341533;0,9717044;5,052599
1,133335;2,010044661;0,002154393;(0.332756300, 0.973343300, 5.052536000);(-0.081162310, 1.653251000, 0.131726800);2,005589;0,02983322;;;0,3327563;0,9733433;5,052536
1,144446;2,024794241;0,01474958;(0.326148500, 0.960315900, 5.050492000);(-0.081022340, 1.653276000, 0.131748400);2,009193;0,01763445;;;0,3261485;0,9603159;5,050492
