time;total distance traveled;distance to prev position;ray position;hmd position;distance to prev target;distance to current target
(-3.161562000, 0.848122000, 4.077606000);(-1.379477000, 0.744643300, 4.979528000);0,1222222;0,2444444

0;-0,007715337;0,007715337;(-3.178686000, 0.842599600, 4.067797000);(-0.042961060, 1.612741000, 0.260770600);0,02049192;2,019406;;;-3,178686;0,8425996;4,067797
0,01111111;-0,014190656;0,006475319;(-3.175292000, 0.837142600, 4.068592000);(-0.042888780, 1.612876000, 0.260967000);0,01975571;2,015766;;;-3,175292;0,8371426;4,068592
0,02222222;-0,026629296;0,01243864;(-3.164737000, 0.839968700, 4.074536000);(-0.042709220, 1.613066000, 0.261161400);0,00927233;2,003809;;;-3,164737;0,8399687;4,074536
0,03333334;-0,036577601;0,009948305;(-3.156764000, 0.843555500, 4.079283000);(-0.042546660, 1.613158000, 0.261270600);0,006833219;1,994736;;;-3,156764;0,8435555;4,079283
0,04444445;-0,027824440;0,008753161;(-3.151892000, 0.849861400, 4.082904000);(-0.042369070, 1.613142000, 0.261510300);0,01116351;1,989085;;;-3,151892;0,8498614;4,082904
0,05555556;-0,022075826;0,005748614;(-3.154045000, 0.855188400, 4.082726000);(-0.042080780, 1.613085000, 0.261523900);0,01151792;1,991373;;;-3,154045;0,8551884;4,082726
0,06666667;-0,024510438;0,002434612;(-3.156104000, 0.856127400, 4.081828000);(-0.042103290, 1.613150000, 0.261642000);0,01056926;1,993664;;;-3,156104;0,8561274;4,081828
0,07777778;-0,025784470;0,001274032;(-3.155719000, 0.854913000, 4.081814000);(-0.041916430, 1.613109000, 0.261684100);0,009897888;1,99326;;;-3,155719;0,854913;4,081814
0,08888889;-0,021445819;0,004338651;(-3.151942000, 0.855496500, 4.083867000);(-0.041735240, 1.613076000, 0.261742400);0,01364326;1,989002;;;-3,151942;0,8554965;4,083867
0,1;-0,014344755;0,007101064;(-3.145630000, 0.854412100, 4.086935000);(-0.041487190, 1.613044000, 0.261787100);0,0195047;1,981936;;;-3,14563;0,8544121;4,086935
0,1111111;-0,003890795;0,01045396;(-3.136359000, 0.852559400, 4.091396000);(-0.041232930, 1.612994000, 0.261914000);0,02906996;1,971563;;;-3,136359;0,8525594;4,091396
0,1222222;0,001195812;0,005086607;(-3.133195000, 0.855869800, 4.093611000);(-0.041064440, 1.612941000, 0.261873000);0,03347953;1,96793;;;-3,133195;0,8558698;4,093611
0,1333333;-0,005370913;0,006566725;(-3.136559000, 0.861458900, 4.092854000);(-0.040791740, 1.612969000, 0.261948600);0,03218045;1,971591;;;-3,136559;0,8614589;4,092854
0,1444445;-0,011512694;0,006141781;(-3.141400000, 0.864708700, 4.090925000);(-0.040502700, 1.612995000, 0.262026300);0,02930947;1,976968;;;-3,1414;0,8647087;4,090925
0,1555556;-0,0124229229;0,0009102289;(-3.142204000, 0.864895300, 4.090542000);(-0.040236980, 1.612995000, 0.262085300);0,02869537;1,977869;;;-3,142204;0,8648953;4,090542
0,1666667;-0,0050914589;0,007331464;(-3.136749000, 0.860440000, 4.092577000);(-0.040007150, 1.612967000, 0.262230700);0,03148936;1,971825;;;-3,136749;0,86044;4,092577
0,1777778;-0,0000330519;0,005058407;(-3.133562000, 0.856635700, 4.093555000);(-0.039762200, 1.612895000, 0.262291200);0,03333011;1,968325;;;-3,133562;0,8566357;4,093555
0,1888889;-0,0037001859;0,003667134;(-3.136820000, 0.856626000, 4.091872000);(-0.039470720, 1.612819000, 0.262337900);0,02979992;1,971986;;;-3,13682;0,856626;4,091872
0,2;-0,0101915289;0,006491343;(-3.142333000, 0.859052300, 4.089451000);(-0.039246180, 1.612842000, 0.262504700);0,02509117;1,978127;;;-3,142333;0,8590523;4,089451
0,2111111;-0,0205547589;0,01036323;(-3.150294000, 0.864928400, 4.086371000);(-0.038912140, 1.612795000, 0.262640700);0,02205148;1,986955;;;-3,150294;0,8649284;4,086371
0,2222222;-0,0113303039;0,009224455;(-3.146020000, 0.872314700, 4.089874000);(-0.038631800, 1.612611000, 0.262741000);0,03126266;1,982034;;;-3,14602;0,8723147;4,089874
0,2333333;0,0022703261;0,01360063;(-3.136068000, 0.879089000, 4.096201000);(-0.038213580, 1.612556000, 0.262932900);0,04421224;1,970775;;;-3,136068;0,879089;4,096201
0,2444444;0,0235010061;0,02123068;(-3.118883000, 0.886336900, 4.106344000);(-0.037675740, 1.612509000, 0.263242600);0,06409248;1,951425;;;-3,118883;0,8863369;4,106344
0,2555556;0,0457779561;0,02227695;(-3.103109000, 0.898279300, 4.116583000);(-0.037078640, 1.612387000, 0.263508900);0,08632376;1,933697;;;-3,103109;0,8982793;4,116583
0,2666667;0,0670126161;0,02123466;(-3.090290000, 0.912541400, 4.125703000);(-0.036505080, 1.612280000, 0.263863300);0,1074383;1,919398;;;-3,09029;0,9125414;4,125703
0,2777778;0,0946544461;0,02764183;(-3.071352000, 0.928295100, 4.138243000);(-0.035807350, 1.612084000, 0.264116200);0,1350649;1,898402;;;-3,071352;0,9282951;4,138243
0,2888889;0,1259361061;0,03128166;(-3.047036000, 0.941236700, 4.153068000);(-0.035138100, 1.611794000, 0.264471100);0,1657746;1,87148;;;-3,047036;0,9412367;4,153068
0,3;0,1772870561;0,05135095;(-3.002680000, 0.949826200, 4.177474000);(-0.034397740, 1.611444000, 0.264878000);0,2134507;1,822135;;;-3,00268;0,9498262;4,177474
0,3111111;0,2214269061;0,04413985;(-2.964505000, 0.956997500, 4.198442000);(-0.033632340, 1.611009000, 0.265310300);0,2555125;1,779749;;;-2,964505;0,9569975;4,198442
0,3222222;0,2854796961;0,06405279;(-2.908757000, 0.965719500, 4.228754000);(-0.032824910, 1.610524000, 0.265735800);0,3171519;1,717916;;;-2,908757;0,9657195;4,228754
0,3333333;0,3449457861;0,05946609;(-2.857033000, 0.973976900, 4.256907000);(-0.032063860, 1.609971000, 0.266231800);0,3751356;1,660706;;;-2,857033;0,9739769;4,256907
0,3444445;0,4086753861;0,0637296;(-2.801806000, 0.983824400, 4.287148000);(-0.031654200, 1.609831000, 0.267005900);0,43789;1,599881;;;-2,801806;0,9838244;4,287148
0,3555556;0,4922140861;0,0835387;(-2.729446000, 0.996889200, 4.326797000);(-0.031002230, 1.609481000, 0.267549900);0,5205309;1,52056;;;-2,729446;0,9968892;4,326797
0,3666667;0,5777151461;0,08550106;(-2.655731000, 1.011795000, 4.367471000);(-0.030394560, 1.609168000, 0.268127700);0,6055377;1,44042;;;-2,655731;1,011795;4,367471
0,3777778;0,6653449961;0,08762985;(-2.579962000, 1.026112000, 4.409101000);(-0.029716260, 1.608750000, 0.268758300);0,6926965;1,358593;;;-2,579962;1,026112;4,409101
0,3888889;0,7435855361;0,07824054;(-2.511885000, 1.036864000, 4.446135000);(-0.029111720, 1.608363000, 0.269223200);0,770401;1,285399;;;-2,511885;1,036864;4,446135
0,4;0,8278158661;0,08423033;(-2.437347000, 1.040267000, 4.485214000);(-0.028591010, 1.607920000, 0.269691700);0,8529669;1,204503;;;-2,437347;1,040267;4,485214
0,4111111;0,9050234061;0,07720754;(-2.368555000, 1.032067000, 4.519293000);(-0.028067320, 1.607798000, 0.270178100);0,926167;1,128141;;;-2,368555;1,032067;4,519293
0,4222222;0,9784550561;0,07343165;(-2.303174000, 1.022883000, 4.551437000);(-0.027587240, 1.607761000, 0.270522300);0,9959361;1,055412;;;-2,303174;1,022883;4,551437
0,4333333;1,0455679361;0,06711288;(-2.243928000, 1.008523000, 4.579506000);(-0.027124040, 1.607774000, 0.270981700);1,058152;0,9883956;;;-2,243928;1,008523;4,579506
0,4444444;1,1127288261;0,06716089;(-2.184065000, 1.002738000, 4.609398000);(-0.026612690, 1.607701000, 0.271404700);1,123481;0,9224809;;;-2,184065;1,002738;4,609398
0,4555556;1,1845269961;0,07179817;(-2.120097000, 0.994937800, 4.641057000);(-0.026074700, 1.607730000, 0.271781400);1,193181;0,8518971;;;-2,120097;0,9949378;4,641057
0,4666667;1,2578449961;0,073318;(-2.054791000, 0.986464100, 4.673287000);(-0.025543330, 1.607654000, 0.272248400);1,264483;0,7799422;;;-2,054791;0,9864641;4,673287
0,4777778;1,3272517961;0,0694068;(-1.993010000, 0.977441400, 4.703601000);(-0.024897640, 1.607790000, 0.272791500);1,331957;0,7118657;;;-1,99301;0,9774414;4,703601
0,4888889;1,3966552761;0,06940348;(-1.931282000, 0.967480500, 4.733724000);(-0.024230810, 1.607879000, 0.273309900);1,399402;0,6438674;;;-1,931282;0,9674805;4,733724
0,5;1,4691130261;0,07245775;(-1.867492000, 0.950703500, 4.763715000);(-0.023456210, 1.607931000, 0.273794100);1,468294;0,5720094;;;-1,867492;0,9507035;4,763715
0,5111111;1,5439591261;0,0748461;(-1.801742000, 0.932434400, 4.794457000);(-0.022602660, 1.608050000, 0.274330000);1,539512;0,4978195;;;-1,801742;0,9324344;4,794457
0,5222223;1,6182802761;0,07432115;(-1.738589000, 0.904774800, 4.822211000);(-0.021726790, 1.608119000, 0.274857500);1,607016;0,4234997;;;-1,738589;0,9047748;4,822211
0,5333334;1,6676245361;0,04934426;(-1.695927000, 0.889198300, 4.841504000);(-0.020817470, 1.608187000, 0.275451900);1,653274;0,3742827;;;-1,695927;0,8891983;4,841504
0,5444446;1,7119951761;0,04437064;(-1.656505000, 0.882221800, 4.860634000);(-0.019815200, 1.608391000, 0.276266200);1,696907;0,3313729;;;-1,656505;0,8822218;4,860634
0,5555557;1,7277833361;0,01578816;(-1.642432000, 0.881081100, 4.867700000);(-0.018884870, 1.608500000, 0.276912200);1,712627;0,3166485;;;-1,642432;0,8810811;4,8677
0,5666668;1,7486088461;0,02082551;(-1.624567000, 0.873939500, 4.875670000);(-0.017911190, 1.608578000, 0.277603000);1,73203;0,2959273;;;-1,624567;0,8739395;4,87567
0,577778;1,7765611561;0,02795231;(-1.600164000, 0.866239800, 4.886919000);(-0.016843690, 1.608580000, 0.278032200);1,758773;0,2684488;;;-1,600164;0,8662398;4,886919
0,5888891;1,8179944161;0,04143326;(-1.563265000, 0.861272800, 4.905098000);(-0.015799110, 1.608240000, 0.278451600);1,799854;0,2300435;;;-1,563265;0,8612728;4,905098
0,6000003;1,8636431261;0,04564871;(-1.522906000, 0.863453600, 4.926317000);(-0.014825850, 1.607975000, 0.278980400);1,845465;0,1936985;;;-1,522906;0,8634536;4,926317
0,6111114;1,9014187161;0,03777559;(-1.490028000, 0.868594800, 4.944194000);(-0.013767840, 1.607736000, 0.279510200);1,882929;0,1698055;;;-1,490028;0,8685948;4,944194
0,6222225;1,9209281161;0,0195094;(-1.472680000, 0.868403600, 4.953117000);(-0.012656380, 1.607499000, 0.280029700);1,902434;0,1571651;;;-1,47268;0,8684036;4,953117
0,6333337;1,9287015781;0,007773462;(-1.466545000, 0.864305000, 4.955565000);(-0.011633820, 1.607342000, 0.280780300);1,908968;0,1499131;;;-1,466545;0,864305;4,955565
0,6444448;1,9418214581;0,01311988;(-1.455837000, 0.858170400, 4.960018000);(-0.010481830, 1.607287000, 0.281391300);1,920483;0,138202;;;-1,455837;0,8581704;4,960018
0,655556;1,9548801181;0,01305866;(-1.447064000, 0.848945400, 4.962929000);(-0.009432882, 1.607121000, 0.282007400);1,929586;0,1253892;;;-1,447064;0,8489454;4,962929
0,6666671;1,9686724481;0,01379233;(-1.435495000, 0.843332500, 4.967918000);(-0.008339070, 1.606875000, 0.282604500);1,94216;0,1140719;;;-1,435495;0,8433325;4,967918
0,6777782;1,9791277581;0,01045531;(-1.427588000, 0.837186800, 4.970922000);(-0.007162087, 1.606567000, 0.283063000);1,950589;0,1046568;;;-1,427588;0,8371868;4,970922
0,6888894;1,9865212301;0,007393472;(-1.422484000, 0.832131600, 4.972670000);(-0.006173879, 1.606376000, 0.283546300);1,955962;0,09772841;;;-1,422484;0,8321316;4,97267
0,7000005;1,9957751431;0,009253913;(-1.415102000, 0.827416200, 4.975655000);(-0.005217202, 1.606237000, 0.284012000);1,963936;0,09019706;;;-1,415102;0,8274162;4,975655
0,7111117;2,0083343131;0,01255917;(-1.404239000, 0.829449700, 4.981620000);(-0.004088677, 1.606067000, 0.284279200);1,976304;0,0883721;;;-1,404239;0,8294497;4,98162
0,7222228;2,0225345931;0,01420028;(-1.391620000, 0.829431500, 4.988132000);(-0.003068968, 1.605919000, 0.284781500);1,990503;0,08608421;;;-1,39162;0,8294315;4,988132
0,7333339;2,0361802631;0,01364567;(-1.379490000, 0.829357100, 4.994381000);(-0.002100519, 1.605843000, 0.285239000);2,004149;0,08600606;;;-1,37949;0,8293571;4,994381
0,7444451;2,0470681831;0,01088792;(-1.369811000, 0.829294900, 4.999368000);(-0.001269213, 1.605828000, 0.285658200);2,015037;0,08748102;;;-1,369811;0,8292949;4,999368
0,7555562;2,0560505791;0,008982396;(-1.362618000, 0.824776400, 5.002289000);(-0.000408693, 1.605829000, 0.286073500);2,022816;0,08499161;;;-1,362618;0,8247764;5,002289
0,7666674;2,0444653291;0,01158525;(-1.363248000, 0.813442000, 4.999975000);(0.000438751, 1.605621000, 0.286270500);2,021362;0,07358483;;;-1,363248;0,813442;4,999975
0,7777785;2,0344361091;0,01002922;(-1.364922000, 0.803885300, 4.997435000);(0.001318433, 1.605484000, 0.286583100);2,018901;0,06357769;;;-1,364922;0,8038853;4,997435
0,7888896;2,0238545491;0,01058156;(-1.368405000, 0.794505600, 4.993991000);(0.002089800, 1.605279000, 0.286808800);2,014461;0,05308506;;;-1,368405;0,7945056;4,993991
0,8000008;2,0325061731;0,008651624;(-1.362057000, 0.789109200, 4.996322000);(0.002772198, 1.605164000, 0.286988200);2,021322;0,05062332;;;-1,362057;0,7891092;4,996322
0,8111119;2,0525323231;0,02002615;(-1.344849000, 0.792841900, 5.005861000);(0.003555202, 1.605016000, 0.287147300);2,040873;0,06492815;;;-1,344849;0,7928419;5,005861
0,8222231;2,0778488331;0,02531651;(-1.324147000, 0.800949700, 5.017971000);(0.004200229, 1.604799000, 0.287437000);2,064608;0,08780456;;;-1,324147;0,8009497;5,017971
0,8333342;2,0946467531;0,01679792;(-1.310969000, 0.807646600, 5.025949000);(0.004815915, 1.604745000, 0.287618500);2,079829;0,1040082;;;-1,310969;0,8076466;5,025949
0,8444453;2,0962819771;0,001635224;(-1.309512000, 0.807565000, 5.026688000);(0.005457850, 1.604571000, 0.287697900);2,081464;0,1052531;;;-1,309512;0,807565;5,026688
0,8555565;2,0874676811;0,008814296;(-1.314441000, 0.801236600, 5.023033000);(0.006025145, 1.604485000, 0.287844700);2,075546;0,09656722;;;-1,314441;0,8012366;5,023033
0,8666676;2,0764914911;0,01097619;(-1.319218000, 0.792222000, 5.018985000);(0.006640749, 1.604357000, 0.288004800);2,069674;0,08632323;;;-1,319218;0,792222;5,018985
0,8777788;2,0565988111;0,01989268;(-1.330285000, 0.777884800, 5.010757000);(0.007448288, 1.604121000, 0.288162200);2,056522;0,06708307;;;-1,330285;0,7778848;5,010757
0,8888899;2,0453454311;0,01125338;(-1.335637000, 0.768980700, 5.006432000);(0.008075112, 1.604012000, 0.288267000);2,050118;0,05690405;;;-1,335637;0,7689807;5,006432
0,900001;2,0344837211;0,01086171;(-1.339128000, 0.759309000, 5.002933000);(0.008711042, 1.603781000, 0.288277200);2,045821;0,0488965;;;-1,339128;0,759309;5,002933
0,9111122;2,0415212631;0,007037542;(-1.335969000, 0.753043000, 5.003465000);(0.009320842, 1.603675000, 0.288403500);2,049157;0,05036328;;;-1,335969;0,753043;5,003465
0,9222233;2,0488364161;0,007315153;(-1.333028000, 0.759214800, 5.006066000);(0.010022320, 1.603652000, 0.288364000);2,052677;0,05544509;;;-1,333028;0,7592148;5,006066
0,9333345;2,0556671691;0,006830753;(-1.332303000, 0.765831400, 5.007601000);(0.010607650, 1.603667000, 0.288489700);2,053741;0,05884232;;;-1,332303;0,7658314;5,007601
0,9444456;2,0524169971;0,003250172;(-1.333146000, 0.768968200, 5.007716000);(0.011193700, 1.603672000, 0.288580000);2,05292;0,05943796;;;-1,333146;0,7689682;5,007716
0,9555568;2,0501577451;0,002259252;(-1.335088000, 0.768554400, 5.006640000);(0.011716600, 1.603716000, 0.288617900);2,050718;0,05724631;;;-1,335088;0,7685544;5,00664
0,9666679;2,0453998311;0,004757914;(-1.336977000, 0.764524100, 5.004958000);(0.012213010, 1.603758000, 0.288755700);2,048434;0,05336861;;;-1,336977;0,7645241;5,004958
0,977779;2,0411579891;0,004241842;(-1.340168000, 0.762563500, 5.002967000);(0.012769020, 1.603880000, 0.288781400);2,044772;0,04914988;;;-1,340168;0,7625635;5,002967
0,9888902;2,0324591421;0,008698847;(-1.345113000, 0.756398600, 4.999332000);(0.013272850, 1.603935000, 0.288875700);2,03899;0,04136756;;;-1,345113;0,7563986;4,999332
1,000001;2,0275445741;0,004914568;(-1.348485000, 0.753605200, 4.997101000);(0.013747580, 1.603979000, 0.289071200);2,035105;0,03673708;;;-1,348485;0,7536052;4,997101
1,011112;2,0204638381;0,007080736;(-1.354576000, 0.755969900, 4.994371000);(0.014181700, 1.604020000, 0.289169600);2,028337;0,03112369;;;-1,354576;0,7559699;4,994371
1,022224;2,0146308231;0,005833015;(-1.358612000, 0.759946300, 4.992985000);(0.014755040, 1.604130000, 0.289237500);2,023938;0,02916544;;;-1,358612;0,7599463;4,992985
1,033335;2,0119016451;0,002729178;(-1.360496000, 0.758411000, 4.991743000);(0.015264310, 1.604249000, 0.289412500);2,021766;0,02643944;;;-1,360496;0,758411;4,991743
1,044446;2,0052174501;0,006684195;(-1.361448000, 0.751995600, 4.990127000);(0.015612620, 1.604306000, 0.289527200);2,020482;0,02216811;;;-1,361448;0,7519956;4,990127
1,055557;1,9994089211;0,005808529;(-1.365700000, 0.749104500, 4.987424000);(0.015960260, 1.604213000, 0.289597700);2,015613;0,01649424;;;-1,3657;0,7491045;4,987424
1,066668;1,9940790261;0,005329895;(-1.369185000, 0.745843400, 4.985053000);(0.016267730, 1.604256000, 0.289713900);2,0116;0,01174214;;;-1,369185;0,7458434;4,985053
1,077779;1,9913809911;0,002698035;(-1.371050000, 0.744328900, 4.983825000);(0.016559670, 1.604309000, 0.289850900);2,009462;0,009464134;;;-1,37105;0,7443289;4,983825
1,08889;1,9941911031;0,002810112;(-1.370545000, 0.746995400, 4.984553000);(0.016822070, 1.604373000, 0.290003000);2,010106;0,01051526;;;-1,370545;0,7469954;4,984553
1,100002;1,9978035341;0,003612431;(-1.368044000, 0.749018200, 4.986198000);(0.017049610, 1.604423000, 0.290006300);2,012975;0,01394046;;;-1,368044;0,7490182;4,986198
1,111113;2,0006201341;0,0028166;(-1.365978000, 0.750412200, 4.987510000);(0.017258790, 1.604462000, 0.290121700);2,01534;0,01670962;;;-1,365978;0,7504122;4,98751
1,122224;1,9989859981;0,001634136;(-1.367095000, 0.751543900, 4.987132000);(0.017494750, 1.604429000, 0.290256400);2,01412;0,016086;;;-1,367095;0,7515439;4,987132
1,133335;1,9917546521;0,007231346;(-1.373011000, 0.754890500, 4.984664000);(0.017767910, 1.604320000, 0.290286700);2,007576;0,01316033;;;-1,373011;0,7548905;4,984664
1,144446;1,9842420921;0,00751256;(-1.379369000, 0.753124400, 4.981072000);(0.017894910, 1.604334000, 0.290396000);2,000373;0,008621169;;;-1,379369;0,7531244;4,981072
1,155557;1,9730993621;0,01114273;(-1.388107000, 0.748675800, 4.975780000);(0.018046100, 1.604311000, 0.290525800);1,990415;0,01023648;;;-1,388107;0,7486758;4,97578
1,166668;1,9645640171;0,008535345;(-1.395218000, 0.746309200, 4.971694000);(0.018113180, 1.604316000, 0.290671500);1,982356;0,01766075;;;-1,395218;0,7463092;4,971694
1,17778;1,9567261821;0,007837835;(-1.402193000, 0.746491200, 4.968124000);(0.018128100, 1.604296000, 0.290806300);1,974521;0,02548447;;;-1,402193;0,7464912;4,968124
