time;total distance traveled;distance to prev position;ray position;hmd position;distance to prev target;distance to current target
(-3.432434000, 2.531832000, 3.839367000);(-3.485136000, 0.534737200, 3.745381000);0,3;0,07777778

0;-0,05504964;0,05504964;(-3.457804000, 2.521740000, 3.886696000);(-0.041552220, 1.626855000, 0.237465100);0,05464015;1,992209;;;-3,457804;2,52174;3,886696
0,01111111;-0,09435386;0,03930422;(-3.442369000, 2.503444000, 3.855522000);(-0.041573020, 1.626872000, 0.237325700);0,03414055;1,972249;;;-3,442369;2,503444;3,855522
0,02222222;-0,10568597;0,01133211;(-3.437709000, 2.498966000, 3.846213000);(-0.041512670, 1.626847000, 0.237229300);0,03398274;1,967387;;;-3,437709;2,498966;3,846213
0,03333334;-0,114237384;0,008551414;(-3.433736000, 2.500488000, 3.838795000);(-0.041465760, 1.626754000, 0.237057200);0,03137616;1,96864;;;-3,433736;2,500488;3,838795
0,04444445;-0,119814594;0,00557721;(-3.434578000, 2.505585000, 3.840896000);(-0.041418170, 1.626688000, 0.236968600);0,02637835;1,973809;;;-3,434578;2,505585;3,840896
0,05555556;-0,123713742;0,003899148;(-3.434437000, 2.509480000, 3.841005000);(-0.041357160, 1.626728000, 0.236813000);0,02250076;1,977707;;;-3,434437;2,50948;3,841005
0,06666667;-0,110666222;0,01304752;(-3.428402000, 2.508856000, 3.829453000);(-0.041107780, 1.626507000, 0.236668300);0,02534577;1,976723;;;-3,428402;2,508856;3,829453
0,07777778;-0,093475062;0,01719116;(-3.420742000, 2.505182000, 3.814508000);(-0.041045420, 1.626508000, 0.236529800);0,03827317;1,972708;;;-3,420742;2,505182;3,814508
0,08888889;-0,078217712;0,01525735;(-3.414420000, 2.499355000, 3.801904000);(-0.041117700, 1.626461000, 0.236602400);0,05275099;1,966703;;;-3,41442;2,499355;3,801904
0,1;-0,082654700;0,004436988;(-3.416479000, 2.499452000, 3.805833000);(-0.041125210, 1.626445000, 0.236510500);0,04926945;1,966844;;;-3,416479;2,499452;3,805833
0,1111111;-0,106376420;0,02372172;(-3.427299000, 2.502454000, 3.826729000);(-0.041087620, 1.626508000, 0.236296700);0,0323904;1,970246;;;-3,427299;2,502454;3,826729
0,1222222;-0,104453618;0,001922802;(-3.428044000, 2.501252000, 3.828032000);(-0.041117250, 1.626507000, 0.236189400);0,03290672;1,969079;;;-3,428044;2,501252;3,828032
0,1333333;-0,070377678;0,03407594;(-3.412534000, 2.496617000, 3.798047000);(-0.040974770, 1.626534000, 0.235949100);0,05782249;1,963929;;;-3,412534;2,496617;3,798047
0,1444445;-0,035225438;0,03515224;(-3.396540000, 2.491782000, 3.767119000);(-0.040961700, 1.626487000, 0.235829300);0,09006659;1,95917;;;-3,39654;2,491782;3,767119
0,1555556;-0,016157678;0,01906776;(-3.387734000, 2.490682000, 3.750243000);(-0.040815660, 1.626622000, 0.235823600);0,1078631;1,958374;;;-3,387734;2,490682;3,750243
0,1666667;-0,043266388;0,02710871;(-3.399454000, 2.498685000, 3.773340000);(-0.040845890, 1.626646000, 0.235657800);0,08090683;1,966015;;;-3,399454;2,498685;3,77334
0,1777778;-0,070116228;0,02684984;(-3.410536000, 2.509122000, 3.795457000);(-0.040800840, 1.626670000, 0.235596000);0,05406754;1,976428;;;-3,410536;2,509122;3,795457
0,1888889;-0,077466311;0,007350083;(-3.412735000, 2.514331000, 3.800153000);(-0.040536440, 1.626505000, 0.235361400);0,04724435;1,981674;;;-3,412735;2,514331;3,800153
0,2;-0,061609751;0,01585656;(-3.405885000, 2.509622000, 3.786650000);(-0.040488890, 1.626481000, 0.235214400);0,06306476;1,976905;;;-3,405885;2,509622;3,78665
0,2111111;-0,050557811;0,01105194;(-3.401314000, 2.505368000, 3.777531000);(-0.040488440, 1.626481000, 0.235120800);0,07411084;1,972674;;;-3,401314;2,505368;3,777531
0,2222222;-0,052878143;0,002320332;(-3.402292000, 2.506179000, 3.779473000);(-0.040612780, 1.626520000, 0.235132800);0,07179058;1,973476;;;-3,402292;2,506179;3,779473
0,2333333;-0,065044733;0,01216659;(-3.407554000, 2.509757000, 3.789842000);(-0.040623210, 1.626501000, 0.235039000);0,05965682;1,977043;;;-3,407554;2,509757;3,789842
0,2444444;-0,069830026;0,004785293;(-3.409758000, 2.510125000, 3.794074000);(-0.040313100, 1.626234000, 0.234885300);0,05510705;1,977425;;;-3,409758;2,510125;3,794074
0,2555556;-0,064578475;0,005251551;(-3.407497000, 2.508522000, 3.789613000);(-0.040362320, 1.626213000, 0.234774300);0,06033706;1,975807;;;-3,407497;2,508522;3,789613
0,2666667;-0,045213325;0,01936515;(-3.399412000, 2.501397000, 3.773524000);(-0.040295490, 1.626120000, 0.234596800);0,07969932;1,968728;;;-3,399412;2,501397;3,773524
0,2777778;-0,023146645;0,02206668;(-3.391200000, 2.489654000, 3.756743000);(-0.040351630, 1.626026000, 0.234618800);0,1015178;1,957205;;;-3,3912;2,489654;3,756743
0,2888889;-0,010778915;0,01236773;(-3.387125000, 2.481685000, 3.748208000);(-0.040665910, 1.626070000, 0.234863300);0,1134794;1,949415;;;-3,387125;2,481685;3,748208
0,3;-0,035599715;0,0248208;(-3.398631000, 2.482408000, 3.770188000);(-0.040716770, 1.626001000, 0.234939500);0,09149288;1,949749;;;-3,398631;2,482408;3,770188
0,3111111;-0,095700735;0,06010102;(-3.425600000, 2.493877000, 3.822660000);(-0.040775320, 1.625827000, 0.235083500);0,04202813;1,961567;;;-3,4256;2,493877;3,82266
0,3222222;-0,045836935;0,0498638;(-3.448536000, 2.498034000, 3.866740000);(-0.040781840, 1.625812000, 0.235209900);0,04637788;1,967384;;;-3,448536;2,498034;3,86674
0,3333333;-0,029491025;0,01634591;(-3.454669000, 2.487234000, 3.877368000);(-0.040827500, 1.625646000, 0.235403500);0,06266928;1,95719;;;-3,454669;2,487234;3,877368
0,3444445;-0,006174885;0,02331614;(-3.451197000, 2.465878000, 3.868678000);(-0.040897250, 1.625536000, 0.235414400);0,07457247;1,935371;;;-3,451197;2,465878;3,868678
0,3555556;0,017045225;0,02322011;(-3.452793000, 2.442727000, 3.869464000);(-0.040979280, 1.625389000, 0.235476000);0,09622927;1,912293;;;-3,452793;2,442727;3,869464
0,3666667;0,060504595;0,04345937;(-3.457860000, 2.399913000, 3.874946000);(-0.040803480, 1.624957000, 0.235509900);0,1389779;1,869869;;;-3,45786;2,399913;3,874946
0,3777778;0,093454785;0,03295019;(-3.464869000, 2.369437000, 3.885328000);(-0.040874370, 1.624667000, 0.235573600);0,1718619;1,840141;;;-3,464869;2,369437;3,885328
0,3888889;0,150203485;0,0567487;(-3.462603000, 2.313578000, 3.875577000);(-0.040704950, 1.624040000, 0.235600700);0,2232847;1,783741;;;-3,462603;2,313578;3,875577
0,4;0,239382205;0,08917872;(-3.450124000, 2.231194000, 3.843797000);(-0.040737840, 1.623561000, 0.235596900);0,3011901;1,69967;;;-3,450124;2,231194;3,843797
0,4111111;0,348419005;0,1090368;(-3.434646000, 2.130654000, 3.804540000);(-0.040750000, 1.623156000, 0.236025800);0,4026926;1,597811;;;-3,434646;2,130654;3,80454
0,4222222;0,438300195;0,08988119;(-3.425655000, 2.044925000, 3.779076000);(-0.040983470, 1.622769000, 0.236089600);0,4906716;1,511735;;;-3,425655;2,044925;3,779076
0,4333333;0,544208895;0,1059087;(-3.421384000, 1.940693000, 3.760799000);(-0.040842810, 1.622220000, 0.235814900);0,5964392;1,407485;;;-3,421384;1,940693;3,760799
0,4444444;0,645819295;0,1016104;(-3.416043000, 1.841184000, 3.740946000);(-0.041029640, 1.621425000, 0.235661800);0,6978173;1,308281;;;-3,416043;1,841184;3,740946
0,4555556;0,746783195;0,1009639;(-3.402209000, 1.747664000, 3.705503000);(-0.041131800, 1.620946000, 0.235447000);0,7960858;1,216412;;;-3,402209;1,747664;3,705503
0,4666667;0,850827495;0,1040443;(-3.381805000, 1.657442000, 3.657869000);(-0.041476910, 1.620567000, 0.235356400);0,8944619;1,130841;;;-3,381805;1,657442;3,657869
0,4777778;0,937541055;0,08671356;(-3.373340000, 1.574600000, 3.633687000);(-0.041596210, 1.620119000, 0.235266800);0,9808613;1,051803;;;-3,37334;1,5746;3,633687
0,4888889;1,029010315;0,09146926;(-3.377148000, 1.483225000, 3.632046000);(-0.041694440, 1.619628000, 0.235161800);1,070334;0,9613194;;;-3,377148;1,483225;3,632046
0,5;1,117103175;0,08809286;(-3.379656000, 1.395249000, 3.628260000);(-0.041916940, 1.619485000, 0.235177500);1,157226;0,874828;;;-3,379656;1,395249;3,62826
0,5111111;1,209021065;0,09191789;(-3.383361000, 1.303425000, 3.626380000);(-0.041997170, 1.619479000, 0.235705900);1,247699;0,7844746;;;-3,383361;1,303425;3,62638
0,5222223;1,303545675;0,09452461;(-3.382383000, 1.209548000, 3.615384000);(-0.042289680, 1.619582000, 0.235943700);1,342054;0,694857;;;-3,382383;1,209548;3,615384
0,5333334;1,393344195;0,08979852;(-3.385547000, 1.119846000, 3.612679000);(-0.042645370, 1.619442000, 0.236133500);1,430836;0,6081772;;;-3,385547;1,119846;3,612679
0,5444446;1,472102015;0,07875782;(-3.395553000, 1.042582000, 3.624215000);(-0.042980090, 1.619468000, 0.236491900);1,505162;0,5297291;;;-3,395553;1,042582;3,624215
0,5555557;1,546478155;0,07437614;(-3.407129000, 0.970669700, 3.639260000);(-0.043316160, 1.619347000, 0.236857000);1,574138;0,455394;;;-3,407129;0,9706697;3,63926
0,5666668;1,613884825;0,06740667;(-3.425791000, 0.913236900, 3.669208000);(-0.043600100, 1.619231000, 0.237253300);1,627528;0,3906227;;;-3,425791;0,9132369;3,669208
0,577778;1,677003185;0,06311836;(-3.442978000, 0.859064600, 3.696665000);(-0.043856710, 1.619042000, 0.237853900);1,678876;0,330664;;;-3,442978;0,8590646;3,696665
0,5888891;1,731709825;0,05470664;(-3.456074000, 0.809920700, 3.716819000);(-0.044142560, 1.618865000, 0.238430500);1,726428;0,2781839;;;-3,456074;0,8099207;3,716819
0,6000003;1,778152735;0,04644291;(-3.454567000, 0.764084600, 3.709490000);(-0.044398790, 1.618625000, 0.239110500);1,77265;0,2341427;;;-3,454567;0,7640846;3,70949
0,6111114;1,820328035;0,0421753;(-3.450193000, 0.723960100, 3.697257000);(-0.044760900, 1.618522000, 0.239826700);1,813535;0,1983487;;;-3,450193;0,7239601;3,697257
0,6222225;1,863507585;0,04317955;(-3.435899000, 0.696294100, 3.667344000);(-0.044872530, 1.618098000, 0.240426700);1,843584;0,1860498;;;-3,435899;0,6962941;3,667344
0,6333337;1,904692835;0,04118525;(-3.427734000, 0.660683900, 3.648332000);(-0.045052680, 1.618066000, 0.241340800);1,88088;0,1690443;;;-3,427734;0,6606839;3,648332
0,6444448;1,944371125;0,03967829;(-3.414660000, 0.635118700, 3.620948000);(-0.045308300, 1.617733000, 0.242082900);1,90933;0,1747187;;;-3,41466;0,6351187;3,620948
0,655556;1,979089225;0,0347181;(-3.402183000, 0.615369300, 3.595265000);(-0.045552940, 1.617440000, 0.242913600);1,932182;0,1895188;;;-3,402183;0,6153693;3,595265
0,6666671;2,003524215;0,02443499;(-3.394529000, 0.598746100, 3.579074000);(-0.045849000, 1.617072000, 0.243676500);1,9509;0,1999115;;;-3,394529;0,5987461;3,579074
0,6777782;2,014072085;0,01054787;(-3.396314000, 0.588634700, 3.581489000);(-0.046073750, 1.616816000, 0.244507300);1,960566;0,1940482;;;-3,396314;0,5886347;3,581489
0,6888894;2,031550785;0,0174787;(-3.402524000, 0.576216600, 3.592106000);(-0.046262030, 1.616275000, 0.245286500);1,971411;0,1789922;;;-3,402524;0,5762166;3,592106
0,7000005;2,068730435;0,03717965;(-3.419293000, 0.563638700, 3.622814000);(-0.046825440, 1.615894000, 0.246157900);1,980114;0,142103;;;-3,419293;0,5636387;3,622814
0,7111117;2,079045985;0,01031555;(-3.422181000, 0.554894100, 3.627462000);(-0.047091100, 1.615445000, 0.246979600);1,988289;0,1351834;;;-3,422181;0,5548941;3,627462
0,7222228;2,096654935;0,01760895;(-3.414454000, 0.550348600, 3.612305000);(-0.047551130, 1.614950000, 0.247604400);1,994531;0,1514882;;;-3,414454;0,5503486;3,612305
0,7333339;2,145316375;0,04866144;(-3.391749000, 0.555265900, 3.569548000);(-0.047782070, 1.614542000, 0.248381600);1,995312;0,2001496;;;-3,391749;0,5552659;3,569548
0,7444451;2,112883205;0,03243317;(-3.376642000, 0.560002400, 3.541241000);(-0.048040960, 1.613951000, 0.249239700);1,995019;0,2325559;;;-3,376642;0,5600024;3,541241
0,7555562;2,130220465;0,01733726;(-3.384543000, 0.554842700, 3.555785000);(-0.048263070, 1.613406000, 0.250015600);1,997798;0,2155682;;;-3,384543;0,5548427;3,555785
0,7666674;2,166473185;0,03625272;(-3.401443000, 0.550130400, 3.587509000);(-0.048528890, 1.612902000, 0.250634500);1,997882;0,1793453;;;-3,401443;0,5501304;3,587509
0,7777785;2,140808145;0,02566504;(-3.413396000, 0.549560700, 3.610214000);(-0.048791300, 1.612378000, 0.251198900);1,995563;0,1537411;;;-3,413396;0,5495607;3,610214
0,7888896;2,109885035;0,03092311;(-3.426582000, 0.559642400, 3.636305000);(-0.048855460, 1.611868000, 0.251503200);1,982624;0,1262789;;;-3,426582;0,5596424;3,636305
0,8000008;2,092100225;0,01778481;(-3.433921000, 0.566559900, 3.650954000);(-0.049048280, 1.611463000, 0.251950600);1,974283;0,1120362;;;-3,433921;0,5665599;3,650954
0,8111119;2,085712383;0,006387842;(-3.436752000, 0.568033300, 3.656487000);(-0.049616790, 1.611202000, 0.252614800);1,9723;0,1065443;;;-3,436752;0,5680333;3,656487
0,8222231;2,093686299;0,007973916;(-3.433058000, 0.567754300, 3.649426000);(-0.049705530, 1.610727000, 0.253061000);1,97324;0,1140594;;;-3,433058;0,5677543;3,649426
0,8333342;2,094926106;0,001239807;(-3.432873000, 0.566619300, 3.648963000);(-0.049787280, 1.610445000, 0.253527700);1,974415;0,1142117;;;-3,432873;0,5666193;3,648963
0,8444453;2,090723532;0,004202574;(-3.434000000, 0.569835100, 3.651422000);(-0.049914070, 1.610115000, 0.253862900);1,970978;0,112583;;;-3,434;0,5698351;3,651422
0,8555565;2,081628292;0,00909524;(-3.435600000, 0.577926600, 3.655255000);(-0.050011790, 1.609770000, 0.254231100);1,962563;0,1115426;;;-3,4356;0,5779266;3,655255
0,8666676;2,075176648;0,006451644;(-3.438165000, 0.580816000, 3.660422000);(-0.050140570, 1.609510000, 0.254536700);1,959213;0,1074593;;;-3,438165;0,580816;3,660422
0,8777788;2,076744142;0,001567494;(-3.438737000, 0.579739600, 3.661407000);(-0.050239590, 1.609308000, 0.254717100);1,960197;0,1059697;;;-3,438737;0,5797396;3,661407
0,8888899;2,070685312;0,00605883;(-3.437175000, 0.585051700, 3.658948000);(-0.050341820, 1.609108000, 0.254950400);1,955128;0,1109164;;;-3,437175;0,5850517;3,658948
0,900001;2,064578987;0,006106325;(-3.438740000, 0.589842000, 3.662396000);(-0.050419310, 1.608952000, 0.255165200);1,950047;0,1098889;;;-3,43874;0,589842;3,662396
0,9111122;2,052129337;0,01244965;(-3.444465000, 0.590897100, 3.673401000);(-0.049933830, 1.608522000, 0.254870400);1,948055;0,09994575;;;-3,444465;0,5908971;3,673401
0,9222233;2,085210757;0,03308142;(-3.459867000, 0.585811000, 3.702233000);(-0.050313120, 1.608479000, 0.255286400);1,951039;0,07147571;;;-3,459867;0,585811;3,702233
0,9333345;2,086552845;0,001342088;(-3.459680000, 0.584570400, 3.701756000);(-0.050338750, 1.608366000, 0.255453100);1,952308;0,0709537;;;-3,45968;0,5845704;3,701756
0,9444456;2,084395970;0,002156875;(-3.459349000, 0.586658700, 3.701330000);(-0.050147420, 1.608158000, 0.255485600);1,95025;0,07280964;;;-3,459349;0,5866587;3,70133
0,9555568;2,063673470;0,0207225;(-3.449788000, 0.591502400, 3.683595000);(-0.050141910, 1.608118000, 0.255684600);1,946649;0,09104535;;;-3,449788;0,5915024;3,683595
0,9666679;2,069942393;0,006268923;(-3.452630000, 0.589496100, 3.688810000);(-0.050118990, 1.608048000, 0.255918700);1,948267;0,08517881;;;-3,45263;0,5894961;3,68881
0,977779;2,093422323;0,02347993;(-3.463456000, 0.583911400, 3.708883000);(-0.050114890, 1.607961000, 0.256120200);1,952532;0,06496327;;;-3,463456;0,5839114;3,708883
0,9888902;2,122662483;0,02924016;(-3.477027000, 0.578396400, 3.734189000);(-0.050256230, 1.607940000, 0.256493500);1,956773;0,04579453;;;-3,477027;0,5783964;3,734189
1,000001;2,109579033;0,01308345;(-3.483115000, 0.578248700, 3.745768000);(-0.050132430, 1.607869000, 0.256678600);1,956481;0,0435601;;;-3,483115;0,5782487;3,745768
1,011112;2,104594968;0,004984065;(-3.483976000, 0.582699200, 3.747840000);(-0.050066930, 1.607932000, 0.256947000);1,951961;0,04803903;;;-3,483976;0,5826992;3,74784
1,022224;2,094001388;0,01059358;(-3.479625000, 0.588501900, 3.740119000);(-0.050043470, 1.607897000, 0.257176300);1,946435;0,05430193;;;-3,479625;0,5885019;3,740119
1,033335;2,104947858;0,01094647;(-3.474825000, 0.585654900, 3.730702000);(-0.049918660, 1.607968000, 0.257511700);1,949669;0,05398505;;;-3,474825;0,5856549;3,730702
1,044446;2,120615228;0,01566737;(-3.470433000, 0.573994000, 3.721204000);(-0.049871200, 1.607932000, 0.257754400);1,961768;0,04839177;;;-3,470433;0,573994;3,721204
1,055557;2,133017728;0,0124025;(-3.469687000, 0.561890100, 3.718604000);(-0.049796260, 1.607853000, 0.258138900);1,973991;0,04114531;;;-3,469687;0,5618901;3,718604
1,066668;2,137737105;0,004719377;(-3.471704000, 0.559636400, 3.722227000);(-0.049731310, 1.607810000, 0.258448000);1,976061;0,03655792;;;-3,471704;0,5596364;3,722227
1,077779;2,118422005;0,0193151;(-3.480180000, 0.564621300, 3.738852000);(-0.049684980, 1.607743000, 0.258730900);1,970355;0,03098791;;;-3,48018;0,5646213;3,738852
1,08889;2,086356885;0,03206512;(-3.494979000, 0.566608100, 3.767228000);(-0.049673610, 1.607796000, 0.259100700);1,967542;0,03987396;;;-3,494979;0,5666081;3,767228
1,100002;2,098836925;0,01248004;(-3.500765000, 0.564127900, 3.778004000);(-0.049624810, 1.607754000, 0.259401400);1,969846;0,04660848;;;-3,500765;0,5641279;3,778004
1,111113;2,103546255;0,00470933;(-3.502715000, 0.561606400, 3.781471000);(-0.049645520, 1.607630000, 0.259731600);1,972328;0,04830578;;;-3,502715;0,5616064;3,781471
1,122224;2,130764795;0,02721854;(-3.490311000, 0.558051000, 3.757505000);(-0.049616580, 1.607587000, 0.260019400);1,976325;0,02678262;;;-3,490311;0,558051;3,757505
1,133335;2,173622885;0,04285809;(-3.470677000, 0.553528100, 3.719678000);(-0.049583350, 1.607499000, 0.260215000);1,98229;0,03496822;;;-3,470677;0,5535281;3,719678
1,144446;2,200328915;0,02670603;(-3.458877000, 0.547145700, 3.696586000);(-0.049566370, 1.607439000, 0.260489600);1,989991;0,05678385;;;-3,458877;0,5471457;3,696586
1,155557;2,212462485;0,01213357;(-3.453661000, 0.543403600, 3.686290000);(-0.049552060, 1.607476000, 0.260732400);1,994425;0,06750925;;;-3,453661;0,5434036;3,68629
1,166668;2,216104573;0,003642088;(-3.455085000, 0.541163400, 3.688783000);(-0.049527980, 1.607448000, 0.261003900);1,996484;0,06440178;;;-3,455085;0,5411634;3,688783
1,17778;2,189095633;0,02700894;(-3.467151000, 0.546717400, 3.712300000);(-0.049508940, 1.607396000, 0.261264100);1,98948;0,03951302;;;-3,467151;0,5467174;3,7123
1,188891;2,148760683;0,04033495;(-3.485768000, 0.549218900, 3.747994000);(-0.049504140, 1.607377000, 0.261492000);1,985434;0,0147292;;;-3,485768;0,5492189;3,747994
1,200002;2,178398113;0,02963743;(-3.499593000, 0.547477200, 3.774152000);(-0.049520350, 1.607341000, 0.261714900);1,986561;0,03462801;;;-3,499593;0,5474772;3,774152
1,211113;2,169478168;0,008919945;(-3.503569000, 0.549377200, 3.781907000);(-0.049655680, 1.607152000, 0.262087300);1,984562;0,04345465;;;-3,503569;0,5493772;3,781907
1,222224;2,158491908;0,01098626;(-3.498444000, 0.550604900, 3.772268000);(-0.049962620, 1.607293000, 0.262464000);1,983461;0,03393812;;;-3,498444;0,5506049;3,772268
1,233335;2,178528738;0,02003683;(-3.489234000, 0.548854200, 3.754559000);(-0.050013490, 1.607319000, 0.262735800);1,985603;0,01733001;;;-3,489234;0,5488542;3,754559
