time;total distance traveled;distance to prev position;ray position;hmd position;distance to prev target;distance to current target
(-3.122256000, 3.138462000, 3.746127000);(-3.817672000, 1.300185000, 3.375811000);0,2777778;0,2333333

0;-0,01232461;0,01232461;(-3.154517000, 3.155788000, 3.734841000);(-0.103061500, 1.655699000, 0.055831630);0,03831938;2,002983;;;-3,154517;3,155788;3,734841
0,01111111;-0,004522989;0,007801621;(-3.160797000, 3.151965000, 3.732231000);(-0.102854500, 1.655726000, 0.055872220);0,04313729;1,996899;;;-3,160797;3,151965;3,732231
0,02222222;-0,007552613;0,003029624;(-3.158437000, 3.150242000, 3.733031000);(-0.102697000, 1.655818000, 0.055901310);0,04024057;1,996224;;;-3,158437;3,150242;3,733031
0,03333334;-0,010812920;0,003260307;(-3.156097000, 3.152278000, 3.734038000);(-0.102495000, 1.655816000, 0.055925600);0,03849975;1,999063;;;-3,156097;3,152278;3,734038
0,04444445;-0,020201946;0,009389026;(-3.148215000, 3.156229000, 3.737266000);(-0.102315100, 1.655913000, 0.055990240);0,03268147;2,005921;;;-3,148215;3,156229;3,737266
0,05555556;-0,040974306;0,02077236;(-3.132030000, 3.167333000, 3.744065000);(-0.102164500, 1.655970000, 0.056051130);0,03055038;2,022859;;;-3,13203;3,167333;3,744065
0,06666667;-0,021397806;0,0195765;(-3.119021000, 3.180795000, 3.749790000);(-0.101962200, 1.656014000, 0.056169000);0,04261385;2,040751;;;-3,119021;3,180795;3,74979
0,07777778;-0,015303211;0,006094595;(-3.116724000, 3.186313000, 3.750981000);(-0.101890800, 1.656119000, 0.056220460);0,04841355;2,046841;;;-3,116724;3,186313;3,750981
0,08888889;-0,013551606;0,001751605;(-3.115322000, 3.187186000, 3.751565000);(-0.101696200, 1.656141000, 0.056280810);0,04951417;2,048233;;;-3,115322;3,187186;3,751565
0,1;-0,031793826;0,01824222;(-3.126732000, 3.173901000, 3.746458000);(-0.101505900, 1.656167000, 0.056328970);0,03572145;2,031154;;;-3,126732;3,173901;3,746458
0,1111111;-0,040604752;0,008810926;(-3.134533000, 3.171249000, 3.743336000);(-0.101745300, 1.656399000, 0.056725230);0,03512103;2,025496;;;-3,134533;3,171249;3,743336
0,1222222;-0,022927102;0,01767765;(-3.150488000, 3.167001000, 3.737020000);(-0.101514500, 1.656278000, 0.056799200);0,04116401;2,015095;;;-3,150488;3,167001;3,73702
0,1333333;-0,011666652;0,01126045;(-3.158267000, 3.159597000, 3.733633000);(-0.101338400, 1.656211000, 0.056832990);0,04358373;2,005059;;;-3,158267;3,159597;3,733633
0,1444445;-0,022621762;0,01095511;(-3.159958000, 3.148847000, 3.732372000);(-0.101155000, 1.656198000, 0.056893070);0,04145458;1,99431;;;-3,159958;3,148847;3,732372
0,1555556;-0,027577658;0,004955896;(-3.155489000, 3.147447000, 3.733993000);(-0.100991400, 1.656159000, 0.056891820);0,0365018;1,994782;;;-3,155489;3,147447;3,733993
0,1666667;-0,039302958;0,0117253;(-3.146375000, 3.153751000, 3.737824000);(-0.100878200, 1.656171000, 0.056777740);0,02973907;2,004345;;;-3,146375;3,153751;3,737824
0,1777778;-0,048739061;0,009436103;(-3.140551000, 3.160699000, 3.740440000);(-0.101121300, 1.656210000, 0.056987730);0,02935221;2,013196;;;-3,140551;3,160699;3,74044
0,1888889;-0,033644821;0,01509424;(-3.133340000, 3.173495000, 3.743920000);(-0.101036400, 1.656141000, 0.056986410);0,03681076;2,028079;;;-3,13334;3,173495;3,74392
0,2;-0,024679889;0,008964932;(-3.129837000, 3.181549000, 3.745716000);(-0.100947700, 1.656163000, 0.057059550);0,04375086;2,037026;;;-3,129837;3,181549;3,745716
0,2111111;-0,022169618;0,002510271;(-3.130280000, 3.184020000, 3.745689000);(-0.100853500, 1.656213000, 0.057158080);0,04626111;2,039155;;;-3,13028;3,18402;3,745689
0,2222222;-0,010071298;0,01209832;(-3.141423000, 3.182199000, 3.741343000);(-0.101025500, 1.656402000, 0.057347680);0,04799084;2,032954;;;-3,141423;3,182199;3,741343
0,2333333;0,010565632;0,02063693;(-3.157779000, 3.171631000, 3.734510000);(-0.100996300, 1.656379000, 0.057439590);0,04997045;2,01654;;;-3,157779;3,171631;3,73451
0,2444444;0,032608472;0,02204284;(-3.172566000, 3.156628000, 3.728019000);(-0.100934800, 1.656231000, 0.057451600);0,05647095;1,996645;;;-3,172566;3,156628;3,728019
0,2555556;0,062211102;0,02960263;(-3.183684000, 3.129807000, 3.722246000);(-0.101107400, 1.656292000, 0.057534240);0,06647283;1,967097;;;-3,183684;3,129807;3,722246
0,2666667;0,091257612;0,02904651;(-3.195405000, 3.103904000, 3.716297000);(-0.101111400, 1.656129000, 0.057553400);0,08622605;1,938182;;;-3,195405;3,103904;3,716297
0,2777778;0,112148702;0,02089109;(-3.203664000, 3.085185000, 3.712078000);(-0.101169300, 1.655801000, 0.057585800);0,1030782;1,917369;;;-3,203664;3,085185;3,712078
0,2888889;0,130642742;0,01849404;(-3.210126000, 3.068200000, 3.708642000);(-0.101225800, 1.655355000, 0.057562520);0,1185874;1,898885;;;-3,210126;3,0682;3,708642
0,3;0,158347162;0,02770442;(-3.224549000, 3.045542000, 3.701850000);(-0.101257100, 1.655004000, 0.057518090);0,1451151;1,871996;;;-3,224549;3,045542;3,70185
0,3111111;0,187629582;0,02928242;(-3.242805000, 3.024158000, 3.693673000);(-0.101308200, 1.654694000, 0.057382550);0,1742098;1,844882;;;-3,242805;3,024158;3,693673
0,3222222;0,233596332;0,04596675;(-3.269205000, 2.988525000, 3.681577000);(-0.101447100, 1.654236000, 0.057224150);0,2196403;1,801333;;;-3,269205;2,988525;3,681577
0,3333333;0,276936992;0,04334066;(-3.288917000, 2.951153000, 3.671926000);(-0.101498300, 1.653773000, 0.056985970);0,2614701;1,758681;;;-3,288917;2,951153;3,671926
0,3444445;0,339467072;0,06253008;(-3.309796000, 2.893299000, 3.660655000);(-0.101558400, 1.653347000, 0.056797910);0,3202838;1,696197;;;-3,309796;2,893299;3,660655
0,3555556;0,400644002;0,06117693;(-3.332104000, 2.837548000, 3.648961000);(-0.101626200, 1.652908000, 0.056604500);0,3795089;1,635197;;;-3,332104;2,837548;3,648961
0,3666667;0,488068262;0,08742426;(-3.365566000, 2.758649000, 3.631691000);(-0.102019900, 1.652694000, 0.056565870);0,4653533;1,548222;;;-3,365566;2,758649;3,631691
0,3777778;0,561256562;0,0731883;(-3.390324000, 2.691073000, 3.618385000);(-0.102074300, 1.652303000, 0.056314910);0,5369691;1,475139;;;-3,390324;2,691073;3,618385
0,3888889;0,638412982;0,07715642;(-3.416731000, 2.619968000, 3.604248000);(-0.102124300, 1.651888000, 0.056082060);0,6129289;1,398128;;;-3,416731;2,619968;3,604248
0,4;0,718214812;0,07980183;(-3.443290000, 2.546097000, 3.589894000);(-0.102491200, 1.651610000, 0.055831990);0,6916419;1,318442;;;-3,44329;2,546097;3,589894
0,4111111;0,785726212;0,0675114;(-3.459942000, 2.481448000, 3.579842000);(-0.102598900, 1.651122000, 0.055635120);0,757199;1,250992;;;-3,459942;2,481448;3,579842
0,4222222;0,842934972;0,05720876;(-3.473188000, 2.426402000, 3.571637000);(-0.102546700, 1.650637000, 0.055372440);0,8127915;1,193893;;;-3,473188;2,426402;3,571637
0,4333333;0,898085782;0,05515081;(-3.484587000, 2.372953000, 3.564228000);(-0.102615600, 1.650295000, 0.055191750);0,866242;1,138981;;;-3,484587;2,372953;3,564228
0,4444444;0,957803952;0,05971817;(-3.498559000, 2.315535000, 3.555612000);(-0.102736400, 1.649900000, 0.055115360);0,9247208;1,079397;;;-3,498559;2,315535;3,555612
0,4555556;1,022731232;0,06492728;(-3.515425000, 2.253636000, 3.545635000);(-0.102947200, 1.649606000, 0.055104520);0,9887855;1,014525;;;-3,515425;2,253636;3,545635
0,4666667;1,086800552;0,06406932;(-3.537903000, 2.194838000, 3.533701000);(-0.103115800, 1.649386000, 0.055066130);1,052765;0,9505805;;;-3,537903;2,194838;3,533701
0,4777778;1,144858502;0,05805795;(-3.561877000, 2.143360000, 3.521618000);(-0.103263000, 1.649105000, 0.055042940);1,11081;0,8931038;;;-3,561877;2,14336;3,521618
0,4888889;1,201698022;0,05683952;(-3.586881000, 2.093836000, 3.509255000);(-0.103450600, 1.648887000, 0.055051170);1,167574;0,837229;;;-3,586881;2,093836;3,509255
0,5;1,264780122;0,0630821;(-3.603516000, 2.033778000, 3.499473000);(-0.103586400, 1.648527000, 0.054909730);1,22995;0,774153;;;-3,603516;2,033778;3,499473
0,5111111;1,325432042;0,06065192;(-3.618735000, 1.975780000, 3.490348000);(-0.104134600, 1.648312000, 0.055004560);1,289863;0,7135281;;;-3,618735;1,97578;3,490348
0,5222223;1,384912902;0,05948086;(-3.622116000, 1.916580000, 3.485660000);(-0.104421200, 1.648280000, 0.055066010);1,345622;0,6559359;;;-3,622116;1,91658;3,48566
0,5333334;1,437210432;0,05229753;(-3.628686000, 1.864986000, 3.480196000);(-0.104620000, 1.648004000, 0.055085770);1,396042;0,6046582;;;-3,628686;1,864986;3,480196
0,5444446;1,478986402;0,04177597;(-3.641371000, 1.825817000, 3.473117000);(-0.104814800, 1.647731000, 0.055126840);1,437725;0,5628844;;;-3,641371;1,825817;3,473117
0,5555557;1,521087322;0,04210092;(-3.658566000, 1.788384000, 3.464421000);(-0.105029600, 1.647438000, 0.055154350);1,479763;0,5210611;;;-3,658566;1,788384;3,464421
0,5666668;1,560065402;0,03897808;(-3.672506000, 1.752735000, 3.457067000);(-0.105264700, 1.647126000, 0.055205250);1,51874;0,4821584;;;-3,672506;1,752735;3,457067
0,577778;1,608162522;0,04809712;(-3.679986000, 1.705549000, 3.451509000);(-0.105499400, 1.646874000, 0.055266340);1,5656;0,4347499;;;-3,679986;1,705549;3,451509
0,5888891;1,658139612;0,04997709;(-3.689611000, 1.656934000, 3.445052000);(-0.105720900, 1.646731000, 0.055444470);1,614764;0,3853103;;;-3,689611;1,656934;3,445052
0,6000003;1,699805742;0,04166613;(-3.712913000, 1.624110000, 3.434297000);(-0.105965000, 1.646562000, 0.055567320);1,655106;0,345431;;;-3,712913;1,62411;3,434297
0,6111114;1,735070592;0,03526485;(-3.739002000, 1.603160000, 3.423162000);(-0.106233000, 1.646462000, 0.055664860);1,685775;0,3165824;;;-3,739002;1,60316;3,423162
0,6222225;1,769627912;0,03455732;(-3.757674000, 1.575413000, 3.414461000);(-0.106468100, 1.646207000, 0.055810590);1,719558;0,2843307;;;-3,757674;1,575413;3,414461
0,6333337;1,807362922;0,03773501;(-3.762344000, 1.538174000, 3.410544000);(-0.106710700, 1.645993000, 0.055911860);1,755919;0,2467915;;;-3,762344;1,538174;3,410544
0,6444448;1,841301392;0,03393847;(-3.757584000, 1.504571000, 3.410425000);(-0.107076400, 1.645746000, 0.055849340);1,78492;0,215829;;;-3,757584;1,504571;3,410425
0,655556;1,867711372;0,02640998;(-3.760942000, 1.478523000, 3.407651000);(-0.107497700, 1.645539000, 0.056113150);1,810493;0,1898322;;;-3,760942;1,478523;3,407651
0,6666671;1,888381382;0,02067001;(-3.768032000, 1.459481000, 3.403858000);(-0.107710600, 1.645330000, 0.056227530);1,831162;0,1691915;;;-3,768032;1,459481;3,403858
0,6777782;1,902455622;0,01407424;(-3.775378000, 1.447984000, 3.400401000);(-0.107888600, 1.645086000, 0.056222400);1,844942;0,1556853;;;-3,775378;1,447984;3,400401
0,6888894;1,913415002;0,01095938;(-3.781611000, 1.439437000, 3.397538000);(-0.108162200, 1.644914000, 0.056375350);1,855519;0,1454765;;;-3,781611;1,439437;3,397538
0,7000005;1,904974642;0,00844036;(-3.787973000, 1.444560000, 3.395411000);(-0.108349100, 1.644753000, 0.056478460);1,853507;0,1486949;;;-3,787973;1,44456;3,395411
0,7111117;1,912906384;0,007931742;(-3.792403000, 1.438307000, 3.393365000);(-0.108521800, 1.644644000, 0.056566920);1,8612;0,1415068;;;-3,792403;1,438307;3,393365
0,7222228;1,921611973;0,008705589;(-3.789574000, 1.430096000, 3.393970000);(-0.108738500, 1.644442000, 0.056627590);1,867577;0,1341493;;;-3,789574;1,430096;3,39397
0,7333339;1,936679163;0,01506719;(-3.785860000, 1.415505000, 3.394546000);(-0.108906100, 1.644190000, 0.056763700);1,879511;0,1210852;;;-3,78586;1,415505;3,394546
0,7444451;1,949629863;0,0129507;(-3.778116000, 1.405398000, 3.396913000);(-0.109147900, 1.644019000, 0.056740370);1,885634;0,1143661;;;-3,778116;1,405398;3,396913
0,7555562;1,956269811;0,006639948;(-3.782483000, 1.400782000, 3.394985000);(-0.109479000, 1.643951000, 0.056805510);1,891754;0,1082849;;;-3,782483;1,400782;3,394985
0,7666674;1,975267511;0,0189977;(-3.800169000, 1.399452000, 3.388176000);(-0.109638800, 1.643801000, 0.056868580);1,900487;0,101554;;;-3,800169;1,399452;3,388176
0,7777785;1,994318141;0,01905063;(-3.814119000, 1.387935000, 3.382205000);(-0.109786400, 1.643515000, 0.056919660);1,917149;0,0880537;;;-3,814119;1,387935;3,382205
0,7888896;2,015810721;0,02149258;(-3.823791000, 1.369339000, 3.377455000);(-0.109954000, 1.643325000, 0.056942690);1,938523;0,06944284;;;-3,823791;1,369339;3,377455
0,8000008;2,032719851;0,01690913;(-3.825483000, 1.352591000, 3.375849000);(-0.110056700, 1.643274000, 0.057037440);1,95473;0,05298458;;;-3,825483;1,352591;3,375849
0,8111119;2,049850251;0,0171304;(-3.813906000, 1.340523000, 3.379562000);(-0.110204000, 1.643116000, 0.057096320);1,960952;0,04068667;;;-3,813906;1,340523;3,379562
0,8222231;2,068309441;0,01845919;(-3.801751000, 1.327178000, 3.383422000);(-0.110327100, 1.642972000, 0.057121720);1,968253;0,03224886;;;-3,801751;1,327178;3,383422
0,8333342;2,047550281;0,02075916;(-3.782684000, 1.322909000, 3.390435000);(-0.110426400, 1.642740000, 0.057185370);1,964412;0,04420841;;;-3,782684;1,322909;3,390435
0,8444453;2,041285568;0,006264713;(-3.779583000, 1.328147000, 3.391916000);(-0.110480300, 1.642570000, 0.057263250);1,958261;0,04992007;;;-3,779583;1,328147;3,391916
0,8555565;2,044537416;0,003251848;(-3.782558000, 1.328877000, 3.390826000);(-0.110537200, 1.642383000, 0.057262920);1,958784;0,04776666;;;-3,782558;1,328877;3,390826
0,8666676;2,056331376;0,01179396;(-3.793533000, 1.330232000, 3.386726000);(-0.110543900, 1.642316000, 0.057270310);1,962009;0,04005771;;;-3,793533;1,330232;3,386726
0,8777788;2,048707791;0,007623585;(-3.799929000, 1.333728000, 3.384492000);(-0.110624900, 1.642346000, 0.057390000);1,961399;0,038927;;;-3,799929;1,333728;3,384492
0,8888899;2,045101964;0,003605827;(-3.797068000, 1.335569000, 3.385687000);(-0.110522900, 1.642170000, 0.057368780);1,958498;0,04211951;;;-3,797068;1,335569;3,385687
0,900001;2,056001794;0,01089983;(-3.787996000, 1.330418000, 3.388845000);(-0.110497000, 1.642080000, 0.057415330);1,959563;0,0443235;;;-3,787996;1,330418;3,388845
0,9111122;2,066008534;0,01000674;(-3.780525000, 1.324242000, 3.391334000);(-0.110494100, 1.641994000, 0.057482530);1,962292;0,0468998;;;-3,780525;1,324242;3,391334
0,9222233;2,071470226;0,005461692;(-3.780538000, 1.318790000, 3.391016000);(-0.110418800, 1.641858000, 0.057581390);1,967396;0,04422928;;;-3,780538;1,31879;3,391016
0,9333345;2,077253281;0,005783055;(-3.784742000, 1.315252000, 3.389212000);(-0.110459400, 1.641803000, 0.057557610);1,972403;0,03861291;;;-3,784742;1,315252;3,389212
0,9444456;2,085876201;0,00862292;(-3.792773000, 1.314681000, 3.386122000);(-0.110443800, 1.641763000, 0.057523330);1,976202;0,03060114;;;-3,792773;1,314681;3,386122
0,9555568;2,087480773;0,001604572;(-3.794271000, 1.314634000, 3.385549000);(-0.110332300, 1.641665000, 0.057513500);1,976858;0,02917587;;;-3,794271;1,314634;3,385549
0,9666679;2,083180984;0,004299789;(-3.790287000, 1.313973000, 3.387028000);(-0.110248600, 1.641670000, 0.057576980);1,975849;0,03264702;;;-3,790287;1,313973;3,387028
0,977779;2,067190984;0,01599;(-3.776707000, 1.320346000, 3.392563000);(-0.110149300, 1.641531000, 0.057550510);1,964398;0,04863337;;;-3,776707;1,320346;3,392563
0,9888902;2,063423851;0,003767133;(-3.775128000, 1.323673000, 3.393355000);(-0.109925200, 1.641441000, 0.057527210);1,96065;0,0516668;;;-3,775128;1,323673;3,393355
1,000001;2,061192769;0,002231082;(-3.773619000, 1.325177000, 3.394016000);(-0.109832800, 1.641590000, 0.057595220);1,958637;0,05382127;;;-3,773619;1,325177;3,394016
1,011112;2,064504802;0,003312033;(-3.771905000, 1.322386000, 3.394508000);(-0.109748200, 1.641559000, 0.057672940);1,960564;0,05419473;;;-3,771905;1,322386;3,394508
