time;total distance traveled;distance to prev position;ray position;hmd position;distance to prev target;distance to current target
(-2.319932000, 1.956180000, 4.527524000);(-0.417817700, 1.623128000, 5.048140000);0,2666667;0,1444445
True

0;-0,01535817;0,01535817;(-2.352177000, 1.945253000, 4.517738000);(-0.086034920, 1.643821000, 0.070817190);0,03542495;2,031462;;;-2,352177;1,945253;4,517738
0,01111111;-0,006529026;0,008829144;(-2.360447000, 1.943375000, 4.515282000);(-0.086012070, 1.643653000, 0.070835310);0,04421926;2,039682;;;-2,360447;1,943375;4,515282
0,02222222;-0,000117674;0,006411352;(-2.363536000, 1.937885000, 4.514087000);(-0.086213170, 1.643697000, 0.070813220);0,04915924;2,042084;;;-2,363536;1,937885;4,514087
0,03333334;-0,004584484;0,00446681;(-2.360670000, 1.941161000, 4.515090000);(-0.086165500, 1.643690000, 0.070861060);0,04516398;2,039598;;;-2,36067;1,941161;4,51509
0,04444445;-0,009806341;0,005221857;(-2.358166000, 1.945639000, 4.516060000);(-0.086176860, 1.643811000, 0.070915950);0,04128387;2,037663;;;-2,358166;1,945639;4,51606
0,05555556;-0,021617321;0,01181098;(-2.353951000, 1.956520000, 4.517888000);(-0.086152300, 1.643859000, 0.070980650);0,03535889;2,034927;;;-2,353951;1,95652;4,517888
0,06666667;-0,010717041;0,01090028;(-2.355515000, 1.967306000, 4.518069000);(-0.086118120, 1.643904000, 0.071053040);0,03846213;2,038162;;;-2,355515;1,967306;4,518069
0,07777778;-0,005015839;0,005701202;(-2.359570000, 1.971205000, 4.517144000);(-0.086108850, 1.643952000, 0.071121980);0,04364249;2,042918;;;-2,35957;1,971205;4,517144
0,08888889;-0,008470338;0,003454499;(-2.358264000, 1.968013000, 4.517330000);(-0.086157160, 1.643999000, 0.071011620);0,04139203;2,041087;;;-2,358264;1,968013;4,51733
0,1;-0,016696743;0,008226405;(-2.352843000, 1.961940000, 4.518517000);(-0.086151990, 1.643996000, 0.071062400);0,03460468;2,034605;;;-2,352843;1,96194;4,518517
0,1111111;-0,020419885;0,003723142;(-2.351567000, 1.958446000, 4.518676000);(-0.086136420, 1.643984000, 0.071070920);0,03292776;2,032771;;;-2,351567;1,958446;4,518676
0,1222222;-0,014477292;0,005942593;(-2.355328000, 1.954039000, 4.517353000);(-0.086162400, 1.643973000, 0.070948910);0,03689098;2,035972;;;-2,355328;1,954039;4,517353
0,1333333;-0,004437492;0,0100398;(-2.364781000, 1.956255000, 4.514798000);(-0.086130680, 1.643971000, 0.070939200);0,04661986;2,045994;;;-2,364781;1,956255;4,514798
0,1444445;0,005225595;0,009663087;(-2.373786000, 1.958802000, 4.512390000);(-0.086132810, 1.643954000, 0.071023720);0,0560019;2,055606;;;-2,373786;1,958802;4,51239
0,1555556;0,008058409;0,002832814;(-2.376490000, 1.958490000, 4.511604000);(-0.086099130, 1.644008000, 0.071014090);0,05880145;2,058333;;;-2,37649;1,95849;4,511604
0,1666667;0,004018063;0,004040346;(-2.375736000, 1.954521000, 4.511588000);(-0.086078810, 1.644078000, 0.071003720);0,05805867;2,056976;;;-2,375736;1,954521;4,511588
0,1777778;-0,006575347;0,01059341;(-2.369847000, 1.945793000, 4.512753000);(-0.086064730, 1.644120000, 0.070990880);0,05308102;2,049675;;;-2,369847;1,945793;4,512753
0,1888889;-0,011660530;0,005085183;(-2.364960000, 1.945473000, 4.514122000);(-0.086737450, 1.644658000, 0.071545910);0,04818501;2,044613;;;-2,36496;1,945473;4,514122
0,2;-0,016835592;0,005175062;(-2.361493000, 1.949124000, 4.515318000);(-0.086709930, 1.644708000, 0.071606000);0,04388763;2,041579;;;-2,361493;1,949124;4,515318
0,2111111;-0,022759403;0,005923811;(-2.357546000, 1.953325000, 4.516682000);(-0.086951670, 1.644596000, 0.071682830);0,03924955;2,038142;;;-2,357546;1,953325;4,516682
0,2222222;-0,035085113;0,01232571;(-2.346146000, 1.949749000, 4.519711000);(-0.086909350, 1.644623000, 0.071782220);0,02809985;2,025924;;;-2,346146;1,949749;4,519711
0,2333333;-0,052406423;0,01732131;(-2.331835000, 1.940654000, 4.523246000);(-0.086852570, 1.644640000, 0.071911170);0,02002622;2,009924;;;-2,331835;1,940654;4,523246
0,2444444;-0,032879913;0,01952651;(-2.317513000, 1.927802000, 4.526566000);(-0.086442710, 1.644537000, 0.071644680);0,02849677;1,993416;;;-2,317513;1,927802;4,526566
0,2555556;-0,016368773;0,01651114;(-2.304996000, 1.917447000, 4.529519000);(-0.086360600, 1.644501000, 0.071667600);0,04156052;1,97915;;;-2,304996;1,917447;4,529519
0,2666667;0,000863437;0,01723221;(-2.290952000, 1.908074000, 4.532962000);(-0.086270210, 1.644425000, 0.071546960);0,05642306;1,963475;;;-2,290952;1,908074;4,532962
0,2777778;0,018663597;0,01780016;(-2.275313000, 1.900576000, 4.536966000);(-0.086131260, 1.644349000, 0.071522490);0,07191549;1,946424;;;-2,275313;1,900576;4,536966
0,2888889;0,033927647;0,01526405;(-2.262657000, 1.892638000, 4.540098000);(-0.086095820, 1.644103000, 0.071477310);0,08646438;1,932401;;;-2,262657;1,892638;4,540098
0,3;0,052272277;0,01834463;(-2.247149000, 1.883640000, 4.543979000);(-0.086291180, 1.644393000, 0.071642180);0,1040682;1,915332;;;-2,247149;1,88364;4,543979
0,3111111;0,082265337;0,02999306;(-2.219543000, 1.874467000, 4.551283000);(-0.086527710, 1.644533000, 0.071938320);0,1316031;1,885803;;;-2,219543;1,874467;4,551283
0,3222222;0,135048047;0,05278271;(-2.170943000, 1.858388000, 4.564147000);(-0.086449300, 1.644701000, 0.072289300);0,1819404;1,83386;;;-2,170943;1,858388;4,564147
0,3333333;0,190672747;0,0556247;(-2.119515000, 1.842178000, 4.577805000);(-0.086304310, 1.644903000, 0.072483380);0,2359906;1,779037;;;-2,119515;1,842178;4,577805
0,3444445;0,293909547;0,1032368;(-2.022353000, 1.819190000, 4.604052000);(-0.086126640, 1.645018000, 0.072882850);0,3364164;1,676361;;;-2,022353;1,81919;4,604052
0,3555556;0,369264357;0,07535481;(-1.951434000, 1.802399000, 4.623209000);(-0.086008640, 1.645067000, 0.073086400);0,4106025;1,601463;;;-1,951434;1,802399;4,623209
0,3666667;0,454636707;0,08537235;(-1.870367000, 1.787353000, 4.645348000);(-0.085774560, 1.645123000, 0.073315340);0,4944627;1,516282;;;-1,870367;1,787353;4,645348
0,3777778;0,538241527;0,08360482;(-1.790754000, 1.774125000, 4.667180000);(-0.085472390, 1.645166000, 0.073530270);0,5767809;1,432789;;;-1,790754;1,774125;4,66718
0,3888889;0,619028147;0,08078662;(-1.714392000, 1.757833000, 4.687911000);(-0.085194680, 1.645180000, 0.073687600);0,6570724;1,352411;;;-1,714392;1,757833;4,687911
0,4;0,702652267;0,08362412;(-1.635514000, 1.740085000, 4.709272000);(-0.084889290, 1.645219000, 0.073713620);0,7403762;1,269368;;;-1,635514;1,740085;4,709272
0,4111111;0,782769637;0,08011737;(-1.560395000, 1.720915000, 4.729483000);(-0.084610730, 1.645108000, 0.073864270);0,8203856;1,190205;;;-1,560395;1,720915;4,729483
0,4222222;0,864292677;0,08152304;(-1.485478000, 1.695586000, 4.749280000);(-0.084253700, 1.645121000, 0.074012090);0,9018853;1,111065;;;-1,485478;1,695586;4,74928
0,4333333;0,941948927;0,07765625;(-1.413828000, 1.672437000, 4.768276000);(-0.083911930, 1.645142000, 0.074259950);0,9795383;1,035757;;;-1,413828;1,672437;4,768276
0,4444444;1,012488207;0,07053928;(-1.348489000, 1.652326000, 4.785657000);(-0.083694980, 1.644959000, 0.074450270);1,050077;0,9674183;;;-1,348489;1,652326;4,785657
0,4555556;1,085434587;0,07294638;(-1.278981000, 1.641107000, 4.804737000);(-0.083268930, 1.644951000, 0.074711460);1,122362;0,8950816;;;-1,278981;1,641107;4,804737
0,4666667;1,160810267;0,07537568;(-1.206475000, 1.641381000, 4.825334000);(-0.083136190, 1.645187000, 0.075333070);1,194812;0,8197291;;;-1,206475;1,641381;4,825334
0,4777778;1,244443367;0,0836331;(-1.126021000, 1.641434000, 4.848174000);(-0.082700700, 1.645222000, 0.075640720);1,275658;0,7361205;;;-1,126021;1,641434;4,848174
0,4888889;1,324127317;0,07968395;(-1.049496000, 1.635378000, 4.869545000);(-0.082272400, 1.645229000, 0.075916900);1,354216;0,656554;;;-1,049496;1,635378;4,869545
0,5;1,402709367;0,07858205;(-0.973920500, 1.636337000, 4.891053000);(-0.081743260, 1.645205000, 0.076105190);1,430454;0,5780146;;;-0,9739205;1,636337;4,891053
0,5111111;1,454935517;0,05222615;(-0.923888000, 1.640335000, 4.905487000);(-0.081420730, 1.645194000, 0.076484640);1,480389;0,5260731;;;-0,923888;1,640335;4,905487
0,5222223;1,506464477;0,05152896;(-0.874311100, 1.639523000, 4.919512000);(-0.080979940, 1.645220000, 0.076593180);1,53093;0,4745524;;;-0,8743111;1,639523;4,919512
0,5333334;1,546455297;0,03999082;(-0.836138600, 1.633893000, 4.930021000);(-0.080448910, 1.645253000, 0.076897280);1,570832;0,4348105;;;-0,8361386;1,633893;4,930021
0,5444446;1,594307397;0,0478521;(-0.790795000, 1.624877000, 4.942370000);(-0.079942570, 1.645121000, 0.077351170);1,618678;0,3876884;;;-0,790795;1,624877;4,94237
0,5555557;1,637284097;0,0429767;(-0.751381800, 1.611259000, 4.952768000);(-0.079393370, 1.645115000, 0.077660280);1,661371;0,3471333;;;-0,7513818;1,611259;4,952768
0,5666668;1,684846527;0,04756243;(-0.706606700, 1.600722000, 4.964867000);(-0.079158950, 1.645168000, 0.078021960);1,708928;0,3013893;;;-0,7066067;1,600722;4,964867
0,577778;1,728737067;0,04389054;(-0.664520600, 1.596444000, 4.976564000);(-0.078638690, 1.645123000, 0.078341110);1,75255;0,2582583;;;-0,6645206;1,596444;4,976564
0,5888891;1,761356507;0,03261944;(-0.633241200, 1.598582000, 4.985568000);(-0.078105480, 1.645002000, 0.078629450);1,783986;0,2256658;;;-0,6332412;1,598582;4,985568
0,6000003;1,791395957;0,03003945;(-0.604582900, 1.601993000, 4.993900000);(-0.077621850, 1.644943000, 0.078867240);1,812561;0,1956267;;;-0,6045829;1,601993;4,9939
0,6111114;1,810210857;0,0188149;(-0.587026700, 1.606283000, 4.999132000);(-0.077129420, 1.644885000, 0.079153140);1,8297;0,1769665;;;-0,5870267;1,606283;4,999132
0,6222225;1,831548507;0,02133765;(-0.567755600, 1.613310000, 5.005010000);(-0.076649950, 1.644876000, 0.079466120);1,848154;0,1563264;;;-0,5677556;1,61331;5,00501
0,6333337;1,861113517;0,02956501;(-0.544289500, 1.629607000, 5.012616000);(-0.076152220, 1.644897000, 0.079791140);1,869457;0,1315258;;;-0,5442895;1,629607;5,012616
0,6444448;1,893604297;0,03249078;(-0.518064500, 1.646830000, 5.021058000);(-0.075629980, 1.644892000, 0.080108990);1,893673;0,106511;;;-0,5180645;1,64683;5,021058
0,655556;1,924238087;0,03063379;(-0.489461100, 1.653735000, 5.029578000);(-0.075132880, 1.644846000, 0.080398340);1,922018;0,08008787;;;-0,4894611;1,653735;5,029578
0,6666671;1,955766877;0,03152879;(-0.461018200, 1.642327000, 5.036990000);(-0.074755400, 1.644610000, 0.080551580);1,952849;0,04857162;;;-0,4610182;1,642327;5,03699
0,6777782;1,989572547;0,03380567;(-0.438062400, 1.618042000, 5.042098000);(-0.074282440, 1.644375000, 0.080600810);1,980039;0,02173046;;;-0,4380624;1,618042;5,042098
0,6888894;2,022481157;0,03290861;(-0.410712100, 1.601042000, 5.048876000);(-0.073829920, 1.644298000, 0.080794410);2,010734;0,02321238;;;-0,4107121;1,601042;5,048876
0,7000005;2,050297687;0,02781653;(-0.389358300, 1.583952000, 5.053946000);(-0.073290240, 1.644017000, 0.080838610);2,035384;0,04876883;;;-0,3893583;1,583952;5,053946
0,7111117;2,064052497;0,01375481;(-0.380447700, 1.573653000, 5.055879000);(-0.072892070, 1.643912000, 0.080988420);2,046236;0,06248305;;;-0,3804477;1,573653;5,055879
0,7222228;2,056726583;0,007325914;(-0.387065000, 1.576281000, 5.054153000);(-0.072499950, 1.643793000, 0.081158350);2,039028;0,05636082;;;-0,387065;1,576281;5,054153
0,7333339;2,047214042;0,009512541;(-0.395551500, 1.579975000, 5.051958000);(-0.072147180, 1.643714000, 0.081285190);2,029729;0,0487084;;;-0,3955515;1,579975;5,051958
0,7444451;2,057410762;0,01019672;(-0.393191900, 1.589817000, 5.053199000);(-0.071671980, 1.643705000, 0.081556510);2,030488;0,04173271;;;-0,3931919;1,589817;5,053199
0,7555562;2,041221872;0,01618889;(-0.394828800, 1.605917000, 5.053668000);(-0.071401720, 1.643664000, 0.081703830);2,026211;0,02924521;;;-0,3948288;1,605917;5,053668
0,7666674;2,033631464;0,007590408;(-0.396092600, 1.613401000, 5.053742000);(-0.071110340, 1.643611000, 0.081814750);2,023749;0,02445389;;;-0,3960926;1,613401;5,053742
0,7777785;2,031599422;0,002032042;(-0.396297400, 1.615421000, 5.053802000);(-0.070836130, 1.643607000, 0.081894350);2,023228;0,02354939;;;-0,3962974;1,615421;5,053802
0,7888896;2,035244495;0,003645073;(-0.393096500, 1.613882000, 5.054621000);(-0.070736390, 1.643557000, 0.081794810);2,026744;0,02717778;;;-0,3930965;1,613882;5,054621
0,8000008;2,044245215;0,00900072;(-0.386527400, 1.607919000, 5.056140000);(-0.070501820, 1.643508000, 0.081828490);2,034397;0,0356986;;;-0,3865274;1,607919;5,05614
0,8111119;2,063482325;0,01923711;(-0.371394900, 1.596613000, 5.059780000);(-0.070278480, 1.643479000, 0.081822110);2,051677;0,05471372;;;-0,3713949;1,596613;5,05978
0,8222231;2,075577025;0,0120947;(-0.360317600, 1.592734000, 5.062699000);(-0.070326210, 1.643597000, 0.081873160);2,063636;0,06664874;;;-0,3603176;1,592734;5,062699
0,8333342;2,081789083;0,006212058;(-0.354433100, 1.593723000, 5.064427000);(-0.070113690, 1.643571000, 0.081852630);2,069499;0,07174649;;;-0,3544331;1,593723;5,064427
0,8444453;2,066836533;0,01495255;(-0.359616300, 1.607733000, 5.063768000);(-0.069857050, 1.643707000, 0.081745400);2,061992;0,06219858;;;-0,3596163;1,607733;5,063768
0,8555565;2,053246073;0,01359046;(-0.369737600, 1.616488000, 5.061402000);(-0.069639530, 1.643760000, 0.081725110);2,050286;0,0503158;;;-0,3697376;1,616488;5,061402
0,8666676;2,049074042;0,004172031;(-0.373103300, 1.614274000, 5.060319000);(-0.069483300, 1.643605000, 0.081772280);2,047171;0,04718167;;;-0,3731033;1,614274;5,060319
0,8777788;2,040830528;0,008243514;(-0.379371300, 1.609334000, 5.058253000);(-0.069328410, 1.643627000, 0.081755090);2,041507;0,04207957;;;-0,3793713;1,609334;5,058253
0,8888899;2,031282280;0,009548248;(-0.388113100, 1.606548000, 5.055610000);(-0.069105970, 1.643585000, 0.081632150);2,032988;0,03482936;;;-0,3881131;1,606548;5,05561
0,900001;2,017288410;0,01399387;(-0.401552900, 1.607599000, 5.051856000);(-0.069105970, 1.643585000, 0.081632150);2,019062;0,02279277;;;-0,4015529;1,607599;5,051856
0,9111122;2,017288410;0;(-0.401552900, 1.607599000, 5.051856000);(-0.068873060, 1.643477000, 0.081483890);2,019062;0,02279277;;;-0,4015529;1,607599;5,051856
0,9222233;2,035667130;0,01837872;(-0.394487000, 1.624302000, 5.054831000);(-0.068792020, 1.643494000, 0.081475810);2,023742;0,0242996;;;-0,394487;1,624302;5,054831
0,9333345;2,028775894;0,006891236;(-0.398465500, 1.629871000, 5.054024000);(-0.068792020, 1.643494000, 0.081475810);2,018839;0,02132128;;;-0,3984655;1,629871;5,054024
0,9444456;2,028775894;0;(-0.398465500, 1.629871000, 5.054024000);(-0.068691920, 1.643488000, 0.081466090);2,018839;0,02132128;;;-0,3984655;1,629871;5,054024
0,9555568;2,025004890;0,003771004;(-0.400932400, 1.627151000, 5.053165000);(-0.068453130, 1.643482000, 0.081560980);2,01671;0,0180709;;;-0,4009324;1,627151;5,053165
0,9666679;2,033774159;0,008769269;(-0.399342000, 1.618527000, 5.053118000);(-0.068377350, 1.643500000, 0.081583630);2,019634;0,01968;;;-0,399342;1,618527;5,053118
0,977779;2,029422527;0,004351632;(-0.402811000, 1.616152000, 5.051995000);(-0.068302180, 1.643482000, 0.081585600);2,016443;0,01699208;;;-0,402811;1,616152;5,051995
0,9888902;2,018934897;0,01048763;(-0.412873800, 1.617088000, 5.049192000);(-0.068160920, 1.643383000, 0.081482600);2,005989;0,00787586;;;-0,4128738;1,617088;5,049192
1,000001;2,007330927;0,01160397;(-0.424038200, 1.617239000, 5.046032000);(-0.068254320, 1.643434000, 0.081377160);1,994529;0,008821074;;;-0,4240382;1,617239;5,046032
1,011112;2,000480847;0,00685008;(-0.426279700, 1.623707000, 5.045772000);(-0.068230150, 1.643401000, 0.081353440);1,99124;0,008806145;;;-0,4262797;1,623707;5,045772
1,022224;2,004150623;0,003669776;(-0.424937900, 1.627074000, 5.046347000);(-0.068190720, 1.643423000, 0.081361400);1,992107;0,008335437;;;-0,4249379;1,627074;5,046347
1,033335;2,008411368;0,004260745;(-0.421884800, 1.629862000, 5.047376000);(-0.068175880, 1.643445000, 0.081360090);1,994821;0,007904007;;;-0,4218848;1,629862;5,047376
1,044446;2,005021518;0,00338985;(-0.424490900, 1.631940000, 5.046756000);(-0.068222930, 1.643416000, 0.081321670);1,991841;0,01113951;;;-0,4244909;1,63194;5,046756
1,055557;1,999142906;0,005878612;(-0.427019600, 1.637231000, 5.046345000);(-0.068116440, 1.643453000, 0.081312370);1,988472;0,01693451;;;-0,4270196;1,637231;5,046345
